data/gray99/rasters/gray99_mass.asc
ncols 361
nrows 101
xllcorner -0.30642
yllcorner -0.50000
cellsize 0.0085
nodata_value -99999
[rows 68 to 84 of 101, columns 37 to 73 of 361]
4.350301750716793481e-01 4.370336551570366268e-01 4.386135126623734171e-01 4.397763785790176905e-01 4.405270273340351483e-01 4.408685210060014903e-01 4.408022438408353283e-01 4.403279291872297940e-01 4.394436540606470598e-01 4.381458010754835097e-01 4.364289997339982352e-01 4.342859756986082731e-01 4.317074022794578081e-01 4.286816806920639711e-01 4.251946923970139069e-01 4.212294190421073115e-01 4.167654728624562988e-01 4.117784882526792090e-01 4.062393272794595500e-01 4.001130289303080900e-01 3.933573734493168716e-01 3.859209816732199205e-01 3.777405781253517225e-01 3.687371371505440698e-01 3.588101299785980691e-01 3.478286866183724069e-01 3.356173451534160690e-01 3.219316712254442492e-01 3.064131900689918142e-01 2.884969868440884211e-01 0.000000000000000000e+00 0.000000000000000000e+00 0.000000000000000000e+00 0.000000000000000000e+00 0.000000000000000000e+00 0.000000000000000000e+00 0.000000000000000000e+00
4.312233690644984296e-01 4.333159966295589971e-01 4.349764664801454295e-01 4.362120483574834506e-01 4.370280235642348687e-01 4.374278027567972682e-01 4.374130534363719347e-01 4.369837152064515173e-01 4.361379911536336640e-01 4.348723099282051363e-01 4.331812493646540752e-01 4.310574353194150943e-01 4.284913418433050625e-01 4.254710746726311221e-01 4.219820642187965820e-01 4.180067097832561585e-01 4.135238717019984467e-01 4.085082122560115270e-01 4.029293371803044366e-01 3.967506538162134944e-01 3.899278392024940754e-01 3.824066795634169513e-01 3.741201215460128182e-01 3.649839110258565889e-01 3.548901114339017004e-01 3.436969894722679553e-01 3.312124112040283341e-01 3.171648199494962461e-01 3.011480409219258192e-01 2.825034000447063098e-01 0.000000000000000000e+00 0.000000000000000000e+00 0.000000000000000000e+00 0.000000000000000000e+00 0.000000000000000000e+00 0.000000000000000000e+00 0.000000000000000000e+00
4.270895278113689408e-01 4.292805345671906747e-01 4.310297729005987399e-01 4.323452064374307957e-01 4.332327186015535458e-01 4.336961972178792757e-01 4.337376309241582351e-01 4.333571783441459435e-01 4.325531907705189028e-01 4.313221544175648292e-01 4.296586126322045063e-01 4.275550422530588479e-01 4.250016893645319205e-01 4.219863179583978052e-01 4.184938790011070719e-01 4.145061095639187565e-01 4.100009893566610164e-01 4.049520602712725625e-01 3.993274762867392025e-01 3.930887548454659597e-01 3.861890787637262124e-01 3.785709508309507698e-01 3.701628149847085991e-01 3.608741738281477929e-01 3.505881651153103240e-01 3.391497431233412296e-01 3.263460079330113284e-01 3.118708410776386830e-01 2.952553085967344337e-01 0.000000000000000000e+00 0.000000000000000000e+00 0.000000000000000000e+00 0.000000000000000000e+00 0.000000000000000000e+00 0.000000000000000000e+00 0.000000000000000000e+00 0.000000000000000000e+00
4.226016253513460441e-01 4.249013872626993815e-01 4.267485439979489259e-01 4.281518711815466283e-01 4.291178892385352217e-01 4.296510436245002396e-01 4.297537469761488760e-01 4.294264545711186098e-01 4.286676594405925411e-01 4.274739132936258845e-01 4.258397237527994927e-01 4.237574203156377894e-01 4.212169680495273516e-01 4.182057180950304320e-01 4.147080801233199443e-01 4.107050308354391333e-01 4.061735737842439020e-01 4.010859286018958469e-01 3.954085542759373517e-01 3.891007564393433871e-01 3.821127943456569809e-01 3.743832372766308092e-01 3.658351735936463678e-01 3.563705789595212337e-01 3.458616237185488940e-01 3.341367667148779641e-01 3.209567497760172916e-01 3.059703864109148408e-01 2.886236820337991782e-01 0.000000000000000000e+00 0.000000000000000000e+00 0.000000000000000000e+00 0.000000000000000000e+00 0.000000000000000000e+00 0.000000000000000000e+00 0.000000000000000000e+00 0.000000000000000000e+00
4.177282165286597126e-01 4.201485583445793148e-01 4.221039857256544958e-01 4.236042533461333859e-01 4.246566611910085332e-01 4.252662375059942379e-01 4.254358861407985248e-01 4.251664209928824878e-01 4.244565740846251711e-01 4.233029687534694552e-01 4.217000521845187810e-01 4.196399878304630793e-01 4.171124334299763925e-01 4.141042679608253341e-01 4.105992260027533924e-01 4.065774368942293160e-01 4.020147368085231765e-01 3.968818495068904273e-01 3.911432502621574603e-01 3.847556128277219711e-01 3.776657218111915126e-01 3.698074463871888207e-01 3.610973722054984236e-01 3.514282359643949860e-01 3.406586629699090985e-01 3.285961433412611932e-01 3.149672576408293345e-01 2.993603915032951868e-01 0.000000000000000000e+00 0.000000000000000000e+00 0.000000000000000000e+00 0.000000000000000000e+00 0.000000000000000000e+00 0.000000000000000000e+00 0.000000000000000000e+00 0.000000000000000000e+00 0.000000000000000000e+00
4.124324307570157999e-01 4.149869719119049227e-01 4.170625427353371606e-01 4.186700604592080710e-01 4.198177613949232168e-01 4.205114083079244947e-01 4.207544380165690878e-01 4.205480554369132595e-01 4.198912804190099712e-01 4.187808596645192782e-01 4.172112269893790137e-01 4.151743251798249990e-01 4.126594491554370636e-01 4.096529373997284673e-01 4.061377639915665361e-01 4.020930080385892724e-01 3.974931580150969923e-01 3.923071728530139746e-01 3.864971641738186303e-01 3.800167253726534078e-01 3.728084418687750423e-01 3.648004717302946176e-01 3.559014291865688073e-01 3.459925642277864588e-01 3.349152755382889257e-01 3.224499979701734298e-01 3.082777357876939073e-01 2.919027980887247686e-01 0.000000000000000000e+00 0.000000000000000000e+00 0.000000000000000000e+00 0.000000000000000000e+00 0.000000000000000000e+00 0.000000000000000000e+00 0.000000000000000000e+00 0.000000000000000000e+00 0.000000000000000000e+00
4.066707245659422210e-01 4.093752884984644957e-01 4.115847409267607282e-01 4.133114125368461123e-01 4.145646293869084675e-01 4.153510364688388634e-01 4.156747422662659952e-01 4.155374247475843719e-01 4.149383751249658969e-01 4.138745066449915355e-01 4.123402314313369121e-01 4.103273050396724630e-01 4.078246202813892718e-01 4.048178494564083074e-01 4.012890729965741810e-01 3.972161601686470256e-01 3.925719801578588797e-01 3.873233435877005970e-01 3.814295902615748579e-01 3.748405358635013007e-01 3.674936938196651237e-01 3.593102246139026068e-01 3.501887611837849468e-01 3.399959785941764623e-01 3.285509871977934093e-01 3.155981471363888957e-01 3.007555078284095962e-01 0.000000000000000000e+00 0.000000000000000000e+00 0.000000000000000000e+00 0.000000000000000000e+00 0.000000000000000000e+00 0.000000000000000000e+00 0.000000000000000000e+00 0.000000000000000000e+00 0.000000000000000000e+00 0.000000000000000000e+00
4.003908480402860182e-01 4.032642780956627315e-01 4.056237745847771081e-01 4.074834476863979926e-01 4.088540445473023421e-01 4.097432641476889681e-01 4.101560006190927976e-01 4.100945183800999150e-01 4.095584824736107077e-01 4.085449492355690548e-01 4.070482893411461744e-01 4.050600569328164369e-01 4.025686620576948149e-01 3.995590717875887599e-01 3.960123005903743998e-01 3.919047472916749042e-01 3.872073531868801544e-01 3.818843647043922429e-01 3.758916742935879407e-01 3.691745061563226349e-01 3.616641176982971495e-01 3.532728219069277698e-01 3.438866204437215357e-01 3.333532579517665129e-01 3.214621102412071885e-01 3.079078337391953912e-01 0.000000000000000000e+00 0.000000000000000000e+00 0.000000000000000000e+00 0.000000000000000000e+00 0.000000000000000000e+00 0.000000000000000000e+00 0.000000000000000000e+00 0.000000000000000000e+00 0.000000000000000000e+00 0.000000000000000000e+00 0.000000000000000000e+00
3.935292181126303634e-01 3.965942835289406609e-01 3.991232703930475689e-01 4.011324807147674809e-01 4.026344288336106136e-01 4.036381753938976802e-01 4.041496551055882014e-01 4.041718215062624076e-01 4.037047814839870852e-01 4.027458094013842693e-01 4.012892435855539008e-01 3.993263162213575024e-01 3.968448977549827728e-01 3.938291000248895779e-01 3.902586679714020734e-01 3.861083027056179118e-01 3.813465807483090719e-01 3.759345908571117834e-01 3.698240071086206227e-01 3.629543087593473660e-01 3.552487707392156802e-01 3.466084662830866137e-01 3.369028499741771876e-01 3.259542879284954564e-01 3.135111849572535525e-01 0.000000000000000000e+00 0.000000000000000000e+00 0.000000000000000000e+00 0.000000000000000000e+00 0.000000000000000000e+00 0.000000000000000000e+00 0.000000000000000000e+00 0.000000000000000000e+00 0.000000000000000000e+00 0.000000000000000000e+00 0.000000000000000000e+00 0.000000000000000000e+00
3.860074980226179120e-01 3.892920478008882745e-01 3.920142110524583723e-01 3.941930638007627996e-01 3.958432567401214408e-01 3.969755660544282416e-01 3.975972277544658207e-01 3.977121347160053610e-01 3.973210052186159080e-01 3.964213557907984020e-01 3.950074885671729374e-01 3.930703042152655091e-01 3.905969822395954916e-01 3.875705359891408186e-01 3.839692179053302290e-01 3.797656035440925004e-01 3.749253900719030641e-01 3.694058021458725971e-01 3.631531743156054537e-01 3.560996606540614562e-01 3.481582598981399213e-01 3.392151604536280396e-01 3.291174752010795346e-01 3.176524241411210481e-01 0.000000000000000000e+00 0.000000000000000000e+00 0.000000000000000000e+00 0.000000000000000000e+00 0.000000000000000000e+00 0.000000000000000000e+00 0.000000000000000000e+00 0.000000000000000000e+00 0.000000000000000000e+00 0.000000000000000000e+00 0.000000000000000000e+00 0.000000000000000000e+00 0.000000000000000000e+00
3.777271905615053882e-01 3.812661580406405681e-01 3.842109051752868876e-01 3.865841332949843112e-01 3.884033153738607469e-01 3.896813652150706853e-01 3.904271168416459936e-01 3.906456782982292708e-01 3.903385377249648513e-01 3.895036184784080868e-01 3.881352437314497528e-01 3.862238782735606391e-01 3.837558658108694565e-01 3.807129078864471827e-01 3.770713186397265382e-01 3.728010059927339137e-01 3.678640901299218280e-01 3.622128075510317458e-01 3.557866804265077398e-01 3.485083505916412583e-01 3.402770916653869437e-01 3.309588180033859461e-01 3.203693129210388735e-01 0.000000000000000000e+00 0.000000000000000000e+00 0.000000000000000000e+00 0.000000000000000000e+00 0.000000000000000000e+00 0.000000000000000000e+00 0.000000000000000000e+00 0.000000000000000000e+00 0.000000000000000000e+00 0.000000000000000000e+00 0.000000000000000000e+00 0.000000000000000000e+00 0.000000000000000000e+00 0.000000000000000000e+00
3.685615813966154342e-01 3.723999116069663939e-01 3.756046922588825998e-01 3.782035401402497055e-01 3.802176354255892843e-01 3.816627335296815526e-01 3.825498050020697538e-01 3.828854450352817684e-01 3.826721252406308782e-01 3.819083295631536812e-01 3.805884050630345405e-01 3.787023812855132565e-01 3.762356147345914392e-01 3.731681177009370520e-01 3.694737734353998881e-01 3.651190968707522799e-01 3.600614710919721184e-01 3.542466513083387669e-01 3.476051602555604858e-01 3.400466872276307617e-01 3.314516070882544962e-01 3.216570356323101287e-01 0.000000000000000000e+00 0.000000000000000000e+00 0.000000000000000000e+00 0.000000000000000000e+00 0.000000000000000000e+00 0.000000000000000000e+00 0.000000000000000000e+00 0.000000000000000000e+00 0.000000000000000000e+00 0.000000000000000000e+00 0.000000000000000000e+00 0.000000000000000000e+00 0.000000000000000000e+00 0.000000000000000000e+00 0.000000000000000000e+00
3.583422245218861324e-01 3.625400424559512835e-01 3.660542316974077504e-01 3.689192972082425692e-01 3.711616487356500516e-01 3.728009630397725038e-01 3.738510562331152087e-01 3.743205601366251800e-01 3.742132917003559989e-01 3.735283835713367195e-01 3.722602520855749497e-01 3.703984122150950631e-01 3.679269222676990747e-01 3.648237150886629032e-01 3.610595738219732342e-01 3.565965131913726438e-01 3.513856445406822182e-01 3.453639485274150323e-01 3.384494092578386182e-01 3.305335271602467540e-01 3.214692524656503902e-01 0.000000000000000000e+00 0.000000000000000000e+00 0.000000000000000000e+00 0.000000000000000000e+00 0.000000000000000000e+00 0.000000000000000000e+00 0.000000000000000000e+00 0.000000000000000000e+00 0.000000000000000000e+00 0.000000000000000000e+00 0.000000000000000000e+00 0.000000000000000000e+00 0.000000000000000000e+00 0.000000000000000000e+00 0.000000000000000000e+00 0.000000000000000000e+00
3.468364405643786785e-01 3.514775516571460034e-01 3.553689972368687111e-01 3.585553561924416655e-01 3.610705789692485457e-01 3.629399130676487784e-01 3.641812874370111697e-01 3.648062490466348340e-01 3.648204652450732222e-01 3.642240268849966656e-01 3.630114943823798956e-01 3.611716066623897881e-01 3.586867468640954071e-01 3.555321076440177697e-01 3.516742354622477418e-01 3.470690952171202048e-01 3.416591919257551124e-01 3.353690847356103344e-01 3.280986466096716403e-01 0.000000000000000000e+00 0.000000000000000000e+00 0.000000000000000000e+00 0.000000000000000000e+00 0.000000000000000000e+00 0.000000000000000000e+00 0.000000000000000000e+00 0.000000000000000000e+00 0.000000000000000000e+00 0.000000000000000000e+00 0.000000000000000000e+00 0.000000000000000000e+00 0.000000000000000000e+00 0.000000000000000000e+00 0.000000000000000000e+00 0.000000000000000000e+00 0.000000000000000000e+00 0.000000000000000000e+00
3.337068366557757182e-01 3.389144454296990627e-01 3.432809788847239751e-01 3.468668780881634106e-01 3.497175029891830267e-01 3.518664284775693263e-01 3.533376748038254966e-01 3.541470427827072553e-01 3.543029925816268966e-01 3.538071455018105826e-01 3.526543294018041896e-01 3.508322908579901700e-01 3.483211246733214361e-01 3.450920791276691491e-01 3.411057736685044195e-01 3.363095518622898350e-01 3.306332628459176526e-01 0.000000000000000000e+00 0.000000000000000000e+00 0.000000000000000000e+00 0.000000000000000000e+00 0.000000000000000000e+00 0.000000000000000000e+00 0.000000000000000000e+00 0.000000000000000000e+00 0.000000000000000000e+00 0.000000000000000000e+00 0.000000000000000000e+00 0.000000000000000000e+00 0.000000000000000000e+00 0.000000000000000000e+00 0.000000000000000000e+00 0.000000000000000000e+00 0.000000000000000000e+00 0.000000000000000000e+00 0.000000000000000000e+00 0.000000000000000000e+00
0.000000000000000000e+00 0.000000000000000000e+00 0.000000000000000000e+00 0.000000000000000000e+00 3.367740495815336743e-01 3.392750369422845580e-01 3.410317971244977153e-01 3.420667347222583476e-01 3.423926750401757868e-01 3.420136183364523852e-01 3.409249376723259006e-01 3.391131728501531883e-01 3.365551541367074462e-01 0.000000000000000000e+00 0.000000000000000000e+00 0.000000000000000000e+00 0.000000000000000000e+00 0.000000000000000000e+00 0.000000000000000000e+00 0.000000000000000000e+00 0.000000000000000000e+00 0.000000000000000000e+00 0.000000000000000000e+00 0.000000000000000000e+00 0.000000000000000000e+00 0.000000000000000000e+00 0.000000000000000000e+00 0.000000000000000000e+00 0.000000000000000000e+00 0.000000000000000000e+00 0.000000000000000000e+00 0.000000000000000000e+00 0.000000000000000000e+00 0.000000000000000000e+00 0.000000000000000000e+00 0.000000000000000000e+00 0.000000000000000000e+00
0.000000000000000000e+00 0.000000000000000000e+00 0.000000000000000000e+00 0.000000000000000000e+00 0.000000000000000000e+00 0.000000000000000000e+00 0.000000000000000000e+00 0.000000000000000000e+00 0.000000000000000000e+00 0.000000000000000000e+00 0.000000000000000000e+00 0.000000000000000000e+00 0.000000000000000000e+00 0.000000000000000000e+00 0.000000000000000000e+00 0.000000000000000000e+00 0.000000000000000000e+00 0.000000000000000000e+00 0.000000000000000000e+00 0.000000000000000000e+00 0.000000000000000000e+00 0.000000000000000000e+00 0.000000000000000000e+00 0.000000000000000000e+00 0.000000000000000000e+00 0.000000000000000000e+00 0.000000000000000000e+00 0.000000000000000000e+00 0.000000000000000000e+00 0.000000000000000000e+00 0.000000000000000000e+00 0.000000000000000000e+00 0.000000000000000000e+00 0.000000000000000000e+00 0.000000000000000000e+00 0.000000000000000000e+00 0.000000000000000000e+00
