data/gray99/rasters/gray99_topography.asc
ncols 361
nrows 101
xllcorner -0.30642
yllcorner -0.50000
cellsize 0.0085
nodata_value -99999
[rows 68 to 84 of 101, columns 37 to 73 of 361]
1.270910533634315609e+00 1.263765817893259369e+00 1.256621102076687313e+00 1.249476384434228482e+00 1.242331665492788062e+00 1.235186945779275458e+00 1.228042225820596300e+00 1.220897506143658884e+00 1.213752787275369949e+00 1.206608069742636902e+00 1.199463354066165222e+00 1.192318638180796420e+00 1.185173920486961796e+00 1.178029201511569646e+00 1.170884481781526487e+00 1.163739761823740171e+00 1.156595042165117659e+00 1.149450323332566803e+00 1.142305605852994788e+00 1.135160890236518449e+00 1.128016174282927775e+00 1.120871456538294231e+00 1.113726737529525446e+00 1.106582017783528826e+00 1.099437297827211113e+00 1.092292578187480601e+00 1.085147859391243808e+00 1.078003141965407918e+00 1.070858426404337260e+00 1.063713710383100697e+00 1.056568992588244216e+00 1.049424273546675224e+00 1.042279553785301127e+00 1.035134833831028223e+00 1.027990114210764805e+00 1.020845395451418280e+00 1.013700678079895390e+00
1.273105990802486653e+00 1.265961272815245842e+00 1.258816556528049357e+00 1.251671841131658525e+00 1.244527123919434208e+00 1.237382405272713815e+00 1.230237685716815577e+00 1.223092965777056618e+00 1.215948245978756725e+00 1.208803526847234799e+00 1.201658808907809517e+00 1.194514092685799334e+00 1.187369377252142755e+00 1.180224659984088875e+00 1.173079941298907247e+00 1.165935221721918102e+00 1.158790501778438120e+00 1.151645781993788420e+00 1.144501062893286569e+00 1.137356345002251246e+00 1.130211628846000460e+00 1.123066913370504016e+00 1.115922196047193005e+00 1.108777477324125682e+00 1.101632757726619838e+00 1.094488037779994816e+00 1.087343318009569071e+00 1.080198598940660837e+00 1.073053881098589457e+00 1.065909165008672943e+00 1.058764449486759629e+00 1.051619732108766803e+00 1.044475013348387549e+00 1.037330293730940101e+00 1.030185573781743358e+00 1.023040854026115776e+00 1.015896134989375810e+00
1.275420123343654621e+00 1.268275403910189336e+00 1.261130685473054402e+00 1.253985968555977104e+00 1.246841253270598138e+00 1.239696536649352865e+00 1.232551818423126777e+00 1.225407099115643828e+00 1.218262379250631078e+00 1.211117659351815368e+00 1.203972939942921760e+00 1.196828221547677096e+00 1.189683504689806215e+00 1.182538789413332569e+00 1.175394072730645334e+00 1.168249354460293210e+00 1.161104635126003037e+00 1.153959915251500101e+00 1.146815195360511686e+00 1.139670475976763298e+00 1.132525757623980223e+00 1.125381040825889523e+00 1.118236325553758181e+00 1.111091608810201192e+00 1.103946890496296351e+00 1.096802171135771831e+00 1.089657451252351583e+00 1.082512731369763337e+00 1.075368012011731489e+00 1.068223293701982879e+00 1.061078576964244125e+00 1.053933861691894514e+00 1.046789144888040202e+00 1.039644426531155741e+00 1.032499707144968637e+00 1.025354987253203731e+00 1.018210267379587197e+00
1.277852930220097161e+00 1.270708210276902284e+00 1.263563490594857619e+00 1.256418771696094616e+00 1.249274054102743614e+00 1.242129338336284583e+00 1.234984622501033025e+00 1.227839904855670961e+00 1.220695185922328729e+00 1.213550466223139113e+00 1.206405746280232449e+00 1.199261026615741743e+00 1.192116307751795556e+00 1.184971590210527559e+00 1.177826874508271615e+00 1.170682158604819501e+00 1.163537440908521958e+00 1.156392721941509771e+00 1.149248002225915055e+00 1.142103282283867705e+00 1.134958562637499835e+00 1.127813843808943117e+00 1.120669126320327669e+00 1.113524410677726451e+00 1.106379694706646211e+00 1.099234976959984511e+00 1.092090257959873245e+00 1.084945538228442974e+00 1.077800818287825813e+00 1.070656098660152100e+00 1.063511379867555062e+00 1.056366662432163706e+00 1.049221946844669739e+00 1.042077230806531363e+00 1.034932513010076605e+00 1.027787793977436026e+00 1.020643074230742187e+00
1.280404410012901728e+00 1.273259690637755126e+00 1.266114970757445057e+00 1.258970250892507137e+00 1.251825531563477867e+00 1.244680813290895305e+00 1.237536096595293955e+00 1.230391381301300546e+00 1.223246664438642606e+00 1.216101946046960425e+00 1.208957226646788730e+00 1.201812506758665799e+00 1.194667786903126583e+00 1.187523067600708915e+00 1.180378349371948632e+00 1.173233632737382015e+00 1.166088917434804362e+00 1.158944200513266853e+00 1.151799482079916448e+00 1.144654762655289204e+00 1.137510042759922069e+00 1.130365322914351323e+00 1.123220603639113246e+00 1.116075885454745009e+00 1.108931168881782447e+00 1.101786453566086843e+00 1.094641736586238645e+00 1.087497018111789115e+00 1.080352298663275423e+00 1.073207578761232517e+00 1.066062858926198897e+00 1.058918139678710180e+00 1.051773421539303088e+00 1.044628705028513460e+00 1.037483989695165532e+00 1.030339272657575522e+00 1.023194554142596635e+00
1.283074560876958259e+00 1.275929843294367982e+00 1.268785124409489651e+00 1.261640404741266597e+00 1.254495684808642597e+00 1.247350965130560541e+00 1.240206246225964870e+00 1.233061528613799140e+00 1.225916812812890111e+00 1.218772096983015807e+00 1.211627379349068168e+00 1.204482660429992524e+00 1.197337940744730655e+00 1.190193220812227448e+00 1.183048501151425791e+00 1.175903782281269017e+00 1.168759064720701568e+00 1.161614348984923994e+00 1.154469633087100267e+00 1.147324915402363699e+00 1.140180196449656957e+00 1.133035476747924930e+00 1.125890756816109173e+00 1.118746037173154795e+00 1.111601318338005129e+00 1.104456600829603286e+00 1.097311885154437672e+00 1.090167169189232288e+00 1.083022451454272783e+00 1.075877732468502712e+00 1.068733012750866074e+00 1.061588292820306423e+00 1.054443573195767314e+00 1.047298854396191192e+00 1.040154136940522500e+00 1.033009421321448462e+00 1.025864705289428302e+00
1.285863381425064844e+00 1.278718666080873589e+00 1.271573949537547987e+00 1.264429231381664520e+00 1.257284512130578014e+00 1.250139792301642405e+00 1.242995072412211632e+00 1.235850352979640521e+00 1.228705634521282786e+00 1.221560917554493475e+00 1.214416202226238140e+00 1.207271485621321805e+00 1.200126767420954588e+00 1.192982048142489981e+00 1.185837328303284366e+00 1.178692608420689014e+00 1.171547889012060084e+00 1.164403170594751735e+00 1.157258453686118349e+00 1.150113738369293426e+00 1.142969021703351906e+00 1.135824303459066043e+00 1.128679584153789550e+00 1.121534864304877255e+00 1.114390144429683760e+00 1.107245425045563669e+00 1.100100706669870476e+00 1.092955989819959228e+00 1.085811274510057434e+00 1.078666557783655833e+00 1.071521839496015982e+00 1.064377120164493817e+00 1.057232400306442388e+00 1.050087680439216076e+00 1.042942961080169928e+00 1.035798242746657438e+00 1.028653525956032766e+00
1.288770878357609950e+00 1.281626160279644822e+00 1.274481443838823891e+00 1.267336728447721717e+00 1.260192011321642935e+00 1.253047292755136599e+00 1.245902573263975244e+00 1.238757853363928740e+00 1.231613133570767626e+00 1.224468414400263550e+00 1.217323696368186825e+00 1.210178979990308434e+00 1.203034264571049450e+00 1.195889547389096030e+00 1.188744828783770524e+00 1.181600109270843690e+00 1.174455389366085845e+00 1.167310669585268412e+00 1.160165950444161709e+00 1.153021232458537382e+00 1.145876516144165969e+00 1.138731800692257101e+00 1.131587083454993481e+00 1.124442364811411910e+00 1.117297645277283591e+00 1.110152925368378840e+00 1.103008205600469083e+00 1.095863486489324190e+00 1.088718768550715810e+00 1.081574052300414479e+00 1.074429336811362434e+00 1.067284619519353051e+00 1.060139900838079630e+00 1.052995181283313819e+00 1.045850461370826157e+00 1.038705741616387179e+00 1.031561022535768091e+00
1.291797051940652086e+00 1.284652332246047468e+00 1.277507613286708033e+00 1.270362895576828688e+00 1.263218179630604343e+00 1.256073463897073417e+00 1.248928746351442021e+00 1.241784027501298349e+00 1.234639307860835977e+00 1.227494587944251148e+00 1.220349868265738547e+00 1.213205149339493971e+00 1.206060431679711442e+00 1.198915715800585646e+00 1.191771000004339109e+00 1.184626282407352793e+00 1.177481563522855712e+00 1.170336843865043885e+00 1.163192123948110890e+00 1.156047404286252966e+00 1.148902685393664802e+00 1.141757967784541083e+00 1.134613251972711012e+00 1.127468536109634822e+00 1.120323818461855581e+00 1.113179099543568862e+00 1.106034379868968687e+00 1.098889659952250186e+00 1.091744940307608713e+00 1.084600221449239177e+00 1.077455503891336042e+00 1.070310788143287839e+00 1.063166072212978985e+00 1.056021354514969701e+00 1.048876635563454229e+00 1.041731915872627923e+00 1.034587195956685912e+00
1.294941899656710360e+00 1.287797179944666359e+00 1.280652460036438622e+00 1.273507740444655090e+00 1.266363021681945256e+00 1.259218304260937060e+00 1.252073588653094927e+00 1.244928872539842635e+00 1.237784154709470563e+00 1.230639435674606874e+00 1.223494715947881284e+00 1.216349996041921955e+00 1.209205276469357715e+00 1.202060557742816949e+00 1.194915840374929372e+00 1.187771124814303025e+00 1.180626408636077596e+00 1.173481690757682605e+00 1.166336971691747104e+00 1.159192251950899921e+00 1.152047532047769884e+00 1.144902812494985156e+00 1.137758093805174564e+00 1.130613376490966493e+00 1.123468660973091948e+00 1.116323944730453599e+00 1.109179226804597462e+00 1.102034507708150146e+00 1.094889787953741811e+00 1.087745068054000841e+00 1.080600348521555842e+00 1.073455629869035866e+00 1.066310912609069073e+00 1.059166197129479459e+00 1.052021480822989741e+00 1.044876762850231122e+00 1.037732043723833097e+00
1.298205418358177488e+00 1.291060700403424688e+00 1.283915981291733344e+00 1.276771261534177304e+00 1.269626541641830197e+00 1.262481822125766762e+00 1.255337103497060847e+00 1.248192386266786302e+00 1.241047670799587888e+00 1.233902954449523248e+00 1.226758236448345141e+00 1.219613517307127193e+00 1.212468797536944143e+00 1.205324077648869174e+00 1.198179358153976803e+00 1.191034639563341546e+00 1.183889922388035920e+00 1.176745206951893774e+00 1.169600490539062898e+00 1.162455772492018813e+00 1.155311053321833592e+00 1.148166333539582418e+00 1.141021613656338474e+00 1.133876894183176054e+00 1.126732175631168786e+00 1.119587458511391409e+00 1.112442743101854203e+00 1.105298026626817531e+00 1.098153308534465467e+00 1.091008589335871193e+00 1.083863869542109892e+00 1.076719149664255415e+00 1.069574430213381833e+00 1.062429711700562551e+00 1.055284994636872087e+00 1.048140279249487605e+00 1.040995562712802469e+00
1.301587605428369265e+00 1.294442889969817045e+00 1.287298173580947225e+00 1.280153455554858599e+00 1.273008736401081809e+00 1.265864016629151045e+00 1.258719296748598948e+00 1.251574577268958599e+00 1.244429858699760860e+00 1.237285141550538814e+00 1.230140426120601260e+00 1.222995709669450148e+00 1.215850991597928088e+00 1.208706272415566607e+00 1.201561552631899010e+00 1.194416832756457714e+00 1.187272113298775578e+00 1.180127394768384796e+00 1.172982677674818230e+00 1.165837962269057115e+00 1.158693245756181822e+00 1.151548527639783215e+00 1.144403808429393488e+00 1.137259088634546167e+00 1.130114368764772781e+00 1.122969649329606412e+00 1.115824930838580586e+00 1.108680213801226833e+00 1.101535498415203040e+00 1.094390781841160232e+00 1.087246063680441965e+00 1.080101344442581102e+00 1.072956624637110723e+00 1.065811904773562802e+00 1.058667185361469976e+00 1.051522466910364884e+00 1.044377749929780386e+00
1.305088469836144238e+00 1.297943751209524654e+00 1.290799033972767740e+00 1.283654318488727686e+00 1.276509602128120591e+00 1.269364884126134685e+00 1.262220164990775162e+00 1.255075445230050324e+00 1.247930725351966252e+00 1.240786005864528363e+00 1.233641287275744292e+00 1.226496570093620786e+00 1.219351854640496891e+00 1.212207138217495928e+00 1.205062420169912274e+00 1.197917701005754454e+00 1.190772981233027661e+00 1.183628261359738421e+00 1.176483541893894591e+00 1.169338823343502032e+00 1.162194106216567491e+00 1.155049390789935293e+00 1.147904674305094685e+00 1.140759956212469950e+00 1.133615237020067390e+00 1.126470517235894420e+00 1.119325797367957120e+00 1.112181077924262018e+00 1.105036359412816527e+00 1.097891642341626284e+00 1.090746926937059991e+00 1.083602210390935294e+00 1.076457492253824144e+00 1.069312773033733510e+00 1.062168053238669696e+00 1.055023333376639227e+00 1.047878613955648630e+00
1.308708011331669141e+00 1.301563291445872572e+00 1.294418571889133451e+00 1.287273853167949733e+00 1.280129135788820038e+00 1.272984420195510280e+00 1.265839703994253496e+00 1.258694986112811165e+00 1.251550267057680799e+00 1.244405547335359685e+00 1.237260827452346446e+00 1.230116107915139034e+00 1.222971389230234518e+00 1.215826671904131517e+00 1.208681956353154119e+00 1.201537240088243585e+00 1.194392522159895220e+00 1.187247803074605645e+00 1.180103083338874370e+00 1.172958363459198461e+00 1.165813643942076094e+00 1.158668925294004559e+00 1.151524208021482698e+00 1.144379492508424967e+00 1.137234776180414020e+00 1.130090058205713177e+00 1.122945339090820394e+00 1.115800619342232514e+00 1.108655899466447714e+00 1.101511179969963727e+00 1.094366461359279175e+00 1.087221744140891122e+00 1.080077028661341032e+00 1.072932312270784339e+00 1.065787594250285464e+00 1.058642875106341474e+00 1.051498155345450769e+00
1.312446225439096947e+00 1.305301506567599468e+00 1.298156786936078166e+00 1.291012067049543521e+00 1.283867347413002458e+00 1.276722628531463011e+00 1.269577910909934104e+00 1.262433195053120460e+00 1.255288479150091119e+00 1.248143761493721637e+00 1.240999042589019163e+00 1.233854322940993065e+00 1.226709603054650932e+00 1.219564883435002134e+00 1.212420164587052263e+00 1.205275447015812018e+00 1.198130731221779266e+00 1.190986015252700536e+00 1.183841297546980309e+00 1.176696578609625732e+00 1.169551858945646616e+00 1.162407139060050110e+00 1.155262419457844691e+00 1.148117700644038397e+00 1.140972983123637929e+00 1.133828267387986477e+00 1.126683551353411028e+00 1.119538833598892724e+00 1.112394114629439601e+00 1.105249394950059028e+00 1.098104675065759706e+00 1.090959955481549448e+00 1.083815236702436957e+00 1.076670519233430046e+00 1.069525803551761189e+00 1.062381087452241246e+00 1.055236369649477091e+00
1.316303106938128353e+00 1.309158391422097445e+00 1.302013674163877033e+00 1.294868955531993659e+00 1.287724236029985869e+00 1.280579516161393983e+00 1.273434796429756766e+00 1.266290077338613873e+00 1.259145359391505403e+00 1.252000643091970122e+00 1.244855927539860074e+00 1.237711210228168657e+00 1.230566491559463627e+00 1.223421772037285082e+00 1.216277052165172678e+00 1.209132332446664071e+00 1.201987613385300246e+00 1.194842895484620193e+00 1.187698179248163122e+00 1.180553463655588331e+00 1.173408746290976357e+00 1.166264027586001450e+00 1.159119308044202379e+00 1.151974588169118574e+00 1.144829868464289691e+00 1.137685149433254939e+00 1.130540431579554195e+00 1.123395715406726669e+00 1.116250999769301089e+00 1.109106282352319006e+00 1.101961563611623784e+00 1.094816844050754856e+00 1.087672124173250543e+00 1.080527404482652054e+00 1.073382685482497489e+00 1.066237967676326059e+00 1.059093251567677862e+00
1.320278663602081348e+00 1.313133945228984967e+00 1.305989228335794561e+00 1.298844512939935081e+00 1.291699796172654846e+00 1.284555077889322661e+00 1.277410358592032669e+00 1.270265638782877238e+00 1.263120918963950956e+00 1.255976199637347079e+00 1.248831481305157975e+00 1.241686764469477566e+00 1.234542049076192027e+00 1.227397332250755868e+00 1.220252613925870255e+00 1.213107894603627779e+00 1.205963174786123693e+00 1.198818454975449699e+00 1.191673735673699275e+00 1.184529017382966787e+00 1.177384300605345491e+00 1.170239585210261168e+00 1.163094868327217535e+00 1.155950149961326723e+00 1.148805430614681988e+00 1.141660710789376587e+00 1.134515990987503775e+00 1.127371271711157918e+00 1.120226553462431163e+00 1.113081836743417430e+00 1.105937121342159823e+00 1.098792404402057832e+00 1.091647685995710493e+00 1.084502966625212173e+00 1.077358246792655239e+00 1.070213527000133169e+00 1.063068807749739664e+00
