data/gray99/rasters/gray99_topography.asc
ncols 361
nrows 101
xllcorner -0.30642
yllcorner -0.50000
cellsize 0.0085
nodata_value -99999
[rows 0 to 16 of 101, columns 185 to 221 of 361]
3.426088912077188686e-01 3.354641740074794098e-01 3.283194550708089521e-01 3.211747350992167349e-01 3.140300147640009976e-01 3.068852947078085647e-01 2.997405755465830657e-01 2.925958578698907298e-01 2.854511422435209167e-01 2.783064271222385755e-01 2.711617089762413113e-01 2.640169947155610042e-01 2.568722521720441798e-01 2.497276292239933027e-01 2.425825421941161797e-01 2.354390207991052808e-01 2.282913514800894994e-01 2.211559315357687627e-01 2.136769436584384785e-01 2.054649700013711222e-01 1.965783886223871346e-01 1.870940291420736257e-01 1.771290916048904873e-01 1.668241578154509297e-01 1.563326616324649254e-01 1.458018713731107641e-01 1.353635544312739580e-01 1.251243153032399746e-01 1.151724270962480867e-01 1.055635364905711526e-01 9.634344787966317436e-02 8.754140097244909879e-02 7.917028373180914902e-02 7.123791845944298096e-02 6.374732017262883799e-02 5.669709437099677146e-02 5.008316838445115576e-02
3.367345560609353861e-01 3.295898358226707625e-01 3.224451160557403884e-01 3.153003973789239578e-01 3.081556804117385195e-01 3.010109655554403796e-01 2.938662495344615544e-01 2.867215315394623376e-01 2.795768120977492055e-01 2.724320923476777900e-01 2.652873706292504519e-01 2.581426563958214571e-01 2.509979203766646294e-01 2.438532414097126511e-01 2.367085534650774925e-01 2.295628726662013730e-01 2.224256658797595376e-01 2.152434279783558280e-01 2.075738885275868473e-01 1.992456760197465759e-01 1.903314327762145042e-01 1.809171931359737640e-01 1.711164525358555566e-01 1.610600814877441167e-01 1.508826650342899034e-01 1.407117450489665245e-01 1.306583549171542458e-01 1.208144181217507690e-01 1.112507946807222980e-01 1.020199207056773083e-01 9.315874796761157428e-02 8.469144770588905857e-02 7.663250880771685369e-02 6.898964880429261926e-02 6.176557546728982800e-02 5.495958520860883684e-02 4.856878023042267983e-02
3.309788937445476420e-01 3.238341769088992073e-01 3.166894611733644949e-01 3.095447440330776345e-01 3.024000256111054052e-01 2.952553063519147147e-01 2.881105866998963094e-01 2.809658671199867785e-01 2.738211479243020108e-01 2.666764300152862921e-01 2.595317128123947881e-01 2.523869954962700279e-01 2.452422995622141610e-01 2.380974377115531448e-01 2.309534816566747861e-01 2.238052599436537726e-01 2.166769577178251638e-01 2.094056127780997700e-01 2.015736084862500277e-01 1.931753010629337075e-01 1.842756945681970904e-01 1.749641413993080485e-01 1.653490449981160904e-01 1.555487909646460776e-01 1.456818490111488340e-01 1.358573871863967553e-01 1.261702590040492955e-01 1.166982141065523448e-01 1.075014021080827609e-01 9.862505416256013568e-02 9.010124137177756565e-02 8.195118054131428353e-02 7.418827090217813836e-02 6.681996320453602312e-02 5.984934372532419583e-02 5.327647785255405777e-02 4.709944438252814530e-02
3.253419130144373228e-01 3.181971942880921222e-01 3.110524747485387542e-01 3.039077548928487693e-01 2.967630352180946618e-01 2.896183162216101059e-01 2.824735984002941791e-01 2.753288822521107737e-01 2.681841665876369962e-01 2.610394486668992098e-01 2.538947327015771971e-01 2.467499988964216018e-01 2.396053426357502569e-01 2.324603710748800178e-01 2.253165173399888643e-01 2.181695331730458820e-01 2.110349493494690365e-01 2.036406024102377366e-01 1.956970850080075597e-01 1.872678861651290994e-01 1.784178962006059965e-01 1.692349007827080865e-01 1.598199303960343709e-01 1.502792808085620657e-01 1.407162147307358391e-01 1.312245323310078093e-01 1.218852801171813049e-01 1.127641708960035877e-01 1.039129551545639879e-01 9.537059296267809405e-02 8.716487440186483637e-02 7.931472461426558596e-02 7.183246487351252485e-02 6.472521981903181509e-02 5.799632205046007655e-02 5.164643788001367641e-02 4.567444534976741050e-02
3.198235966397180996e-01 3.126788770867391931e-01 3.055341582814068424e-01 2.983894407077375965e-01 2.912447248416192291e-01 2.841000087475346048e-01 2.769552910019884573e-01 2.698105720250648099e-01 2.626658526815284223e-01 2.555211317366646306e-01 2.483764165559933790e-01 2.412316833106563085e-01 2.340870016978665591e-01 2.269422730045757286e-01 2.197969358969409093e-01 2.126577721585506398e-01 2.054914239960247690e-01 1.979673221388775772e-01 1.899582363046808109e-01 1.815333993247197075e-01 1.727615820973561478e-01 1.637266530885432003e-01 1.545213643660639513e-01 1.452402009001890759e-01 1.359727781241207578e-01 1.268000196179973060e-01 1.177907817221535841e-01 1.090013095347813904e-01 1.004760994843706540e-01 9.224874795668103200e-02 8.434343853647352507e-02 7.677721321261908594e-02 6.956131171958590542e-02 6.270251184898859020e-02 5.620429630692908712e-02 5.006779685493580739e-02 4.429254034705736032e-02
3.144239562630275486e-01 3.072792405876089705e-01 3.001345243025769771e-01 2.929898063994956225e-01 2.858450873673432646e-01 2.787003676949287856e-01 2.715556478878584645e-01 2.644109283223300411e-01 2.572662099138353087e-01 2.501214919913667956e-01 2.429767762745818627e-01 2.358320721987433588e-01 2.286872550649244329e-01 2.215431088919107561e-01 2.143956101563052330e-01 2.072646784195928682e-01 2.000398407708791904e-01 1.924083874960338669e-01 1.843684521673496224e-01 1.759783318587541112e-01 1.673075293567395649e-01 1.584350302601606753e-01 1.494449336499990844e-01 1.404203969792752194e-01 1.314394804573015552e-01 1.225716215694574035e-01 1.138755659297947948e-01 1.053997381774835068e-01 9.718239191651426023e-02 8.925245981834890874e-02 8.163131158891696881e-02 7.433418333452927740e-02 6.737132619356307750e-02 6.074915733587731015e-02 5.447123050413523598e-02 4.853902928254272275e-02 4.295260159683470663e-02
3.091429951789318453e-01 3.019982761081766998e-01 2.948535564183970559e-01 2.877088365984989404e-01 2.805641171376389020e-01 2.734193985245401137e-01 2.662746812555094600e-01 2.591299656682576891e-01 2.519852490152104663e-01 2.448405327659354258e-01 2.376958036149074138e-01 2.305511326030294517e-01 2.234062045319835377e-01 2.162622729932679455e-01 2.091150607322215804e-01 2.019831054706593687e-01 1.946800358128168151e-01 1.869790890888539392e-01 1.789368285167166339e-01 1.706063662413139781e-01 1.620545079849413928e-01 1.533545465181456735e-01 1.445817535647827001e-01 1.358093479052692731e-01 1.271050334926946135e-01 1.185282043826313553e-01 1.101295000010352604e-01 1.019505093382391536e-01 9.402410337369999926e-02 8.637541955841805674e-02 7.902336940969030554e-02 7.198154707693495136e-02 6.525929764268184607e-02 5.886266961277628745e-02 5.279522376131322303e-02 4.705870063206476356e-02 4.165356066406328273e-02
3.039806988170185575e-01 2.968359793376499911e-01 2.896912606963669701e-01 2.825465433834726259e-01 2.754018277771050904e-01 2.682571114020614322e-01 2.611123933969621835e-01 2.539676744953690002e-01 2.468229539568675135e-01 2.396782377222810845e-01 2.325335046506843695e-01 2.253888298999779938e-01 2.182440127967014420e-01 2.110992563258093924e-01 2.039569857325435887e-01 1.968087776553003043e-01 1.894232546975917197e-01 1.816888988644003999e-01 1.736696418052148805e-01 1.654190428586322370e-01 1.569998063897275475e-01 1.484787984229637425e-01 1.399231305871147801e-01 1.313970167748403084e-01 1.229588023638518574e-01 1.146597322524811335e-01 1.065433796260221999e-01 9.864547614155484700e-02 9.099428832067255057e-02 8.361188873112948561e-02 7.651493088781685659e-02 6.971555211602385727e-02 6.322226412078335578e-02 5.704074305586764870e-02 5.117450491076899061e-02 4.562546797344464722e-02 4.039441298236363942e-02
2.989370788004399038e-01 2.917923630832557347e-01 2.846476468846613206e-01 2.775029290396868187e-01 2.703582100395914845e-01 2.632134903869715048e-01 2.560687704876614124e-01 2.489240512138574668e-01 2.417793317313366719e-01 2.346346161785362872e-01 2.274899004066028296e-01 2.203451472548489942e-01 2.132007346821171989e-01 2.060542391072009150e-01 1.989192700545892589e-01 1.917387813340368508e-01 1.842854301555419128e-01 1.765450249997406462e-01 1.685707465477850886e-01 1.604161786472508011e-01 1.521394834163783405e-01 1.438010837575685319e-01 1.354605353564409531e-01 1.271737384879842725e-01 1.189911478411761203e-01 1.109570209189126300e-01 1.031088217626718873e-01 9.547717254981928636e-02 8.808667702683210810e-02 8.095663161422111953e-02 7.410170851619181376e-02 6.753274614875098836e-02 6.125748716974328129e-02 5.528123520102815741e-02 4.960741976025835609e-02 4.423807081783938389e-02 3.917421109435408749e-02
2.940121380424540187e-01 2.868674191939036278e-01 2.797226996005655053e-01 2.725779797552621564e-01 2.654332601503552325e-01 2.582885412905225331e-01 2.511438236063743279e-01 2.439991077030456423e-01 2.368543922739019258e-01 2.297096698538925175e-01 2.225649798449149952e-01 2.154201152311544243e-01 2.082760348364673664e-01 2.011288297219370191e-01 1.939972603566830767e-01 1.867736189227693078e-01 1.792783916164966407e-01 1.715532054617653623e-01 1.636420785058123606e-01 1.555961397969649329e-01 1.474688839161191478e-01 1.393145585130955155e-01 1.311855863256559673e-01 1.231305349883031475e-01 1.151931857185864855e-01 1.074116589487722900e-01 9.981808524648798364e-02 9.243890840743353154e-02 8.529555100631791564e-02 7.840485971632246698e-02 7.177976659780728463e-02 6.542994666301452100e-02 5.936243078482379698e-02 5.358215262932149864e-02 4.809242194605062998e-02 4.289532541357938406e-02 3.799206128810096728e-02
2.892058624795316168e-01 2.820611427719141862e-01 2.749164236857358778e-01 2.677717057149936464e-01 2.606269893531593662e-01 2.534822737568571682e-01 2.463375565216386343e-01 2.391928374212712871e-01 2.320481202816383204e-01 2.249033898000587506e-01 2.177587129683830613e-01 2.106138435431840483e-01 2.034695447344830321e-01 1.963243231210951845e-01 1.891884684102848047e-01 1.819182828982914557e-01 1.744091635321023959e-01 1.667174167854990341e-01 1.588840212399008633e-01 1.509562661744265621e-01 1.429829261427251474e-01 1.350122860510494793e-01 1.270902174413993668e-01 1.192590808861467427e-01 1.115567093886151023e-01 1.040158727698992230e-01 9.666417580954471400e-02 8.952458379689502699e-02 8.261568210485271957e-02 7.595218354059918298e-02 6.954548477180444443e-02 6.340421432876147678e-02 5.753474256786428320e-02 5.194163694027395528e-02 4.662806112144950860e-02 4.159611656351857450e-02 3.684711953689016189e-02
2.845182612331734751e-01 2.773735443434086623e-01 2.702288289099053498e-01 2.630841121002543415e-01 2.559393938061698126e-01 2.487946744767248752e-01 2.416499548658362362e-01 2.345052343446360210e-01 2.273605177024369539e-01 2.202157912965650999e-01 2.130710897983493501e-01 2.059264094219721841e-01 1.987810903796116968e-01 1.916408868194467152e-01 1.844918996174707004e-01 1.771831092393512941e-01 1.696824436537192060e-01 1.620399343631418188e-01 1.542957820368240363e-01 1.464932188260389123e-01 1.386761941867422354e-01 1.308873360812012054e-01 1.231668817087224893e-01 1.155515988209226824e-01 1.080741085397975559e-01 1.007625168452349340e-01 9.364073793478311369e-02 8.672861769487982819e-02 8.004228004291509546e-02 7.359457091395411876e-02 6.739552631788521542e-02 6.145282974450551328e-02 5.577223217454585491e-02 5.035794644951910315e-02 4.521297662228147135e-02 4.033939469565021863e-02 3.573858640382771013e-02
2.799493409247487130e-01 2.728046231157758017e-01 2.656599041287410756e-01 2.585151844597662341e-01 2.513704646154220068e-01 2.442257450245851336e-01 2.370810264460408989e-01 2.299363086412977153e-01 2.227915930207085560e-01 2.156468839389126535e-01 2.085021062534287706e-01 2.013577390324696459e-01 1.942112907673704258e-01 1.870760948507867727e-01 1.799081768617524502e-01 1.725768948155988192e-01 1.651016008466356655e-01 1.575216225894539579e-01 1.498756903593123357e-01 1.422031095262626665e-01 1.345430321117973838e-01 1.269331026674756779e-01 1.194084268393345166e-01 1.120008219470955690e-01 1.047382867464837358e-01 9.764512133357876322e-02 9.074194526936178729e-02 8.404589365145845314e-02 7.757094686408501361e-02 7.132831072021537933e-02 6.532681007214034830e-02 5.957326207374350618e-02 5.407285702532762389e-02 4.882946333967065622e-02 4.384589892221780333e-02 3.912417552825727535e-02 3.466570882546084892e-02
2.754990876716049142e-01 2.683543678326588133e-01 2.612096480893596473e-01 2.540649289390080612e-01 2.469202108864754774e-01 2.397754944028360202e-01 2.326307788360891804e-01 2.254860624035993355e-01 2.183413388089587293e-01 2.111966458397772917e-01 2.040518045983887585e-01 1.969075786542103523e-01 1.897611172938643009e-01 1.826281495523638665e-01 1.754397743007100052e-01 1.681056373949168514e-01 1.606690229952512650e-01 1.531622993933900445e-01 1.456213460324940479e-01 1.380816121507257299e-01 1.305778899151905093e-01 1.231432157845279290e-01 1.158080945826665958e-01 1.085998951655164635e-01 1.015427996952346507e-01 9.465773634892148125e-02 8.796244764722423171e-02 8.147171245354424551e-02 7.519763726032198392e-02 6.914997982668562304e-02 6.333646996825245679e-02 5.776316559858325761e-02 5.243472728191769100e-02 4.735467723601673867e-02 4.252563637554311604e-02 3.794953159584423669e-02 3.362777528867358368e-02
2.711675052117699103e-01 2.640227865398932505e-01 2.568780692099988383e-01 2.497333536269652488e-01 2.425886373141281083e-01 2.354439194419229164e-01 2.282991999786135318e-01 2.211544821362556035e-01 2.140097541933361491e-01 2.068650656366942953e-01 1.997202464728760340e-01 1.925757618045264852e-01 1.854311309921873319e-01 1.782966613215023199e-01 1.710913726182827221e-01 1.637726436285456555e-01 1.563860137084484014e-01 1.489609340141020699e-01 1.415297475496719581e-01 1.341243002159720754e-01 1.267752934718316127e-01 1.195115651572199456e-01 1.123594351594095209e-01 1.053425416926393465e-01 9.848170235323663868e-02 9.179488294582030528e-02 8.529732448003261858e-02 7.900175070343548600e-02 7.291862083313552234e-02 6.705639619505784910e-02 6.142186311785195751e-02 5.602037248515663592e-02 5.085608072330963236e-02 4.593217424982890679e-02 4.125106942839412011e-02 3.681458843102958234e-02 3.262411260537130542e-02
2.669546012086450038e-01 2.598098857712254905e-01 2.526651687083904529e-01 2.455204502223383989e-01 2.383757307793080704e-01 2.312310110683211961e-01 2.240862907803078674e-01 2.169415734586826183e-01 2.097968498792015801e-01 2.026521420814932639e-01 1.955074648882394184e-01 1.883622519991077771e-01 1.812211595281089382e-01 1.740822034281934161e-01 1.668691363422639684e-01 1.595799916430777621e-01 1.522528896931786835e-01 1.449157930195303923e-01 1.375976101507070115e-01 1.303266663828765437e-01 1.231298875842234825e-01 1.160322395268823942e-01 1.090564766800950353e-01 1.022229485968685625e-01 9.554949818672986428e-02 8.905150999298129533e-02 8.274204364387600930e-02 7.663201901389507520e-02 7.073043150873109530e-02 6.504463580472799600e-02 5.958054813775125191e-02 5.434286523798438628e-02 4.933527190963761522e-02 4.456062968633719285e-02 4.002114555014503472e-02 3.571852112355844433e-02 3.165408363218027987e-02
2.628603732349038546e-01 2.557156543528480430e-01 2.485709347223140908e-01 2.414262148524170537e-01 2.342814951985490168e-01 2.271367764480240470e-01 2.199920585609629331e-01 2.128473428915017285e-01 2.057026313131392614e-01 1.985578739026535866e-01 1.914133960548727864e-01 1.842674672401805880e-01 1.771300460795306453e-01 1.699863071262081859e-01 1.627777143501984436e-01 1.555288974221086251e-01 1.482691168015646821e-01 1.410247212751468415e-01 1.338214227876493856e-01 1.266841836299898716e-01 1.196364017083458714e-01 1.126996949966986017e-01 1.058936575061375091e-01 9.923571286343543796e-02 9.274110218881943812e-02 8.642295561563692607e-02 8.029241625534581928e-02 7.435881123601001397e-02 6.862989172665329152e-02 6.311199865475985993e-02 5.781025714130958587e-02 5.272876420686050530e-02 4.787076301262505745e-02 4.323880147703161592e-02 3.883487463915862720e-02 3.466055118130166590e-02 3.071708517696500329e-02
