data/gray99/rasters/gray99_mass.asc
ncols 361
nrows 101
xllcorner -0.30642
yllcorner -0.50000
cellsize 0.0085
nodata_value -99999
[rows 51 to 67 of 101, columns 0 to 36 of 361]
0.000000000000000000e+00 0.000000000000000000e+00 0.000000000000000000e+00 0.000000000000000000e+00 0.000000000000000000e+00 0.000000000000000000e+00 0.000000000000000000e+00 0.000000000000000000e+00 0.000000000000000000e+00 0.000000000000000000e+00 0.000000000000000000e+00 0.000000000000000000e+00 0.000000000000000000e+00 2.624624333493459361e-01 2.854425129117915683e-01 3.048373319936042991e-01 3.217095929980263169e-01 3.366630784936554543e-01 3.500805052397486516e-01 3.622225170314979370e-01 3.732759964573322264e-01 3.833805314946969189e-01 3.926435970197461600e-01 4.011498747975029699e-01 4.089673846031570692e-01 4.161516237971714105e-01 4.227484535208544392e-01 4.287962421423793247e-01 4.343271117337695886e-01 4.393681734347251178e-01 4.439426149669008503e-01 4.480702816527415422e-01 4.517681311115029907e-01 4.550506392647005183e-01 4.579301219896658726e-01 4.604169913338341247e-01 4.625199858404899222e-01
0.000000000000000000e+00 0.000000000000000000e+00 0.000000000000000000e+00 0.000000000000000000e+00 0.000000000000000000e+00 0.000000000000000000e+00 0.000000000000000000e+00 0.000000000000000000e+00 0.000000000000000000e+00 0.000000000000000000e+00 0.000000000000000000e+00 0.000000000000000000e+00 0.000000000000000000e+00 2.614606290848559000e-01 2.846105148084430714e-01 3.041157970738198046e-01 3.210671987598877619e-01 3.360808880311867419e-01 3.495458981958404210e-01 3.617266801765597339e-01 3.728126546635962546e-01 3.829449818362687941e-01 3.922321547362266903e-01 4.007595741652690835e-01 4.085957808416300630e-01 4.157966572202957400e-01 4.224083532278740671e-01 4.284693959012374487e-01 4.340122131603275091e-01 4.390642301160374572e-01 4.436487725049881314e-01 4.477857587103485359e-01 4.514922013666391454e-01 4.547826168328112928e-01 4.576693494987271182e-01 4.601628297507881493e-01 4.622717857604568548e-01
0.000000000000000000e+00 0.000000000000000000e+00 0.000000000000000000e+00 0.000000000000000000e+00 0.000000000000000000e+00 0.000000000000000000e+00 0.000000000000000000e+00 0.000000000000000000e+00 0.000000000000000000e+00 0.000000000000000000e+00 0.000000000000000000e+00 0.000000000000000000e+00 0.000000000000000000e+00 2.597701794390336882e-01 2.832109063815407834e-01 3.029039379891174111e-01 3.199892495498531386e-01 3.351045668831399982e-01 3.486500419928138528e-01 3.608965299070170940e-01 3.720374305248275171e-01 3.822165112578959079e-01 3.915440670458428807e-01 4.001067866912902948e-01 4.079741583454632448e-01 4.152027787901703682e-01 4.218393478632661564e-01 4.279228189164911988e-01 4.334859625641909742e-01 4.385564793720477805e-01 4.431579137795567114e-01 4.473103691461141063e-01 4.510310122899988672e-01 4.543344884591701272e-01 4.572332503819055427e-01 4.597378198796723270e-01 4.618570007159557012e-01
0.000000000000000000e+00 0.000000000000000000e+00 0.000000000000000000e+00 0.000000000000000000e+00 0.000000000000000000e+00 0.000000000000000000e+00 0.000000000000000000e+00 0.000000000000000000e+00 0.000000000000000000e+00 0.000000000000000000e+00 0.000000000000000000e+00 0.000000000000000000e+00 0.000000000000000000e+00 2.573570932268595124e-01 2.812230580351361975e-01 3.011875687263509960e-01 3.184652571761914519e-01 3.337259499540667917e-01 3.473861741566178774e-01 3.597261433613176962e-01 3.709450535738912924e-01 3.811904528631862021e-01 3.905752299214606538e-01 3.991879241092144981e-01 4.070993812125849876e-01 4.143672191757365453e-01 4.210389222206607496e-01 4.271540509327220736e-01 4.327458669119609302e-01 4.378424730040573198e-01 4.424677274860528420e-01 4.466419929178936377e-01 4.503826530786377846e-01 4.537045341282723854e-01 4.566202404424106187e-01 4.591404214348802082e-01 4.612739861477473946e-01
0.000000000000000000e+00 0.000000000000000000e+00 0.000000000000000000e+00 0.000000000000000000e+00 0.000000000000000000e+00 0.000000000000000000e+00 0.000000000000000000e+00 0.000000000000000000e+00 0.000000000000000000e+00 0.000000000000000000e+00 0.000000000000000000e+00 0.000000000000000000e+00 0.000000000000000000e+00 2.541699158185276586e-01 2.786164115513785067e-01 2.989457418221340701e-01 3.164796153572826398e-01 3.319327608585858069e-01 3.457442686389174402e-01 3.582070960318574082e-01 3.695282810858402378e-01 3.798604667217425623e-01 3.893200089166473088e-01 3.979979154386144580e-01 4.059668374655303058e-01 4.132857474217087046e-01 4.200031676895786825e-01 4.261594645327920761e-01 4.317885391898862446e-01 4.369190262345101772e-01 4.415752016753482501e-01 4.457777657541384109e-01 4.495443871012714254e-01 4.528901292065136142e-01 4.558277952447469250e-01 4.583682017943705445e-01 4.605203969844416934e-01
0.000000000000000000e+00 0.000000000000000000e+00 0.000000000000000000e+00 0.000000000000000000e+00 0.000000000000000000e+00 0.000000000000000000e+00 0.000000000000000000e+00 0.000000000000000000e+00 0.000000000000000000e+00 0.000000000000000000e+00 0.000000000000000000e+00 0.000000000000000000e+00 0.000000000000000000e+00 0.000000000000000000e+00 2.753482039766891321e-01 2.961497044209104867e-01 3.140111640723886044e-01 3.297084936366197483e-01 3.437109178956289646e-01 3.563281636357313875e-01 3.677774889817436721e-01 3.782181504625005131e-01 3.877709577448532619e-01 3.965300785418330864e-01 4.045704667505759522e-01 4.119528167178106437e-01 4.187269669370768388e-01 4.249343073440971508e-01 4.306095378757804903e-01 4.357819599769895413e-01 4.404763876423345437e-01 4.447139398194603910e-01 4.485126421977081446e-01 4.518878556636554689e-01 4.548526322655286336e-01 4.574179976738812492e-01 4.595931755734757318e-01
0.000000000000000000e+00 0.000000000000000000e+00 0.000000000000000000e+00 0.000000000000000000e+00 0.000000000000000000e+00 0.000000000000000000e+00 0.000000000000000000e+00 0.000000000000000000e+00 0.000000000000000000e+00 0.000000000000000000e+00 0.000000000000000000e+00 0.000000000000000000e+00 0.000000000000000000e+00 0.000000000000000000e+00 2.713600784553056311e-01 2.927612075133426695e-01 3.110321936463847914e-01 3.270317620752118959e-01 3.412688744253575268e-01 3.540749976359824913e-01 3.656804390336746979e-01 3.762528514687267234e-01 3.859186638646054934e-01 3.947759874749819375e-01 4.029026428661110493e-01 4.103614593238938957e-01 4.172039015247912541e-01 4.234726219084145038e-01 4.292033062520809183e-01 4.344260559813806211e-01 4.391663553161471722e-01 4.434458394236137635e-01 4.472829647774765327e-01 4.506934545295256944e-01 4.536906635277804245e-01 4.562858715773110974e-01 4.584885161643708074e-01
0.000000000000000000e+00 0.000000000000000000e+00 0.000000000000000000e+00 0.000000000000000000e+00 0.000000000000000000e+00 0.000000000000000000e+00 0.000000000000000000e+00 0.000000000000000000e+00 0.000000000000000000e+00 0.000000000000000000e+00 0.000000000000000000e+00 0.000000000000000000e+00 0.000000000000000000e+00 0.000000000000000000e+00 2.665727559759307752e-01 2.887300038631592791e-01 3.075070323733877231e-01 3.238754056424044125e-01 3.383964496665009536e-01 3.514296794170860272e-01 3.632219370708876793e-01 3.739514038517641192e-01 3.837515364900182524e-01 3.927252981029768497e-01 4.009540276083744526e-01 4.085031620524667284e-01 4.154261442177875074e-01 4.217671568269455440e-01 4.275630863997977871e-01 4.328449803648111716e-01 4.376391251945854766e-01 4.419677990429193293e-01 4.458499631350683057e-01 4.493017737073008444e-01 4.523369471883000870e-01 4.549670664750571358e-01 4.572018237667446194e-01
0.000000000000000000e+00 0.000000000000000000e+00 0.000000000000000000e+00 0.000000000000000000e+00 0.000000000000000000e+00 0.000000000000000000e+00 0.000000000000000000e+00 0.000000000000000000e+00 0.000000000000000000e+00 0.000000000000000000e+00 0.000000000000000000e+00 0.000000000000000000e+00 0.000000000000000000e+00 0.000000000000000000e+00 2.608774293182878901e-01 2.839900906628429200e-01 3.033900169538791824e-01 3.202052420559688972e-01 3.350666763187349906e-01 3.483701127954128562e-01 3.603833843094093603e-01 3.712977963019107319e-01 3.812555308330431436e-01 3.903655225787016625e-01 3.987133825529106113e-01 4.063677064411044815e-01 4.133843212235006614e-01 4.198092463254767814e-01 4.256808079436147363e-01 4.310311857212377751e-01 4.358875899063765491e-01 4.402730856865256226e-01 4.442072363329415130e-01 4.477067023465287621e-01 4.507856265652951944e-01 4.534559487999429983e-01 4.557276608123497774e-01
0.000000000000000000e+00 0.000000000000000000e+00 0.000000000000000000e+00 0.000000000000000000e+00 0.000000000000000000e+00 0.000000000000000000e+00 0.000000000000000000e+00 0.000000000000000000e+00 0.000000000000000000e+00 0.000000000000000000e+00 0.000000000000000000e+00 0.000000000000000000e+00 0.000000000000000000e+00 0.000000000000000000e+00 0.000000000000000000e+00 2.784539217828547741e-01 2.986225342428894258e-01 3.159783144035689384e-01 3.312461621635043874e-01 3.448692390267409369e-01 3.571421805927624815e-01 3.682727136056598849e-01 3.784137946035897038e-01 3.876817398488761057e-01 3.961673291117890905e-01 4.039429662083063866e-01 4.110673385001495372e-01 4.175886581169605538e-01 4.235469627118672031e-01 4.289757867618828602e-01 4.339034085915046135e-01 4.383538039598513514e-01 4.423472862083418500e-01 4.459010898278414903e-01 4.490298550221684115e-01 4.517459383391895233e-01 4.540596807987796191e-01
0.000000000000000000e+00 0.000000000000000000e+00 0.000000000000000000e+00 0.000000000000000000e+00 0.000000000000000000e+00 0.000000000000000000e+00 0.000000000000000000e+00 0.000000000000000000e+00 0.000000000000000000e+00 0.000000000000000000e+00 0.000000000000000000e+00 0.000000000000000000e+00 0.000000000000000000e+00 0.000000000000000000e+00 0.000000000000000000e+00 2.720031461028830089e-01 2.931286029070280241e-01 3.111403876362786591e-01 3.268935058052611087e-01 3.408939559401840125e-01 3.534709313872391734e-01 3.648529299753814348e-01 3.752062297004655211e-01 3.846562246531067819e-01 3.933000433777421589e-01 4.012146514030540123e-01 4.084621636275077017e-01 4.150934047080559464e-01 4.211504414228145476e-01 4.266684097524621189e-01 4.316768615830300360e-01 4.362007933325814379e-01 4.402614093308433452e-01 4.438766465009611473e-01 4.470617041213819642e-01 4.498294226686663233e-01 4.521905480600092453e-01
0.000000000000000000e+00 0.000000000000000000e+00 0.000000000000000000e+00 0.000000000000000000e+00 0.000000000000000000e+00 0.000000000000000000e+00 0.000000000000000000e+00 0.000000000000000000e+00 0.000000000000000000e+00 0.000000000000000000e+00 0.000000000000000000e+00 0.000000000000000000e+00 0.000000000000000000e+00 0.000000000000000000e+00 0.000000000000000000e+00 2.644729986008104161e-01 2.868080475117020800e-01 3.056222873404589313e-01 3.219570658837631605e-01 3.364036303305388831e-01 3.493364304981407265e-01 3.610105110078203339e-01 3.716088556501663254e-01 3.812679952283102303e-01 3.900928671751860977e-01 3.981659848614979014e-01 4.055535518187333155e-01 4.123095077591316104e-01 4.184783251545676208e-01 4.240970293946630942e-01 4.291966777443193548e-01 4.338034633438754284e-01 4.379395788714857685e-01 4.416238224922203193e-01 4.448720517531848384e-01 4.476976531503725210e-01 4.501118404305091136e-01
0.000000000000000000e+00 0.000000000000000000e+00 0.000000000000000000e+00 0.000000000000000000e+00 0.000000000000000000e+00 0.000000000000000000e+00 0.000000000000000000e+00 0.000000000000000000e+00 0.000000000000000000e+00 0.000000000000000000e+00 0.000000000000000000e+00 0.000000000000000000e+00 0.000000000000000000e+00 0.000000000000000000e+00 0.000000000000000000e+00 0.000000000000000000e+00 2.795254755183710360e-01 2.993343755808248741e-01 3.163717460117588254e-01 3.313480305726499431e-01 3.446982211782358974e-01 3.567118067979783147e-01 3.675930003433064419e-01 3.774921811121987325e-01 3.865238276352447322e-01 3.947772911444544786e-01 4.023237005031650715e-01 4.092207029887393599e-01 4.155156295734916960e-01 4.212477380273378924e-01 4.264498555591514917e-01 4.311495963799902853e-01 4.353702812811705014e-01 4.391316699081889707e-01 4.424504459604772788e-01 4.453406186390098109e-01 4.478139312977186259e-01
0.000000000000000000e+00 0.000000000000000000e+00 0.000000000000000000e+00 0.000000000000000000e+00 0.000000000000000000e+00 0.000000000000000000e+00 0.000000000000000000e+00 0.000000000000000000e+00 0.000000000000000000e+00 0.000000000000000000e+00 0.000000000000000000e+00 0.000000000000000000e+00 0.000000000000000000e+00 0.000000000000000000e+00 0.000000000000000000e+00 0.000000000000000000e+00 2.710914527687177111e-01 2.921578773015108821e-01 3.100542218767897706e-01 3.256643768921806403e-01 3.395066163287249195e-01 3.519160530268412579e-01 3.631242639100042413e-01 3.732991635040571188e-01 3.825670073638063329e-01 3.910254857863237898e-01 3.987518110482691225e-01 4.058080685812890942e-01 4.122449849727178872e-01 4.181044646377902740e-01 4.234214214187260739e-01 4.282251371531388129e-01 4.325402791789186852e-01 4.363876771675007094e-01 4.397849477589117484e-01 4.427468919014337922e-01 4.452858465110531849e-01
0.000000000000000000e+00 0.000000000000000000e+00 0.000000000000000000e+00 0.000000000000000000e+00 0.000000000000000000e+00 0.000000000000000000e+00 0.000000000000000000e+00 0.000000000000000000e+00 0.000000000000000000e+00 0.000000000000000000e+00 0.000000000000000000e+00 0.000000000000000000e+00 0.000000000000000000e+00 0.000000000000000000e+00 0.000000000000000000e+00 0.000000000000000000e+00 0.000000000000000000e+00 2.839305841895805593e-01 3.028955883733216448e-01 3.192730104869735963e-01 3.336998961730384128e-01 3.465734168531408033e-01 3.581611462617038111e-01 3.686535023554848856e-01 3.781916198289328457e-01 3.868834256210185174e-01 3.948135441615688856e-01 4.020495535799744613e-01 4.086462332163399158e-01 4.146486253352373863e-01 4.200941146853357511e-01 4.250139468265096698e-01 4.294343689224375815e-01 4.333774914563585656e-01 4.368619518616448372e-01 4.399034521917321028e-01 4.425150902551256982e-01
0.000000000000000000e+00 0.000000000000000000e+00 0.000000000000000000e+00 0.000000000000000000e+00 0.000000000000000000e+00 0.000000000000000000e+00 0.000000000000000000e+00 0.000000000000000000e+00 0.000000000000000000e+00 0.000000000000000000e+00 0.000000000000000000e+00 0.000000000000000000e+00 0.000000000000000000e+00 0.000000000000000000e+00 0.000000000000000000e+00 0.000000000000000000e+00 0.000000000000000000e+00 2.744216577573508342e-01 2.947495311371230997e-01 3.120708064683264116e-01 3.272002232570619951e-01 3.406222563391991809e-01 3.526530714484976681e-01 3.635125556464879892e-01 3.733608885693052715e-01 3.823189164788682870e-01 3.904803306822796083e-01 3.979193948809696124e-01 4.046959154057350183e-01 4.108586823129093402e-01 4.164480027325445644e-01 4.214974469476675534e-01 4.260351219862416050e-01 4.300846426410384615e-01 4.336658699090817359e-01 4.367954827192646050e-01 4.394874459336944872e-01
0.000000000000000000e+00 0.000000000000000000e+00 0.000000000000000000e+00 0.000000000000000000e+00 0.000000000000000000e+00 0.000000000000000000e+00 0.000000000000000000e+00 0.000000000000000000e+00 0.000000000000000000e+00 0.000000000000000000e+00 0.000000000000000000e+00 0.000000000000000000e+00 0.000000000000000000e+00 0.000000000000000000e+00 0.000000000000000000e+00 0.000000000000000000e+00 0.000000000000000000e+00 0.000000000000000000e+00 2.854120731596574423e-01 3.039207597328200672e-01 3.199074802668501194e-01 3.339851419174250102e-01 3.465376390657508576e-01 3.578244474634437733e-01 3.680306224352192790e-01 3.772935272584821975e-01 3.857182989534462259e-01 3.933873669123783001e-01 4.003666456011756858e-01 4.067095817148289605e-01 4.124599938219297712e-01 4.176541912994384265e-01 4.223224841919243078e-01 4.264902592923119351e-01 4.301788167565612220e-01 4.334060094897447257e-01 4.361867387946779528e-01
