data/gray99/rasters/gray99_mass.asc
ncols 361
nrows 101
xllcorner -0.30642
yllcorner -0.50000
cellsize 0.0085
nodata_value -99999
[rows 34 to 50 of 101, columns 37 to 73 of 361]
4.417532896757488947e-01 4.436023677338058469e-01 4.450421254492589740e-01 4.460782481213979023e-01 4.467147625128118360e-01 4.469541163429457398e-01 4.467972257391447100e-01 4.462434956653232865e-01 4.452908211961531526e-01 4.439355115935775253e-01 4.421722183076164381e-01 4.399938572851582186e-01 4.373914584253331128e-01 4.343539626130386022e-01 4.308679688379817851e-01 4.269174089364462521e-01 4.224831312468530498e-01 4.175423607940012549e-01 4.120679952485254982e-01 4.060276958997585117e-01 3.993826670668035872e-01 3.920860135662462831e-01 3.840804656817620177e-01 3.752951697531633490e-01 3.656410222792697007e-01 3.550036482652449976e-01 3.432323677195237011e-01 3.301220145672835726e-01 3.153807906511245651e-01 2.985682254848829320e-01 2.789601864258431929e-01 0.000000000000000000e+00 0.000000000000000000e+00 0.000000000000000000e+00 0.000000000000000000e+00 0.000000000000000000e+00 0.000000000000000000e+00
4.447076632116007677e-01 4.464899783282278434e-01 4.478690217006982000e-01 4.488500904747347309e-01 4.494368971176845862e-01 4.496316406805641042e-01 4.494350508576912540e-01 4.488464150266650021e-01 4.478635285690881762e-01 4.464826533522945340e-01 4.446984819542261214e-01 4.425040226766790430e-01 4.398904519653765166e-01 4.368469270499619750e-01 4.333603438030925181e-01 4.294150267101228824e-01 4.249923317283111901e-01 4.200701300247828285e-01 4.146221521597153181e-01 4.086171283784530983e-01 4.020176452809797740e-01 3.947786074387209521e-01 3.868451290338853488e-01 3.781495741425133783e-01 3.686072835716677210e-01 3.581101939055248984e-01 3.465169835614128058e-01 3.336369726724175422e-01 3.192021422903527084e-01 3.028145387581915871e-01 2.838355552954786587e-01 0.000000000000000000e+00 0.000000000000000000e+00 0.000000000000000000e+00 0.000000000000000000e+00 0.000000000000000000e+00 0.000000000000000000e+00
4.474120404908116244e-01 4.491337944985281938e-01 4.504576834132161256e-01 4.513886664266737458e-01 4.519301820728865993e-01 4.520842142411399811e-01 4.518513437500203400e-01 4.512307227640703911e-01 4.502200570902312737e-01 4.488156031453403583e-01 4.470120840047294153e-01 4.448025836069970929e-01 4.421784088585365424e-01 4.391289089155349101e-01 4.356412419242743361e-01 4.317000795444478900e-01 4.272872206784602556e-01 4.223811079601222929e-01 4.169562063359349979e-01 4.109821817863473226e-01 4.044228233411693574e-01 3.972345991413683830e-01 3.893646852854696361e-01 3.807482108183607439e-01 3.713043033013240790e-01 3.609302811708495762e-01 3.494926959867863392e-01 3.368128633608316602e-01 3.226422005893641032e-01 3.066167316695421752e-01 2.881640255832293995e-01 2.662821721266838693e-01 0.000000000000000000e+00 0.000000000000000000e+00 0.000000000000000000e+00 0.000000000000000000e+00 0.000000000000000000e+00
4.498801030775151366e-01 4.515470228875388403e-01 4.528209074655058508e-01 4.537064212750268055e-01 4.542067643401277444e-01 4.543237466266072389e-01 4.540577891097187235e-01 4.534079211844155854e-01 4.523718065650603748e-01 4.509456870338222068e-01 4.491243090152472472e-01 4.469008242038270406e-01 4.442666556079381546e-01 4.412113217302661150e-01 4.377222141985451231e-01 4.337843072413842815e-01 4.293797920422005587e-01 4.244876206743476432e-01 4.190829000091318424e-01 4.131361145179367478e-01 4.066121036384399701e-01 3.994686968563211371e-01 3.916548552941443440e-01 3.831080834048907202e-01 3.737507836469674549e-01 3.634848708359242897e-01 3.521835290567196797e-01 3.396781170370408165e-01 3.257360932260311981e-01 3.100210018936324641e-01 2.920125851989230914e-01 2.708237499375789614e-01 0.000000000000000000e+00 0.000000000000000000e+00 0.000000000000000000e+00 0.000000000000000000e+00 0.000000000000000000e+00
4.521238822504911603e-01 4.537412918049522625e-01 4.549699737057228410e-01 4.558143353034221912e-01 4.562773803374634563e-01 4.563607447740301026e-01 4.560646991651706728e-01 4.553882016021724155e-01 4.543288682132409217e-01 4.528829251774254550e-01 4.510451403499708967e-01 4.488087260000483414e-01 4.461652077210886969e-01 4.431042539542661141e-01 4.396134620675886673e-01 4.356780712675937250e-01 4.312806278619145117e-01 4.264005267448697234e-01 4.210134383320703888e-01 4.150905643273448686e-01 4.085976622878768616e-01 4.014937463959697417e-01 3.937293151298466576e-01 3.852439506736300423e-01 3.759628798624423673e-01 3.657919309207223746e-01 3.546099238288716871e-01 3.422566723220523688e-01 3.285129758694498303e-01 3.130649037209249363e-01 2.954339384974934424e-01 2.748216526145870198e-01 0.000000000000000000e+00 0.000000000000000000e+00 0.000000000000000000e+00 0.000000000000000000e+00 0.000000000000000000e+00
4.541539577376820791e-01 4.557268380840345801e-01 4.569148218548285123e-01 4.577220996254878216e-01 4.581514949088095756e-01 4.582044709202739430e-01 4.578812021093798812e-01 4.571805755194322529e-01 4.561001625134370463e-01 4.546361762378239302e-01 4.527834040899000323e-01 4.505351123184512807e-01 4.478829145683366764e-01 4.448166174836494235e-01 4.413239902512928192e-01 4.373905200211451461e-01 4.329990576119148171e-01 4.281293876224878669e-01 4.227576747509691479e-01 4.168557485476426239e-01 4.103901683773727993e-01 4.033209658045815993e-01 3.955999978297137787e-01 3.871686451547373120e-01 3.779545592155677536e-01 3.678669178584873523e-01 3.567893453059372555e-01 3.445687990005916745e-01 3.309972351392332368e-01 3.157793032916541565e-01 2.984702293759067260e-01 2.783413170940231551e-01 0.000000000000000000e+00 0.000000000000000000e+00 0.000000000000000000e+00 0.000000000000000000e+00 0.000000000000000000e+00
4.559796206882844594e-01 4.575126606643712401e-01 4.586641999618068510e-01 4.594382440071848039e-01 4.598374314607379110e-01 4.598631045282988161e-01 4.595153512867213852e-01 4.587929922435690644e-01 4.576935600847181762e-01 4.562132570817027388e-01 4.543468883200507125e-01 4.520877646985763665e-01 4.494275858967875514e-01 4.463562654370233362e-01 4.428617426300353044e-01 4.389297118141842757e-01 4.345432924179417067e-01 4.296826104363620225e-01 4.243242629108965325e-01 4.184406276063944441e-01 4.119989518932304362e-01 4.049601682630869504e-01 3.972773086089105288e-01 3.888933144112184936e-01 3.797379087941711862e-01 3.697231477658238230e-01 3.587367506095215930e-01 3.466317218232434216e-01 3.332093781017544387e-01 3.181897535887441286e-01 3.011556283781771093e-01 2.814338312118546126e-01 2.577970909290978607e-01 0.000000000000000000e+00 0.000000000000000000e+00 0.000000000000000000e+00 0.000000000000000000e+00
4.576090079121638565e-01 4.591066478635635884e-01 4.602257851967800351e-01 4.609702421859565580e-01 4.613425103501427316e-01 4.613438362235562362e-01 4.609742254530924122e-01 4.602324409844887887e-01 4.591159822072607977e-01 4.576210423395670190e-01 4.557424411350824434e-01 4.534735311131190549e-01 4.508060803785228776e-01 4.477301092340156830e-01 4.442336977572382550e-01 4.403027224581506083e-01 4.359205372644262555e-01 4.310675658447905567e-01 4.257207817009311390e-01 4.198530355623529831e-01 4.134321704448506996e-01 4.064199070829369598e-01 3.987703048294434227e-01 3.904276254081573416e-01 3.813233806569332751e-01 3.713720885985075659e-01 3.604649545517790710e-01 3.484600998408048378e-01 3.351666935880183162e-01 3.203175537376222737e-01 3.035180740240489006e-01 2.841396951081305855e-01 2.610596890300810324e-01 0.000000000000000000e+00 0.000000000000000000e+00 0.000000000000000000e+00 0.000000000000000000e+00
4.590492127631201624e-01 4.605156851343100710e-01 4.616062704457299937e-01 4.623246248328020114e-01 4.626731340891087063e-01 4.626529528148720094e-01 4.622640155926304173e-01 4.615050358780818929e-01 4.603734845623495553e-01 4.588655473576984667e-01 4.569760542037680784e-01 4.546983991298423899e-01 4.520244056209034023e-01 4.489441917760902401e-01 4.454459564381482162e-01 4.415157347812145305e-01 4.371370840084503051e-01 4.322906855460967313e-01 4.269538384840370071e-01 4.210997911817845885e-01 4.146969193991264513e-01 4.077076222088861224e-01 4.000868290123440474e-01 3.917799366247082804e-01 3.827199863574860528e-01 3.728235928516324682e-01 3.619849176597627061e-01 3.500663987313460401e-01 3.368837647577769268e-01 3.221804916249483286e-01 3.055805483892078955e-01 2.864913491685316949e-01 2.638722564530297521e-01 0.000000000000000000e+00 0.000000000000000000e+00 0.000000000000000000e+00 0.000000000000000000e+00
4.603063779116453036e-01 4.617457353945733645e-01 4.628114533395942809e-01 4.635070637787911396e-01 4.638348583021505989e-01 4.637959114504626168e-01 4.633900971830125504e-01 4.626160867933529208e-01 4.614713269928336636e-01 4.599519958011963339e-01 4.580529356323439494e-01 4.557675684870122756e-01 4.530877790362706214e-01 4.500037597864333661e-01 4.465038139457505606e-01 4.425741129753878456e-01 4.381983885271368839e-01 4.333575430221440206e-01 4.280291493898366606e-01 4.221868029435392744e-01 4.157993332278016596e-01 4.088297256725912376e-01 4.012336368883940851e-01 3.929574337155516961e-01 3.839354538744753631e-01 3.740860838678023992e-01 3.633059745863054246e-01 3.514611725096598027e-01 3.383728870112326925e-01 3.237934189715860889e-01 3.073619573962130813e-01 2.885149508729510925e-01 2.662765719407971798e-01 0.000000000000000000e+00 0.000000000000000000e+00 0.000000000000000000e+00 0.000000000000000000e+00
4.613857703900389184e-01 4.628019089439984191e-01 4.638463164730805000e-01 4.645224293286235873e-01 4.648324551876584221e-01 4.647774011728015853e-01 4.643570902173016490e-01 4.635701581694668949e-01 4.624140314865317625e-01 4.608848798525075341e-01 4.589775589472108175e-01 4.566855157962738110e-01 4.540006849847311177e-01 4.509133224802163165e-01 4.474118199391952100e-01 4.434824642253885618e-01 4.391091345919988509e-01 4.342729202922100962e-01 4.289516184774996299e-01 4.231191287771235432e-01 4.167446666742085637e-01 4.097916976977406533e-01 4.022164951623169449e-01 3.939662397157455143e-01 3.849763544097100088e-01 3.751667053748757308e-01 3.644360159170307312e-01 3.526533119499307700e-01 3.396443487397466932e-01 3.251686744893519387e-01 3.088778324499998895e-01 2.902316217681679689e-01 2.683053465250899716e-01 0.000000000000000000e+00 0.000000000000000000e+00 0.000000000000000000e+00 0.000000000000000000e+00
4.622918414270047460e-01 4.636885286749948820e-01 4.647150778240503599e-01 4.653748444047982602e-01 4.656699658934789765e-01 4.656013937492634036e-01 4.651689087904872233e-01 4.643711176408719665e-01 4.632054296351605371e-01 4.616680082877799296e-01 4.597537174777123203e-01 4.574560324885071916e-01 4.547669232450254340e-01 4.516767000266782017e-01 4.481738279204324771e-01 4.442446895326593870e-01 4.398732864917915819e-01 4.350408608491287410e-01 4.297253966218722576e-01 4.239010466401892940e-01 4.175373501923146380e-01 4.105981598482356665e-01 4.030402610417833098e-01 3.948115043416465797e-01 3.858482046546111155e-01 3.760714414042057308e-01 3.653816285049115709e-01 3.536502245130756505e-01 3.407066821317108474e-01 3.263164066379935502e-01 3.101408422470806614e-01 2.916583468502018661e-01 2.699842378714335522e-01 0.000000000000000000e+00 0.000000000000000000e+00 0.000000000000000000e+00 0.000000000000000000e+00
4.630282773195572021e-01 4.644091805776426329e-01 4.654212349881435840e-01 4.660677288581934752e-01 4.663507433459833651e-01 4.662711852795367040e-01 4.658288017183447316e-01 4.650221758795250460e-01 4.638487023968549949e-01 4.623045414947261067e-01 4.603845634413794574e-01 4.580822662363012165e-01 4.553896481387840200e-01 4.522970632243603073e-01 4.487930357187824293e-01 4.448640252941699069e-01 4.404941320293824791e-01 4.356647172618793862e-01 4.303539214108051958e-01 4.245361011935447904e-01 4.181810501075836073e-01 4.112529333577826796e-01 4.037089465024307211e-01 3.954974759277711804e-01 3.865555488336254175e-01 3.768052119850871517e-01 3.661482177276002559e-01 3.544579666456636469e-01 3.415668383617957993e-01 3.272448399127547702e-01 3.111611767166225784e-01 2.928086305860939098e-01 2.713332425850056850e-01 0.000000000000000000e+00 0.000000000000000000e+00 0.000000000000000000e+00 0.000000000000000000e+00
4.635980425707658670e-01 4.649667503834322146e-01 4.659676025413064804e-01 4.666038352554848778e-01 4.668774866394467260e-01 4.667894294210482853e-01 4.663393848867670166e-01 4.655259184146817719e-01 4.643464128189007667e-01 4.627970257762241690e-01 4.608726347089048270e-01 4.585667525248882659e-01 4.558714001192485377e-01 4.527769652835658132e-01 4.492720177274532878e-01 4.453430763513419599e-01 4.409743168496712551e-01 4.361471898310104178e-01 4.308399584615216771e-01 4.250271383495063393e-01 4.186787118103433292e-01 4.117590856911903519e-01 4.042257692093882970e-01 3.960275581260692679e-01 3.871020232078741241e-01 3.773719483970487953e-01 3.667401000170691372e-01 3.550813591696651006e-01 3.422303256868255428e-01 3.279604701690236324e-01 3.119468351522249883e-01 2.936929765078191146e-01 2.723676705417449884e-01 0.000000000000000000e+00 0.000000000000000000e+00 0.000000000000000000e+00 0.000000000000000000e+00
4.640034058059946953e-01 4.653634436896689763e-01 4.663563340947506908e-01 4.669852745523332405e-01 4.672522712540079226e-01 4.671581713185867235e-01 4.667026762993173317e-01 4.658843374346233190e-01 4.647005277853087368e-01 4.631474101726095749e-01 4.612198719035073280e-01 4.589114331183299367e-01 4.562141296324186968e-01 4.531183715543611878e-01 4.496127592113189353e-01 4.456838518096526425e-01 4.413158768384030095e-01 4.364903467585665164e-01 4.311856211163083707e-01 4.253763315222215402e-01 4.190325879480363280e-01 4.121189674017552429e-01 4.045931987116203610e-01 3.964043644950853151e-01 3.874904165512785825e-01 3.777746553161901444e-01 3.671605587462556941e-01 3.555240593927370130e-01 3.427013145440197528e-01 3.284682063182386980e-01 3.125038422505013180e-01 2.943192452084775756e-01 2.730988424980338447e-01 0.000000000000000000e+00 0.000000000000000000e+00 0.000000000000000000e+00 0.000000000000000000e+00
4.642461210871736688e-01 4.656010167753034668e-01 4.665891019462284905e-01 4.672135868387162771e-01 4.674764944242491005e-01 4.673786924238022555e-01 4.669199066577848223e-01 4.660987159995567120e-01 4.649125036811954104e-01 4.633572670156673734e-01 4.614278411415498327e-01 4.591177962169808446e-01 4.564192128194699549e-01 4.533225505099466313e-01 4.498164645150940499e-01 4.458875753703200884e-01 4.415201781112325086e-01 4.366957956097651805e-01 4.313926427427368648e-01 4.255854091323889032e-01 4.192443500293515091e-01 4.123341805819160655e-01 4.048127980582031382e-01 3.966294948835215051e-01 3.877224905205871597e-01 3.780154323011819528e-01 3.674121459609656082e-01 3.557889409235345801e-01 3.429829351011172145e-01 3.287715297900525857e-01 3.128362690519018163e-01 2.946926095264471579e-01 2.735341918093058267e-01 0.000000000000000000e+00 0.000000000000000000e+00 0.000000000000000000e+00 0.000000000000000000e+00
4.643277233144184057e-01 4.656800970179669208e-01 4.666662939048699665e-01 4.672893393381020166e-01 4.675510683951150659e-01 4.674521571810518750e-01 4.669921354534666835e-01 4.661693924802097211e-01 4.649818648417975986e-01 4.634263684242649894e-01 4.614972869101516273e-01 4.591875992512919336e-01 4.564892000177019349e-01 4.533923561294513904e-01 4.498855224941211151e-01 4.459551103837375297e-01 4.415852680250169082e-01 4.367599911278690628e-01 4.314592885057053073e-01 4.256555302932588658e-01 4.193174793745966245e-01 4.124096655103810516e-01 4.048897922642425984e-01 3.967069484526948298e-01 3.877991379321450438e-01 3.780899654699458323e-01 3.674881425030227522e-01 3.558730614556599448e-01 3.430775849225592422e-01 3.288771105908285808e-01 3.129536773224135260e-01 2.948238090560837410e-01 2.736836077076685303e-01 0.000000000000000000e+00 0.000000000000000000e+00 0.000000000000000000e+00 0.000000000000000000e+00
