data/gray99/rasters/gray99_topography.asc
ncols 361
nrows 101
xllcorner -0.30642
yllcorner -0.50000
cellsize 0.0085
nodata_value -99999
[rows 0 to 16 of 101, columns 0 to 36 of 361]
1.596265766170949396e+00 1.596265766170949396e+00 1.599643325761064938e+00 1.599643325761064938e+00 1.599643325761064938e+00 1.599643325761064938e+00 1.599643325761064938e+00 1.603090525755100471e+00 1.603090525755100471e+00 1.600079533901113349e+00 1.592934529912693131e+00 1.585789862784865223e+00 1.578645135109419728e+00 1.571500419206054433e+00 1.564355704153340687e+00 1.557210988238964644e+00 1.550066270348694042e+00 1.542921551025985494e+00 1.535776830881969035e+00 1.528632110537257338e+00 1.521487390645011706e+00 1.514342671886678815e+00 1.507197954974932808e+00 1.500053240436378443e+00 1.492908524720645502e+00 1.485763806799848208e+00 1.478619087308878921e+00 1.471474366913623655e+00 1.464329646312803934e+00 1.457184926239960099e+00 1.450040207465587816e+00 1.442895490799411595e+00 1.435750776780574389e+00 1.428606061300260022e+00 1.421461343351908546e+00 1.414316623646743265e+00 1.407171902935196561e+00
1.592957846984753623e+00 1.592957846984753623e+00 1.596265766170949396e+00 1.596265766170949396e+00 1.596265766170949396e+00 1.596265766170949396e+00 1.596265766170949396e+00 1.599643325761064938e+00 1.599643325761064938e+00 1.594205327221315027e+00 1.587060221872184762e+00 1.579915521019618518e+00 1.572770813406327628e+00 1.565626090996483866e+00 1.558481372395975617e+00 1.551336651916678910e+00 1.544191931831517373e+00 1.537047212387693929e+00 1.529902494276913938e+00 1.522757778103499993e+00 1.515613063305147445e+00 1.508468346472110255e+00 1.501323627889850743e+00 1.494178908177462572e+00 1.487034187953244935e+00 1.479889467834678562e+00 1.472744748438365781e+00 1.465600030379984320e+00 1.458455314274231140e+00 1.451310599436298254e+00 1.444165882530610512e+00 1.437021163902445275e+00 1.429876444168927563e+00 1.422731723946200511e+00 1.415587003849362091e+00 1.408442284492396057e+00 1.401297566488098889e+00
1.589719568202477840e+00 1.592957846984753623e+00 1.592957846984753623e+00 1.592957846984753623e+00 1.592957846984753623e+00 1.592957846984753623e+00 1.596265766170949396e+00 1.596265766170949396e+00 1.595594632307115290e+00 1.588448986898858273e+00 1.581304675160025930e+00 1.574159844611320747e+00 1.567015151502267223e+00 1.559870426441595015e+00 1.552725708627124224e+00 1.545580990724459092e+00 1.538436274526526093e+00 1.531291558417326781e+00 1.524146840747917064e+00 1.517002121963074712e+00 1.509857402505574653e+00 1.502712682820100509e+00 1.495567963350791674e+00 1.488423244541946300e+00 1.481278526837858323e+00 1.474133810682829226e+00 1.466989094516464753e+00 1.459844376803897781e+00 1.452699657989368065e+00 1.445554938517139121e+00 1.438410218831496001e+00 1.431265499376751738e+00 1.424120780597248004e+00 1.416976062937353786e+00 1.409831346838847699e+00 1.402686630614562668e+00 1.395541912858535349e+00
1.586550929824121825e+00 1.589719568202477840e+00 1.589719568202477840e+00 1.589719568202477840e+00 1.589719568202477840e+00 1.589719568202477840e+00 1.592957846984753623e+00 1.592957846984753623e+00 1.589958245407760096e+00 1.582812005548702938e+00 1.575667659766459616e+00 1.568522866729375131e+00 1.561378160511216695e+00 1.554233443976861029e+00 1.547088727510300021e+00 1.539944009641251554e+00 1.532799290523549018e+00 1.525654570816692202e+00 1.518509850968303931e+00 1.511365131487944602e+00 1.504220412869923029e+00 1.497075695611849389e+00 1.489930980068858268e+00 1.482786263668621096e+00 1.475641545662252030e+00 1.468496826546825229e+00 1.461352106819414853e+00 1.454207386977091732e+00 1.447062667516927581e+00 1.439917948935995451e+00 1.432773231731364616e+00 1.425628516218636621e+00 1.418483799757338515e+00 1.411339081706350695e+00 1.404194362562745102e+00 1.397049642823593452e+00 1.389904922985967239e+00
1.583451931849686023e+00 1.586550929824121825e+00 1.586550929824121825e+00 1.586550929824121825e+00 1.586550929824121825e+00 1.589719568202477840e+00 1.589719568202477840e+00 1.589719568202477840e+00 1.584439167148508742e+00 1.577293958307425470e+00 1.570149279597421677e+00 1.563004574663658719e+00 1.555859849709016585e+00 1.548715132753709645e+00 1.541570412407822221e+00 1.534425692777235284e+00 1.527280973415561238e+00 1.520136255016955928e+00 1.512991538023822358e+00 1.505846822520321204e+00 1.498702105754043945e+00 1.491557387511242894e+00 1.484412668275968405e+00 1.477267948532222208e+00 1.470123228764026679e+00 1.462978509455396425e+00 1.455833791090350937e+00 1.448689074152905043e+00 1.441544358655798108e+00 1.434399641832948102e+00 1.427254923549599264e+00 1.420110204289771527e+00 1.412965484537479499e+00 1.405820764776741560e+00 1.398676045491574538e+00 1.391531327165995702e+00 1.384386610284022323e+00
1.583451931849686023e+00 1.583451931849686023e+00 1.583451931849686023e+00 1.583451931849686023e+00 1.583451931849686023e+00 1.586550929824121825e+00 1.586550929824121825e+00 1.586184171238014251e+00 1.579038820169584412e+00 1.571894462503423684e+00 1.564749620234613836e+00 1.557604934645609784e+00 1.550460206481659498e+00 1.543315489006394703e+00 1.536170770410626885e+00 1.529026053665932139e+00 1.521881338191903632e+00 1.514736621247039006e+00 1.507591902867700284e+00 1.500447183540069007e+00 1.493302463754028864e+00 1.486157743998110847e+00 1.479013024761226536e+00 1.471868306532196247e+00 1.464723589799858505e+00 1.457578874320136331e+00 1.450434157321202955e+00 1.443289438902108479e+00 1.436144719551690319e+00 1.428999999758783002e+00 1.421855280012223277e+00 1.414710560800847894e+00 1.407565842613492046e+00 1.400421125938993372e+00 1.393276410447060742e+00 1.386131693393354736e+00 1.378986974935651366e+00
1.580422574279169767e+00 1.580422574279169767e+00 1.580422574279169767e+00 1.580422574279169767e+00 1.580422574279169767e+00 1.583451931849686023e+00 1.583451931849686023e+00 1.580904066426669363e+00 1.573757777771766397e+00 1.566613473242033816e+00 1.559468662834415875e+00 1.552323961472131808e+00 1.545179242408706299e+00 1.538034527030300413e+00 1.530889810089874681e+00 1.523745091620788861e+00 1.516600372274822472e+00 1.509455652476359377e+00 1.502310932733506466e+00 1.495166213530276123e+00 1.488021495356676382e+00 1.480876778701396779e+00 1.473732063204947318e+00 1.466587346133637615e+00 1.459442627663408265e+00 1.452297908283163741e+00 1.445153188481811624e+00 1.438008468748257718e+00 1.430863749571408716e+00 1.423719031440171534e+00 1.416574314843450644e+00 1.409429599329140137e+00 1.402284882203759020e+00 1.395140163695623103e+00 1.387995444293637970e+00 1.380850724486712311e+00 1.373706004763751487e+00
1.577462857112573724e+00 1.577462857112573724e+00 1.577462857112573724e+00 1.577462857112573724e+00 1.580422574279169767e+00 1.580422574279169767e+00 1.580422574279169767e+00 1.575741227645355513e+00 1.568595708958735679e+00 1.561451113011720127e+00 1.554306391633599294e+00 1.547161670799871658e+00 1.540016954341630884e+00 1.532872234355358021e+00 1.525727514736250567e+00 1.518582794938709846e+00 1.511438075722680630e+00 1.504293357516329088e+00 1.497148640822500987e+00 1.490003925344345781e+00 1.482859208316892774e+00 1.475714489874498270e+00 1.468569770507451633e+00 1.461425050706062656e+00 1.454280330960632694e+00 1.447135611761467766e+00 1.439990893598869226e+00 1.432846176963143092e+00 1.425701461470256337e+00 1.418556744388185908e+00 1.411412025907375023e+00 1.404267306518129255e+00 1.397122586710752401e+00 1.389977866975546927e+00 1.382833147802818408e+00 1.375688429682870195e+00 1.368543713106005422e+00
1.574572780349897450e+00 1.574572780349897450e+00 1.574572780349897450e+00 1.574572780349897450e+00 1.577462857112573724e+00 1.577462857112573724e+00 1.577462857112573724e+00 1.570696822833306694e+00 1.563552278575131682e+00 1.556407464199909940e+00 1.549262777460880036e+00 1.542118048607752590e+00 1.534973331050720757e+00 1.527828611269967274e+00 1.520683893039946666e+00 1.513539176174874434e+00 1.506394460722165096e+00 1.499249743854476957e+00 1.492105025522474593e+00 1.484960306218344517e+00 1.477815586433154804e+00 1.470670866658399190e+00 1.463526147385447063e+00 1.456381429105699565e+00 1.449236712310550734e+00 1.442091996854358849e+00 1.434947279930059105e+00 1.427802561558236150e+00 1.420657842230284906e+00 1.413513122437600300e+00 1.406368402671577478e+00 1.399223683423611586e+00 1.392078965185098216e+00 1.384934248447431404e+00 1.377789532984216470e+00 1.370644816004197963e+00 1.363500097592904137e+00
1.571752343991141165e+00 1.571752343991141165e+00 1.571752343991141165e+00 1.571752343991141165e+00 1.574572780349897450e+00 1.574572780349897450e+00 1.572917800149444378e+00 1.565771618862355830e+00 1.558627354198881987e+00 1.551482518235604013e+00 1.544337824721721431e+00 1.537193101222669833e+00 1.530048384863279987e+00 1.522903669309607189e+00 1.515758952713206043e+00 1.508614234593725456e+00 1.501469515407572120e+00 1.494324795663870331e+00 1.487180075849996230e+00 1.480035356459971974e+00 1.472890637986083329e+00 1.465745920921015077e+00 1.458601205444489679e+00 1.451456488803681166e+00 1.444311770632269898e+00 1.437167051422872488e+00 1.430022331668105995e+00 1.422877611860588143e+00 1.415732892492935102e+00 1.408588174057762821e+00 1.401443457047690133e+00 1.394298741585061840e+00 1.387154024885767889e+00 1.380009306672158820e+00 1.372864587436854356e+00 1.365719867672469112e+00 1.358575147871619704e+00
1.569001548036304650e+00 1.569001548036304650e+00 1.569001548036304650e+00 1.571752343991141165e+00 1.571752343991141165e+00 1.571752343991141165e+00 1.568111459694111254e+00 1.560965469382903148e+00 1.553821025083633067e+00 1.546676261975053812e+00 1.539531550871007681e+00 1.532386835160816529e+00 1.525242116922058022e+00 1.518097398094797601e+00 1.510952678385227177e+00 1.503807958551758528e+00 1.496663239014773161e+00 1.489518520286072345e+00 1.482373802855622813e+00 1.475229087170387476e+00 1.468084370955813345e+00 1.460939653093343171e+00 1.453794934076830359e+00 1.446650214400124090e+00 1.439505494557073551e+00 1.432360775041530809e+00 1.425216056347344162e+00 1.418071338968365680e+00 1.410926623326941520e+00 1.403781907049982625e+00 1.396637189141459734e+00 1.389492470095221810e+00 1.382347750405120257e+00 1.375203030565004259e+00 1.368058311068725441e+00 1.360913592410133210e+00 1.353768875083076972e+00
1.566320392485388124e+00 1.566320392485388124e+00 1.566320392485388124e+00 1.569001548036304650e+00 1.569001548036304650e+00 1.569001548036304650e+00 1.563423135798985397e+00 1.556278093555055975e+00 1.549133378147875995e+00 1.541988678595669349e+00 1.534843952260228628e+00 1.527699235124879928e+00 1.520554514645540367e+00 1.513409795111893219e+00 1.506265076058006080e+00 1.499120358194991676e+00 1.491975641975676892e+00 1.484830926303702059e+00 1.477686208882957208e+00 1.470541490157520004e+00 1.463396770622585663e+00 1.456252050773252593e+00 1.449107331104654284e+00 1.441962612111913344e+00 1.434817894290155049e+00 1.427673178134502896e+00 1.420528462414922144e+00 1.413383744943088161e+00 1.406239026182983354e+00 1.399094306629732998e+00 1.391949586778462145e+00 1.384804867124296068e+00 1.377660148162358933e+00 1.370515430387776457e+00 1.363370714295673469e+00 1.356225998524168475e+00 1.349081281001821120e+00
1.563708877338391590e+00 1.563708877338391590e+00 1.563708877338391590e+00 1.566320392485388124e+00 1.566320392485388124e+00 1.565998936916659590e+00 1.558853652825255676e+00 1.551709274823451779e+00 1.544564437889590858e+00 1.537419751156755554e+00 1.530275023218250929e+00 1.523130305666435369e+00 1.515985586984198275e+00 1.508840870155143232e+00 1.501696154726493537e+00 1.494551437910343283e+00 1.487406719606105598e+00 1.480262000307331238e+00 1.473117280511665239e+00 1.465972560715163686e+00 1.458827841414356064e+00 1.451683123105650175e+00 1.444538406285481802e+00 1.437393690859937401e+00 1.430248973987854777e+00 1.423104255642137606e+00 1.415959536319218337e+00 1.408814816515527202e+00 1.401670096727494874e+00 1.394525377451552695e+00 1.387380659184131115e+00 1.380235942421660811e+00 1.373091226991991931e+00 1.365946510063245967e+00 1.358801791677280990e+00 1.351657072330528342e+00 1.344512352519418918e+00
1.561167002595314823e+00 1.561167002595314823e+00 1.563708877338391590e+00 1.563708877338391590e+00 1.563708877338391590e+00 1.561549545957522600e+00 1.554403301676071436e+00 1.547259011209187740e+00 1.540114190912194037e+00 1.532969492478276408e+00 1.525824771508170530e+00 1.518680056046282090e+00 1.511535340064887878e+00 1.504390622319539128e+00 1.497245903401366984e+00 1.490101183753731684e+00 1.482956463892999732e+00 1.475811744311726681e+00 1.468667025508964219e+00 1.461522307982200841e+00 1.454377592214953774e+00 1.447232876144510128e+00 1.440088158379956740e+00 1.432943439419063658e+00 1.425798719759598931e+00 1.418653999899331053e+00 1.411509280336030514e+00 1.404364561567465364e+00 1.397219844091403429e+00 1.390075128377053382e+00 1.382930412242635132e+00 1.375785694430566641e+00 1.368640975438616625e+00 1.361496255764555130e+00 1.354351535906150650e+00 1.347206816361170123e+00 1.340062097627384929e+00
1.558694768256158047e+00 1.558694768256158047e+00 1.561167002595314823e+00 1.561167002595314823e+00 1.561167002595314823e+00 1.557217712718450997e+00 1.550071871262164391e+00 1.542927377307612202e+00 1.535782628239406922e+00 1.528637914492073646e+00 1.521493198552395398e+00 1.514348479671246528e+00 1.507203760486705235e+00 1.500059040622344186e+00 1.492914320844602960e+00 1.485769601582597632e+00 1.478624883351720820e+00 1.471480166647792354e+00 1.464335451226205453e+00 1.457190734255577658e+00 1.450046015834078661e+00 1.442901296460849858e+00 1.435756576635025761e+00 1.428611856855744655e+00 1.421467137622141275e+00 1.414322419433353462e+00 1.407177702788517282e+00 1.400032987354667302e+00 1.392888270328083378e+00 1.385743551867136603e+00 1.378598832470962376e+00 1.371454112638698541e+00 1.364309392869480497e+00 1.357164673662446308e+00 1.350019955516731374e+00 1.342875238931471538e+00 1.335730523481013066e+00
1.556292174320921040e+00 1.556292174320921040e+00 1.558694768256158047e+00 1.558694768256158047e+00 1.558694768256158047e+00 1.553004142685084243e+00 1.545859161026343465e+00 1.538714433378188806e+00 1.531569735266991028e+00 1.524425008647591451e+00 1.517280291376752244e+00 1.510135570894492352e+00 1.502990851408324779e+00 1.495846132497493874e+00 1.488701414865616357e+00 1.481556698974422215e+00 1.474411983064003229e+00 1.467267265412545374e+00 1.460122546520461251e+00 1.452977826888357082e+00 1.445833107016738506e+00 1.438688387406145797e+00 1.431543668557110127e+00 1.424398950970163780e+00 1.417254235142593410e+00 1.410109519166629743e+00 1.402964801466111133e+00 1.395820082541570750e+00 1.388675362893540655e+00 1.381530643022552240e+00 1.374385923429139567e+00 1.367241204613834249e+00 1.360096487077168348e+00 1.352951771308333440e+00 1.345807055267344010e+00 1.338662337518350620e+00 1.331517618561885330e+00
1.553959220789604245e+00 1.556292174320921040e+00 1.556292174320921040e+00 1.556292174320921040e+00 1.556054604905694250e+00 1.548909421693515975e+00 1.541765021298379112e+00 1.534620188726818935e+00 1.527475501360840981e+00 1.520330773430177640e+00 1.513186055798690699e+00 1.506041336963531041e+00 1.498896619952617026e+00 1.491751904518130445e+00 1.484607187927113658e+00 1.477462469772363285e+00 1.470317750553277181e+00 1.463173030772960903e+00 1.456028310933004333e+00 1.448883591535461202e+00 1.441738873082260008e+00 1.434594156075363225e+00 1.427449440660459867e+00 1.420304724010705621e+00 1.413160005812123199e+00 1.406015286566668632e+00 1.398870566776295954e+00 1.391725846942958089e+00 1.384581127568612624e+00 1.377436409155211150e+00 1.370291692204710143e+00 1.363146976801125287e+00 1.356002260092133094e+00 1.348857541850911224e+00 1.341712822579414155e+00 1.334568102779596144e+00 1.327423382953411446e+00
