data/gray99/rasters/gray99_topography.asc
ncols 361
nrows 101
xllcorner -0.30642
yllcorner -0.50000
cellsize 0.0085
nodata_value -99999
[rows 51 to 67 of 101, columns 0 to 36 of 361]
1.516074841057173384e+00 1.508954498638158892e+00 1.501809999642867766e+00 1.494665190974691749e+00 1.487520493838631275e+00 1.480375761871557838e+00 1.473231039526380348e+00 1.466086318241037301e+00 1.458941602401042203e+00 1.451796893593561677e+00 1.444652184810397921e+00 1.437507468928642007e+00 1.430362747984241123e+00 1.423218024015409533e+00 1.416073299059206203e+00 1.408928575153067353e+00 1.401783854334328172e+00 1.394639138640348719e+00 1.387494430099168286e+00 1.380349721049014988e+00 1.373205004966857823e+00 1.366060283890052185e+00 1.358915559855952582e+00 1.351770834901913076e+00 1.344626111065289065e+00 1.337481390383435498e+00 1.330336674893706883e+00 1.323191966594869040e+00 1.316047257279627569e+00 1.308902540999749231e+00 1.301757819792588311e+00 1.294613095695499760e+00 1.287468370745839197e+00 1.280323646980960461e+00 1.273178926438219394e+00 1.266034211154970279e+00 1.258889503080728334e+00
1.516179301663053147e+00 1.509132514316584350e+00 1.501987998894890097e+00 1.494843194619532634e+00 1.487698501457897171e+00 1.480553774556360391e+00 1.473409056467869682e+00 1.466264337120018801e+00 1.459119619394565470e+00 1.451974903347602153e+00 1.444830187708832314e+00 1.437685470245056329e+00 1.430540751446114367e+00 1.423396031828642272e+00 1.416251311908201194e+00 1.409106592200714436e+00 1.401961873222004717e+00 1.394817155487919846e+00 1.387672439514301415e+00 1.380527723819569452e+00 1.373383006303009690e+00 1.366238287468916512e+00 1.359093567833131955e+00 1.351948847911498053e+00 1.344804128219859285e+00 1.337659409274058131e+00 1.330514691589938181e+00 1.323369975683341693e+00 1.316225259928021529e+00 1.309080542359650767e+00 1.301935823490801836e+00 1.294791103837318769e+00 1.287646383915043602e+00 1.280501664239820148e+00 1.273356945327491996e+00 1.266212227693900516e+00 1.259067511854890187e+00
1.516353402672852901e+00 1.509429220844655584e+00 1.502284679005187806e+00 1.495139878765092023e+00 1.487995185341317805e+00 1.480850458259924896e+00 1.473705740047753343e+00 1.466561020457570752e+00 1.459416302503931950e+00 1.452271586245690971e+00 1.445126871015196102e+00 1.437982153901181004e+00 1.430837435267355850e+00 1.423692715665274999e+00 1.416547995645489388e+00 1.409403275758905894e+00 1.402258556556330582e+00 1.395113838588594612e+00 1.387969122406522926e+00 1.380824407140774035e+00 1.373679689967360451e+00 1.366534971292867162e+00 1.359390251668120886e+00 1.352245531643946785e+00 1.345100811771171800e+00 1.337956092600622204e+00 1.330811374683125159e+00 1.323666658569506049e+00 1.316521943263873951e+00 1.309377226032020447e+00 1.302232507317300447e+00 1.295087787670540003e+00 1.287943067642566275e+00 1.280798347784205760e+00 1.273653628646284508e+00 1.266508910779628794e+00 1.259364194735064002e+00
1.516597144086572646e+00 1.509844612235445194e+00 1.502700030475775828e+00 1.495555236281402411e+00 1.488410542656375846e+00 1.481265815507107897e+00 1.474121097307187211e+00 1.466976377485187388e+00 1.459831659199360088e+00 1.452686942457660946e+00 1.445542227321843898e+00 1.438397510644865207e+00 1.431252792325188983e+00 1.424108072911302703e+00 1.416963352950801003e+00 1.409818632991625131e+00 1.402673913581611753e+00 1.395529195268627065e+00 1.388384478600527272e+00 1.381239763463741888e+00 1.374095046723424085e+00 1.366950328358952138e+00 1.359805608918186026e+00 1.352660888948983064e+00 1.345516168999203899e+00 1.338371449616707398e+00 1.331226731349353543e+00 1.324082014745000535e+00 1.316937299603098133e+00 1.309792582800319183e+00 1.302647864391500043e+00 1.295503144924501582e+00 1.288358424947182668e+00 1.281213705007403059e+00 1.274068985653022068e+00 1.266924267431898565e+00 1.259779550891891864e+00
1.516910525904212381e+00 1.510378693483098278e+00 1.503234051998642240e+00 1.496089267677163770e+00 1.488944573361669521e+00 1.481799846263498477e+00 1.474655128098794954e+00 1.467510408024590429e+00 1.460365689360222818e+00 1.453220972054306781e+00 1.446076256686222195e+00 1.438931540619513116e+00 1.431786822746134336e+00 1.424642103613047217e+00 1.417497383766499475e+00 1.410352663753060565e+00 1.403207944119199801e+00 1.396063225411411590e+00 1.388918508176185895e+00 1.381773792850810256e+00 1.374629076715476073e+00 1.367484358791833277e+00 1.360339639626372943e+00 1.353194919765583482e+00 1.346050199755956411e+00 1.338905480143980586e+00 1.331760761476147970e+00 1.324616044298947193e+00 1.317471329012780856e+00 1.310326612809578517e+00 1.303181894836138222e+00 1.296037175638949268e+00 1.288892455764502065e+00 1.281747735759287021e+00 1.274603016169794545e+00 1.267458297542514822e+00 1.260313580423936930e+00
1.517293548125771885e+00 1.511031469054323395e+00 1.503886742341342897e+00 1.496741973083989707e+00 1.489597277346863313e+00 1.482452550514723022e+00 1.475307832437017908e+00 1.468163112129789560e+00 1.461018393074760668e+00 1.453873675153175782e+00 1.446728959041005291e+00 1.439584243691193866e+00 1.432439526430703269e+00 1.425294807708839873e+00 1.418150088070409875e+00 1.411005368060502585e+00 1.403860648224107610e+00 1.396715929106245424e+00 1.389571211251927174e+00 1.382426495206167116e+00 1.375281779810654026e+00 1.368137062493228084e+00 1.360992343732302823e+00 1.353847624072890277e+00 1.346702904060002481e+00 1.339558184238655247e+00 1.332413465153860388e+00 1.325268747350631049e+00 1.318124031373980820e+00 1.310979315928010314e+00 1.303834598554141300e+00 1.296689879754793440e+00 1.289545160074980101e+00 1.282400440059714208e+00 1.275255720254008684e+00 1.268111001202877119e+00 1.260966283451332437e+00
1.517746210751251157e+00 1.511802942104868430e+00 1.504658099693745088e+00 1.497513352743132131e+00 1.490368654434879092e+00 1.483223928225295030e+00 1.476079210306322720e+00 1.468934489830645784e+00 1.461789770414125167e+00 1.454645051868136862e+00 1.447500334890421625e+00 1.440355619686037869e+00 1.433210903245771162e+00 1.426066185106217743e+00 1.418921465810812466e+00 1.411776745903216224e+00 1.404632025926994210e+00 1.397487306425743148e+00 1.390342587943050434e+00 1.383197871022506797e+00 1.376053155836441055e+00 1.368908439331355975e+00 1.361763721144856554e+00 1.354619001820532187e+00 1.347474281901972493e+00 1.340329561932766644e+00 1.333184842456504926e+00 1.326040124016775623e+00 1.318895407157170130e+00 1.311750691984446826e+00 1.304605975415074059e+00 1.297461257182261241e+00 1.290316537829597987e+00 1.283171817900673473e+00 1.276027097939077537e+00 1.268882378488400020e+00 1.261737660092229651e+00
1.518268513780650419e+00 1.512693114038508702e+00 1.505548121819709095e+00 1.498403406950572281e+00 1.491258704371181354e+00 1.484113979322926546e+00 1.476969261654547338e+00 1.469824541129933548e+00 1.462679821429343940e+00 1.455535102299835737e+00 1.448390384462343805e+00 1.441245668424003146e+00 1.434100953000085443e+00 1.426956235662116379e+00 1.419811516893200842e+00 1.412666797235561322e+00 1.405522077231339484e+00 1.398377357422707634e+00 1.391232638351828754e+00 1.384087920560867824e+00 1.376943204591989156e+00 1.369798489116550000e+00 1.362653771722570850e+00 1.355509052915613522e+00 1.348364333237842327e+00 1.341219613231421803e+00 1.334074893438517373e+00 1.326930174401293128e+00 1.319785456661913381e+00 1.312640740762543556e+00 1.305496025230857393e+00 1.298351307781489439e+00 1.291206588937070965e+00 1.284061869239764730e+00 1.276917149231737714e+00 1.269772429455154006e+00 1.262627710452176144e+00
1.518860457213969672e+00 1.513701983500635118e+00 1.506556808060578900e+00 1.499412136082950209e+00 1.492267426797215801e+00 1.485122703685406664e+00 1.477977986375053288e+00 1.470833265985703076e+00 1.463688546133169677e+00 1.456543826518019058e+00 1.449399107883420301e+00 1.442254390726926072e+00 1.435109675429659282e+00 1.427964959167626668e+00 1.420820241164115094e+00 1.413675521959877335e+00 1.406530802095608212e+00 1.399386082112028085e+00 1.392241362549849093e+00 1.385096643949786266e+00 1.377951926852553299e+00 1.370807211586636987e+00 1.363662495258363805e+00 1.356517777206515563e+00 1.349373057971805068e+00 1.342228338094947793e+00 1.335083618116657656e+00 1.327938898577647464e+00 1.320794180018633135e+00 1.313649462980327920e+00 1.306504747741133343e+00 1.299360031347223332e+00 1.292215313247619068e+00 1.285070593983031584e+00 1.277925874094176573e+00 1.270781154121767953e+00 1.263636434606518533e+00
1.519522041051208916e+00 1.514829544938800288e+00 1.507684158997194324e+00 1.500539540984098030e+00 1.493394821224091285e+00 1.486250101124361622e+00 1.479105384287697778e+00 1.471960664292794485e+00 1.464815944481149934e+00 1.457671224542349320e+00 1.450526505237187624e+00 1.443381787053697574e+00 1.436237070541525052e+00 1.429092355329677266e+00 1.421947638392791147e+00 1.414802919908020096e+00 1.407658200414597438e+00 1.400513480451777593e+00 1.393368760558805652e+00 1.386224041274930707e+00 1.379079323139399849e+00 1.371934606691461722e+00 1.364789891461221538e+00 1.357645174464538362e+00 1.350500455937791555e+00 1.343355736420228208e+00 1.336211016451096523e+00 1.329066296569645145e+00 1.321921577315120278e+00 1.314776859226771455e+00 1.307632142843844658e+00 1.300487427590506284e+00 1.293342710534610251e+00 1.286197991966480547e+00 1.279053272425365817e+00 1.271908552450513374e+00 1.264763832581170533e+00
1.520253265292367928e+00 1.516075787011295972e+00 1.508930176460905992e+00 1.501785623262220648e+00 1.494640887047888889e+00 1.487496171367017839e+00 1.480351455117090653e+00 1.473206735862057082e+00 1.466062016350614616e+00 1.458917296321398105e+00 1.451772576542858850e+00 1.444627857494673373e+00 1.437483139727574688e+00 1.430338423776798207e+00 1.423193708250148681e+00 1.416048990820351738e+00 1.408904271998466795e+00 1.401759552322256575e+00 1.394614832329476251e+00 1.387470112557883883e+00 1.380325393545237311e+00 1.373180675829293929e+00 1.366035959947810463e+00 1.358891244362892881e+00 1.351746526878465859e+00 1.344601808019736389e+00 1.337457088324461196e+00 1.330312368330398565e+00 1.323167648575304778e+00 1.316022929596938118e+00 1.308878211933055757e+00 1.301733496121414424e+00 1.294588780473544087e+00 1.287444062935078293e+00 1.280299344040091603e+00 1.273154624326340079e+00 1.266009904331582225e+00
1.521054129937446930e+00 1.517440690781417967e+00 1.510294864277995419e+00 1.503150382560833664e+00 1.496005625477958789e+00 1.488860914036499450e+00 1.481716198468830736e+00 1.474571480397405709e+00 1.467426761517223177e+00 1.460282041709051848e+00 1.453137321731546194e+00 1.445992602058838283e+00 1.438847883242422521e+00 1.431703165815231715e+00 1.424558450286008471e+00 1.417413734322790386e+00 1.410269016549565713e+00 1.403124297502587492e+00 1.395979577718103881e+00 1.388834857732366146e+00 1.381690138081623553e+00 1.374545419302126259e+00 1.367400701930124196e+00 1.360255986453910104e+00 1.353111270422268531e+00 1.345966552598354626e+00 1.338821833518417215e+00 1.331677113718706673e+00 1.324532393735473157e+00 1.317387674104966377e+00 1.310242955363436712e+00 1.303098238047133428e+00 1.295953522619265330e+00 1.288808806519788241e+00 1.281664088645770416e+00 1.274519369533461122e+00 1.267374649719109625e+00
1.521924634986445701e+00 1.518924227683252637e+00 1.511778228857437290e+00 1.504633817602403223e+00 1.497489037565773007e+00 1.490344330065912937e+00 1.483199613803270589e+00 1.476054897470695293e+00 1.468910179629474122e+00 1.461765460439042430e+00 1.454620740620675701e+00 1.447476020648086559e+00 1.440331301072686587e+00 1.433186582425175937e+00 1.426041865241138185e+00 1.418897149901503507e+00 1.411752433637061044e+00 1.404607715645287636e+00 1.397462996460909546e+00 1.390318276618650595e+00 1.383173556653235270e+00 1.376028837099387836e+00 1.368884118491833446e+00 1.361739401365296809e+00 1.354594686058106401e+00 1.347449969728000241e+00 1.340305251688244770e+00 1.333160532473564919e+00 1.326015812618685397e+00 1.318871092658330024e+00 1.311726373127225287e+00 1.304581654560093451e+00 1.297436937491660558e+00 1.290292222212255480e+00 1.283147505817070266e+00 1.276002787729917598e+00 1.268858068485520629e+00
1.522864780439364685e+00 1.520526357257274030e+00 1.513380279849015908e+00 1.506235926105287559e+00 1.499091123680138971e+00 1.491946421199361827e+00 1.484801701594279377e+00 1.477656986494657598e+00 1.470512270181139058e+00 1.463367552097316393e+00 1.456222832886184149e+00 1.449078113029285131e+00 1.441933393076392900e+00 1.434788673556203653e+00 1.427643955002974696e+00 1.420499237949663707e+00 1.413354522669591606e+00 1.406209806248775562e+00 1.399065088146437041e+00 1.391920368895760429e+00 1.384775649029929445e+00 1.377630929082129363e+00 1.370486209585544346e+00 1.363341491073357892e+00 1.356196774078754386e+00 1.349052058820275901e+00 1.341907342335335152e+00 1.334762624186502267e+00 1.327617904906960966e+00 1.320473185029897190e+00 1.313328465088493102e+00 1.306183745615933756e+00 1.299039027145403979e+00 1.291894310210087271e+00 1.284749594968558117e+00 1.277604878420075973e+00 1.270460160225332258e+00
1.523874566296203215e+00 1.522247024648721858e+00 1.515101030874500543e+00 1.507956704544072268e+00 1.500811884315220279e+00 1.493667187199698043e+00 1.486522464274936395e+00 1.479377747844456747e+00 1.472233032481656601e+00 1.465088316092430620e+00 1.457943598032778398e+00 1.450798878804431480e+00 1.443654158953002309e+00 1.436509439005638766e+00 1.429364719495182179e+00 1.422220000952975516e+00 1.415075283910709025e+00 1.407930568627839163e+00 1.400785852185921110e+00 1.393641134071729182e+00 1.386496414816894784e+00 1.379351694953047769e+00 1.372206975011819541e+00 1.365062255524839063e+00 1.357917537023737964e+00 1.350772820040146094e+00 1.343628104777661258e+00 1.336483388271949568e+00 1.329338670111542609e+00 1.322193950828072007e+00 1.315049230953168058e+00 1.307904511018460614e+00 1.300759791555580414e+00 1.293615073096157531e+00 1.286470356171824037e+00 1.279325640925093488e+00 1.272180924356169252e+00
1.524953992556961957e+00 1.524086157864506408e+00 1.516940500333713526e+00 1.509796147886275364e+00 1.502651320120724998e+00 1.495506627550639456e+00 1.488361901828602951e+00 1.481217184377726204e+00 1.474072466981026786e+00 1.466927751624000464e+00 1.459783035362230752e+00 1.452638317378831312e+00 1.445493598211463171e+00 1.438348878386486396e+00 1.431204158435170903e+00 1.424059438887254059e+00 1.416914720272878903e+00 1.409770003122094106e+00 1.402625287781709584e+00 1.395480571451901186e+00 1.388335853422821176e+00 1.381191134224535322e+00 1.374046414387109616e+00 1.366901694440608273e+00 1.359756974915097283e+00 1.352612256340640640e+00 1.345467539247304112e+00 1.338322823935654826e+00 1.331178107541183930e+00 1.324033389464969845e+00 1.316888670237077008e+00 1.309743950387570299e+00 1.302599230446515710e+00 1.295454510943977899e+00 1.288309792410022414e+00 1.281165075374714135e+00 1.274020360087181336e+00
1.526103059221640468e+00 1.526043664783446774e+00 1.518898712287685582e+00 1.511754249304890330e+00 1.504609431936307473e+00 1.497464741418002898e+00 1.490320013943507993e+00 1.483175296011979505e+00 1.476030576870672739e+00 1.468885859500700386e+00 1.461741143939774945e+00 1.454596427927391744e+00 1.447451710136390624e+00 1.440306991093500022e+00 1.433162271328166870e+00 1.426017551368560676e+00 1.418872831743260843e+00 1.411728112980734418e+00 1.404583395609478202e+00 1.397438680105327791e+00 1.390293964026189988e+00 1.383149246184854242e+00 1.376004527109812470e+00 1.368859807329553036e+00 1.361715087372565858e+00 1.354570367767342409e+00 1.347425649042371498e+00 1.340280931726144820e+00 1.333136216268550278e+00 1.325991500122695399e+00 1.318846782232118597e+00 1.311702063125309126e+00 1.304557343330757346e+00 1.297412623376952956e+00 1.290267903792386761e+00 1.283123185105549346e+00 1.275978467844930186e+00
