data/gray99/rasters/gray99_mass.asc
ncols 361
nrows 101
xllcorner -0.30642
yllcorner -0.50000
cellsize 0.0085
nodata_value -99999
[rows 51 to 67 of 101, columns 37 to 73 of 361]
4.642461210869369692e-01 4.656010167764643159e-01 4.665891019475529866e-01 4.672135868394334812e-01 4.674764944240586972e-01 4.673786924228758854e-01 4.669199066567784051e-01 4.660987159996078932e-01 4.649125036829204749e-01 4.633572670177312780e-01 4.614278411424726500e-01 4.591177962163764947e-01 4.564192128174295870e-01 4.533225505070502814e-01 4.498164645124220207e-01 4.458875753694836463e-01 4.415201781143119897e-01 4.366957956157254683e-01 4.313926427470508584e-01 4.255854091329827060e-01 4.192443500266626044e-01 4.123341805768946378e-01 4.048127980523597014e-01 3.966294948789491071e-01 3.877224905200163940e-01 3.780154323078722678e-01 3.674121459719444371e-01 3.557889409305217687e-01 3.429829351013362615e-01 3.287715297846678375e-01 3.128362690427251014e-01 2.946926095160518622e-01 2.735341918012488827e-01 0.000000000000000000e+00 0.000000000000000000e+00 0.000000000000000000e+00 0.000000000000000000e+00
4.640034057984142590e-01 4.653634436895573989e-01 4.663563340974379301e-01 4.669852745547669604e-01 4.672522712547865220e-01 4.671581713179999706e-01 4.667026762993959910e-01 4.658843374391802294e-01 4.647005277948574320e-01 4.631474101802461329e-01 4.612198719032835070e-01 4.589114331105119682e-01 4.562141296189882733e-01 4.531183715390748046e-01 4.496127591997823303e-01 4.456838518094183854e-01 4.413158768590230707e-01 4.364903467929106551e-01 4.311856211387367077e-01 4.253763315211718243e-01 4.190325879286345145e-01 4.121189673710865531e-01 4.045931986788667833e-01 3.964043644717257786e-01 3.874904165513384791e-01 3.777746553563356979e-01 3.671605588100073092e-01 3.555240594324328707e-01 3.427013145416358264e-01 3.284682062834580196e-01 3.125038421955614321e-01 2.943192451488599870e-01 2.730988424538226544e-01 0.000000000000000000e+00 0.000000000000000000e+00 0.000000000000000000e+00 0.000000000000000000e+00
4.635980425592026721e-01 4.649667503789079448e-01 4.659676025408571731e-01 4.666038352568999681e-01 4.668774866414583391e-01 4.667894294233770891e-01 4.663393848901606353e-01 4.655259184209575851e-01 4.643464128275773262e-01 4.627970257817997091e-01 4.608726347064315831e-01 4.585667525158064750e-01 4.558714001061178744e-01 4.527769652700106562e-01 4.492720177182218944e-01 4.453430763523876790e-01 4.409743168682530023e-01 4.361471898630050470e-01 4.308399584840035823e-01 4.250271383483815724e-01 4.186787117915728995e-01 4.117590856621828888e-01 4.042257691789081786e-01 3.960275581043801729e-01 3.871020232069850575e-01 3.773719484309697725e-01 3.667401000768810704e-01 3.550813592119148598e-01 3.422303256868064469e-01 3.279604701371283682e-01 3.119468351007860241e-01 2.936929764514707442e-01 2.723676704986661146e-01 0.000000000000000000e+00 0.000000000000000000e+00 0.000000000000000000e+00 0.000000000000000000e+00
4.630282773087056603e-01 4.644091805711471066e-01 4.654212349853669717e-01 4.660677288581019928e-01 4.663507433478019104e-01 4.662711852827837178e-01 4.658288017228587874e-01 4.650221758854962695e-01 4.638487024035834461e-01 4.623045414981432066e-01 4.603845634386694030e-01 4.580822662288930314e-01 4.553896481290273801e-01 4.522970632149466708e-01 4.487930357127966063e-01 4.448640252951359120e-01 4.404941320413117145e-01 4.356647172844474447e-01 4.303539214285735381e-01 4.245361011941184426e-01 4.181810500947688025e-01 4.112529333373942109e-01 4.037089464807853689e-01 3.954974759118358163e-01 3.865555488311424592e-01 3.768052120047347131e-01 3.661482177692830242e-01 3.544579666804492657e-01 3.415668383659088425e-01 3.272448398924023838e-01 3.111611766810889468e-01 2.928086305458094118e-01 2.713332425522688718e-01 0.000000000000000000e+00 0.000000000000000000e+00 0.000000000000000000e+00 0.000000000000000000e+00
4.622918414197393355e-01 4.636885286694586439e-01 4.647150778210707989e-01 4.653748444040506915e-01 4.656699658945896991e-01 4.656013937518218571e-01 4.651689087940646949e-01 4.643711176450402434e-01 4.632054296393271486e-01 4.616680082893837023e-01 4.597537174761303636e-01 4.574560324841928649e-01 4.547669232395393224e-01 4.516767000215780037e-01 4.481738279172861050e-01 4.442446895330696699e-01 4.398732864974411183e-01 4.350408608610375483e-01 4.297253966325515484e-01 4.239010466423080992e-01 4.175373501862617576e-01 4.105981598374836006e-01 4.030402610299030353e-01 3.948115043323463524e-01 3.858482046517874853e-01 3.760714414120696070e-01 3.653816285263801200e-01 3.536502245346718754e-01 3.407066821380762556e-01 3.263164066293404719e-01 3.101408422287943445e-01 2.916583468280368741e-01 2.699842378518862440e-01 0.000000000000000000e+00 0.000000000000000000e+00 0.000000000000000000e+00 0.000000000000000000e+00
4.613857703853672665e-01 4.628019089398032748e-01 4.638463164709687447e-01 4.645224293281041694e-01 4.648324551883022959e-01 4.647774011742536460e-01 4.643570902192870609e-01 4.635701581718165154e-01 4.624140314891859171e-01 4.608848798542822811e-01 4.589775589476000617e-01 4.566855157944784138e-01 4.540006849815809153e-01 4.509133224766457837e-01 4.474118199362446258e-01 4.434824642242390924e-01 4.391091345939711066e-01 4.342729202988038217e-01 4.289516184860206471e-01 4.231191287820255109e-01 4.167446666725105331e-01 4.097916976916287646e-01 4.022164951541329914e-01 3.939662397080150869e-01 3.849763544052189346e-01 3.751667053767340221e-01 3.644360159287146628e-01 3.526533119667245586e-01 3.396443487500935277e-01 3.251686744876395863e-01 3.088778324396722064e-01 2.902316217529921083e-01 2.683053465093318546e-01 0.000000000000000000e+00 0.000000000000000000e+00 0.000000000000000000e+00 0.000000000000000000e+00
4.603063779086770113e-01 4.617457353907092887e-01 4.628114533377914452e-01 4.635070637785578818e-01 4.638348583028684136e-01 4.637959114516679859e-01 4.633900971843885053e-01 4.626160867947442523e-01 4.614713269942515850e-01 4.599519958025255484e-01 4.580529356330927948e-01 4.557675684867883437e-01 4.530877790349183143e-01 4.500037597843666859e-01 4.465038139435574260e-01 4.425741129738216539e-01 4.381983885271625301e-01 4.333575430249454463e-01 4.280291493957825155e-01 4.221868029490147833e-01 4.157993332290602639e-01 4.088297256699469640e-01 4.012336368832867262e-01 3.929574337096464198e-01 3.839354538697261621e-01 3.740860838664762378e-01 3.633059745910182103e-01 3.514611725213867555e-01 3.383728870226327956e-01 3.237934189747538327e-01 3.073619573917885095e-01 2.885149508633138571e-01 2.662765719287346067e-01 0.000000000000000000e+00 0.000000000000000000e+00 0.000000000000000000e+00 0.000000000000000000e+00
4.590492127614134166e-01 4.605156851303670029e-01 4.616062704433567809e-01 4.623246248324828778e-01 4.626731340898919131e-01 4.626529528160496230e-01 4.622640155937646766e-01 4.615050358790028229e-01 4.603734845631703987e-01 4.588655473588261757e-01 4.569760542048256768e-01 4.546983991308813922e-01 4.520244056207302075e-01 4.489441917747812316e-01 4.454459564360467860e-01 4.415157347789673281e-01 4.371370840070063490e-01 4.322906855467298359e-01 4.269538384883796445e-01 4.210997911881120270e-01 4.146969194035766137e-01 4.077076222087631652e-01 4.000868290087330470e-01 3.917799366190215515e-01 3.827199863515280409e-01 3.728235928476189565e-01 3.619849176603921470e-01 3.500663987399212917e-01 3.368837647708620153e-01 3.221804916338725233e-01 3.055805483892466423e-01 2.864913491615942442e-01 2.638722564414008875e-01 0.000000000000000000e+00 0.000000000000000000e+00 0.000000000000000000e+00 0.000000000000000000e+00
4.576090079122063781e-01 4.591066478604236556e-01 4.602257851928288068e-01 4.609702421845337517e-01 4.613425103504981695e-01 4.613438362247774260e-01 4.609742254545265983e-01 4.602324409857501131e-01 4.591159822082313546e-01 4.576210423404131755e-01 4.557424411360174177e-01 4.534735311139015401e-01 4.508060803789996074e-01 4.477301092334867172e-01 4.442336977558054567e-01 4.403027224562022779e-01 4.359205372626504538e-01 4.310675658441955882e-01 4.257207817028408892e-01 4.198530355677254078e-01 4.134321704505888873e-01 4.064199070852876350e-01 3.987703048278780082e-01 3.904276254038108185e-01 3.813233806512736912e-01 3.713720885933886606e-01 3.604649545495245411e-01 3.484600998442904940e-01 3.351666935992178575e-01 3.203175537499597381e-01 3.035180740291447132e-01 2.841396951052569397e-01 2.610596890210371002e-01 0.000000000000000000e+00 0.000000000000000000e+00 0.000000000000000000e+00 0.000000000000000000e+00
4.559796206901267634e-01 4.575126606631634285e-01 4.586641999575791218e-01 4.594382440038750626e-01 4.598374314601491042e-01 4.598631045292546071e-01 4.595153512883105584e-01 4.587929922451515208e-01 4.576935600859585174e-01 4.562132570825662703e-01 4.543468883208201525e-01 4.520877646991727783e-01 4.494275858976621851e-01 4.463562654372681404e-01 4.428617426293391390e-01 4.389297118126778141e-01 4.345432924160776422e-01 4.296826104348984154e-01 4.243242629109610919e-01 4.184406276095080646e-01 4.119989518990028743e-01 4.049601682682782422e-01 3.972773086099579132e-01 3.888933144087054483e-01 3.797379087892714389e-01 3.697231477601117255e-01 3.587367506050379573e-01 3.466317218225802299e-01 3.332093781081479356e-01 3.181897536015561023e-01 3.011556283895787667e-01 2.814338312144313292e-01 2.577970909238693764e-01 0.000000000000000000e+00 0.000000000000000000e+00 0.000000000000000000e+00 0.000000000000000000e+00
4.541539577414266393e-01 4.557268380851510203e-01 4.569148218524777261e-01 4.577220996207247428e-01 4.581514949061744613e-01 4.582044709202518495e-01 4.578812021107663277e-01 4.571805755213151912e-01 4.561001625151880901e-01 4.546361762391273320e-01 4.527834040907520174e-01 4.505351123191766449e-01 4.478829145687039381e-01 4.448166174843427578e-01 4.413239902513187429e-01 4.373905200203407340e-01 4.329990576104315592e-01 4.281293876208150384e-01 4.227576747499351972e-01 4.168557485484486458e-01 4.103901683816165713e-01 4.033209658104464079e-01 3.955999978338402556e-01 3.871686451547534102e-01 3.779545592123373376e-01 3.678669178532651407e-01 3.567893453003986304e-01 3.445687989969393739e-01 3.309972351402635793e-01 3.157793033009685946e-01 2.984702293897786296e-01 2.783413171036973610e-01 0.000000000000000000e+00 0.000000000000000000e+00 0.000000000000000000e+00 0.000000000000000000e+00 0.000000000000000000e+00
4.521238822558258930e-01 4.537412918084359204e-01 4.549699737061946858e-01 4.558143353000249642e-01 4.562773803324847721e-01 4.563607447718851517e-01 4.560646991655812887e-01 4.553882016039280112e-01 4.543288682153984737e-01 4.528829251793591304e-01 4.510451403513521806e-01 4.488087260008754020e-01 4.461652077215610412e-01 4.431042539544807757e-01 4.396134620680491878e-01 4.356780712674882539e-01 4.312806278610955002e-01 4.264005267435027613e-01 4.210134383306485817e-01 4.150905643267288614e-01 4.085976622893298105e-01 4.014937464008089818e-01 3.937293151356519583e-01 3.852439506768099986e-01 3.759628798617483669e-01 3.657919309170430955e-01 3.546099238235114748e-01 3.422566723168040115e-01 3.285129758666048838e-01 3.130649037235809784e-01 2.954339385089296277e-01 2.748216526294191553e-01 0.000000000000000000e+00 0.000000000000000000e+00 0.000000000000000000e+00 0.000000000000000000e+00 0.000000000000000000e+00
4.498801030835918868e-01 4.515470228929892027e-01 4.528209074688020475e-01 4.537064212749524206e-01 4.542067643359044005e-01 4.543237466215214182e-01 4.540577891078715345e-01 4.534079211851734792e-01 4.523718065671610833e-01 4.509456870362800185e-01 4.491243090173872021e-01 4.469008242052832647e-01 4.442666556086810603e-01 4.412113217303931245e-01 4.377222141985808723e-01 4.337843072416687207e-01 4.293797920420950875e-01 4.244876206736540869e-01 4.190829000079785427e-01 4.131361145168123694e-01 4.066121036382007725e-01 3.994686968582172870e-01 3.916548552991672150e-01 3.831080834104654831e-01 3.737507836495181923e-01 3.634848708348553670e-01 3.521835290529014006e-01 3.396781170317608733e-01 3.257360932210897619e-01 3.100210018914741905e-01 2.920125852028858660e-01 2.708237499507847312e-01 0.000000000000000000e+00 0.000000000000000000e+00 0.000000000000000000e+00 0.000000000000000000e+00 0.000000000000000000e+00
4.474120404961257069e-01 4.491337945049549418e-01 4.504576834188444012e-01 4.513886664299064377e-01 4.519301820724385133e-01 4.520842142364087657e-01 4.518513437448168357e-01 4.512307227623371109e-01 4.502200570912495703e-01 4.488156031477534280e-01 4.470120840074774948e-01 4.448025836093473240e-01 4.421784088600635432e-01 4.391289089161646286e-01 4.356412419241696421e-01 4.317000795443356465e-01 4.272872206786446636e-01 4.223811079600880980e-01 4.169562063354144699e-01 4.109821817854291126e-01 4.044228233402863415e-01 3.972345991413472888e-01 3.893646852875514153e-01 3.807482108234849782e-01 3.713043033068279541e-01 3.609302811731281979e-01 3.494926959856177739e-01 3.368128633570234287e-01 3.226422005841664831e-01 3.066167316647568919e-01 2.881640255814461593e-01 2.662821721317013002e-01 0.000000000000000000e+00 0.000000000000000000e+00 0.000000000000000000e+00 0.000000000000000000e+00 0.000000000000000000e+00
4.447076632137405561e-01 4.464899783338550088e-01 4.478690217074843827e-01 4.488500904806646541e-01 4.494368971210547792e-01 4.496316406799873988e-01 4.494350508526790411e-01 4.488464150212202464e-01 4.478635285672160071e-01 4.464826533534370645e-01 4.446984819569118064e-01 4.425040226797557485e-01 4.398904519680048031e-01 4.368469270516314173e-01 4.333603438036319200e-01 4.294150267098242879e-01 4.249923317280236978e-01 4.200701300248436132e-01 4.146221521597985848e-01 4.086171283781940833e-01 4.020176452803579936e-01 3.947786074380898458e-01 3.868451290340113591e-01 3.781495741445943248e-01 3.686072835767993938e-01 3.581101939110536980e-01 3.465169835637058604e-01 3.336369726714040196e-01 3.192021422867322156e-01 3.028145387531159249e-01 2.838355552907398938e-01 0.000000000000000000e+00 0.000000000000000000e+00 0.000000000000000000e+00 0.000000000000000000e+00 0.000000000000000000e+00 0.000000000000000000e+00
4.417532896710604784e-01 4.436023677357440187e-01 4.450421254550330774e-01 4.460782481285485712e-01 4.467147625191729698e-01 4.469541163466800304e-01 4.467972257387382018e-01 4.462434956602410185e-01 4.452908211903777724e-01 4.439355115912499428e-01 4.421722183087090086e-01 4.399938572880616183e-01 4.373914584287679208e-01 4.343539626160161649e-01 4.308679688398719398e-01 4.269174089369706104e-01 4.224831312464108479e-01 4.175423607935672132e-01 4.120679952484223030e-01 4.060276958999651797e-01 3.993826670668361167e-01 3.920860135659635093e-01 3.840804656813749940e-01 3.752951697533490893e-01 3.656410222811543598e-01 3.550036482702680907e-01 3.432323677252893668e-01 3.301220145698370301e-01 3.153807906505172176e-01 2.985682254816163228e-01 2.789601864209192428e-01 0.000000000000000000e+00 0.000000000000000000e+00 0.000000000000000000e+00 0.000000000000000000e+00 0.000000000000000000e+00 0.000000000000000000e+00
4.385333656931261204e-01 4.404559491140194183e-01 4.419624647868510836e-01 4.430590235773268493e-01 4.437500137632914288e-01 4.440381689317713931e-01 4.439246225521167877e-01 4.434089303524407222e-01 4.424890639331582887e-01 4.411613842105571726e-01 4.394205328893673324e-01 4.372593256418413343e-01 4.346686143271657476e-01 4.316370957331063796e-01 4.281510329968879480e-01 4.241939132137761970e-01 4.197460062109681922e-01 4.147837959167594013e-01 4.092792354044084702e-01 4.031987585857826906e-01 3.965019885195960048e-01 3.891399447132690703e-01 3.810525903655861413e-01 3.721653145241113902e-01 3.623837834724026319e-01 3.515861131231557968e-01 3.396104309206571248e-01 3.262339640827378595e-01 3.111353857061637251e-01 2.938201376440526813e-01 2.734509058255810143e-01 0.000000000000000000e+00 0.000000000000000000e+00 0.000000000000000000e+00 0.000000000000000000e+00 0.000000000000000000e+00 0.000000000000000000e+00
