data/shaltop/shaltop_frankslide/delta_25p00/processed/h_max.asc
ncols 201
nrows 201
xllcorner 1010.00000
yllcorner 2010.00000
cellsize 20.0000
nodata_value -99999
[rows 102 to 118 of 201, columns 111 to 147 of 201]
2.233424645226023131e-08 1.681596750735536716e-09 5.662281754581499627e-10 2.702295887058170365e-10 1.292790041684810376e-10 8.430334208497924919e-11 3.801046977169875163e-11 3.888361854720301380e-11 2.181772991438624132e-11 1.908156271879235533e-11 9.948417090122063655e-12 3.231431441874654809e-11 2.835283743896077624e-11 1.615410409605555486e-11 1.319249397224719900e-11 6.296888791640364857e-12 5.554587172162950282e-12 5.138977351298867902e-12 4.589272104699171351e-12 7.469329842135774555e-12 4.328044866941382907e-12 1.937493741832607697e-11 1.463147832059252806e-11 3.951638322119421787e-11 6.705410532381606004e-12 3.272610264379305356e-12 2.303405730041951927e-12 4.284248940312172793e-14 5.444024218208829476e-16 0.000000000000000000e+00 0.000000000000000000e+00 0.000000000000000000e+00 0.000000000000000000e+00 0.000000000000000000e+00 0.000000000000000000e+00 0.000000000000000000e+00 0.000000000000000000e+00
7.798637824407705921e-08 6.786527340096881744e-09 8.379659632851144124e-09 1.387456372015094530e-09 7.528930257016952510e-10 1.129841442626400294e-09 5.620031662267876982e-10 6.536511332200234392e-10 3.684022809036235913e-10 3.566406614474715298e-10 7.227162757139637961e-10 4.686106502838072174e-10 5.077490650151617047e-10 1.982406322431629064e-10 1.453984432853161479e-10 1.293974094540573105e-10 1.188521780992601862e-10 1.111302508349787388e-10 1.040728406231927750e-10 2.746065042025236380e-10 1.335817012559914474e-10 1.190933740513600014e-10 8.743405305322582421e-11 1.329855670029189696e-10 8.746626339872776157e-11 1.618026546079676109e-11 6.611380713728021163e-12 9.315625663442253512e-14 1.318134567187894627e-15 0.000000000000000000e+00 0.000000000000000000e+00 0.000000000000000000e+00 0.000000000000000000e+00 0.000000000000000000e+00 0.000000000000000000e+00 0.000000000000000000e+00 0.000000000000000000e+00
2.977971647055710491e-09 5.874846442655012879e-11 2.448988234426963118e-11 3.309076970769986303e-11 3.471559845147353940e-11 3.805696036085493006e-11 3.327529007543517103e-12 3.217073309136342374e-12 9.418817315713992611e-14 6.387498863169582819e-11 3.023363781551324792e-10 1.552391375170270038e-11 4.045736835822655308e-12 5.014988858215163603e-12 1.802867859342083268e-12 8.973455523563975134e-14 2.943345682809785264e-15 0.000000000000000000e+00 0.000000000000000000e+00 0.000000000000000000e+00 0.000000000000000000e+00 0.000000000000000000e+00 0.000000000000000000e+00 0.000000000000000000e+00 0.000000000000000000e+00 0.000000000000000000e+00 0.000000000000000000e+00 0.000000000000000000e+00 0.000000000000000000e+00 0.000000000000000000e+00 0.000000000000000000e+00 0.000000000000000000e+00 0.000000000000000000e+00 0.000000000000000000e+00 0.000000000000000000e+00 0.000000000000000000e+00 0.000000000000000000e+00
3.240273882543220907e-10 3.124202979654100432e-11 1.782205112654811074e-11 1.103581982742074530e-11 1.393490271089925514e-11 1.504139347796584758e-11 1.046155523320990710e-11 1.203253469084231142e-11 7.176300786254641295e-12 2.000652421507709278e-11 1.985719783048622844e-10 3.033466880464352755e-11 8.765904668806001609e-12 6.016726613461420570e-12 5.076839990070247666e-12 3.624333472229679387e-12 4.868376413265894376e-14 5.739306256368782982e-16 0.000000000000000000e+00 0.000000000000000000e+00 0.000000000000000000e+00 0.000000000000000000e+00 0.000000000000000000e+00 0.000000000000000000e+00 0.000000000000000000e+00 0.000000000000000000e+00 0.000000000000000000e+00 0.000000000000000000e+00 0.000000000000000000e+00 0.000000000000000000e+00 0.000000000000000000e+00 0.000000000000000000e+00 0.000000000000000000e+00 0.000000000000000000e+00 0.000000000000000000e+00 0.000000000000000000e+00 0.000000000000000000e+00
8.723050060055470567e-10 6.185507106515331088e-10 1.696556645169877697e-10 4.186249263904429085e-11 3.181605326418868174e-11 2.284374599204053169e-11 1.819044220807697343e-11 1.604643327934862640e-11 1.470805942316300019e-11 5.302265571049957771e-11 4.584407020669090116e-10 4.927490360184805240e-11 2.728540310359406362e-11 3.052751454402091724e-11 7.375561099365324225e-12 3.137034252156944980e-12 4.178349493114651148e-14 1.096979770373953961e-15 0.000000000000000000e+00 0.000000000000000000e+00 0.000000000000000000e+00 0.000000000000000000e+00 0.000000000000000000e+00 0.000000000000000000e+00 0.000000000000000000e+00 0.000000000000000000e+00 0.000000000000000000e+00 0.000000000000000000e+00 0.000000000000000000e+00 0.000000000000000000e+00 0.000000000000000000e+00 0.000000000000000000e+00 0.000000000000000000e+00 0.000000000000000000e+00 0.000000000000000000e+00 0.000000000000000000e+00 0.000000000000000000e+00
4.849288193220502308e-10 8.493106912199621661e-11 2.170441382176591105e-09 3.590706551537259372e-11 1.595940393728234596e-11 2.653184789924711851e-11 4.875631582496042782e-12 4.315759208339819963e-11 6.487536896582213330e-11 6.988148254505333057e-11 1.428929474744933259e-10 4.973388020856894798e-11 1.142346720689468853e-11 2.684698990895739712e-11 7.676426334868313717e-12 3.153786476764453006e-12 7.163578541122261889e-14 8.409892655316872356e-14 4.466681287129204217e-15 9.861369330171378123e-16 0.000000000000000000e+00 0.000000000000000000e+00 0.000000000000000000e+00 0.000000000000000000e+00 0.000000000000000000e+00 0.000000000000000000e+00 0.000000000000000000e+00 0.000000000000000000e+00 0.000000000000000000e+00 0.000000000000000000e+00 0.000000000000000000e+00 0.000000000000000000e+00 0.000000000000000000e+00 0.000000000000000000e+00 0.000000000000000000e+00 0.000000000000000000e+00 0.000000000000000000e+00
2.011264223256148398e-05 2.284168854060908416e-09 2.989995806501610787e-09 8.791904010374551603e-11 9.675356349436725623e-11 1.609549819814315441e-11 3.328455913664818411e-11 1.328314264137375744e-10 2.245497260355833191e-10 1.659200554726680821e-10 3.564828432445210638e-10 1.776699759536981560e-10 8.958801582525932616e-12 2.074609581348418885e-11 1.705219472569741157e-11 4.103608425287674777e-11 4.662560268431370503e-12 5.644774144636377500e-12 6.935280800167420434e-14 6.450415424236535800e-14 3.284065956392248457e-15 0.000000000000000000e+00 0.000000000000000000e+00 0.000000000000000000e+00 0.000000000000000000e+00 0.000000000000000000e+00 0.000000000000000000e+00 0.000000000000000000e+00 0.000000000000000000e+00 0.000000000000000000e+00 0.000000000000000000e+00 0.000000000000000000e+00 0.000000000000000000e+00 0.000000000000000000e+00 0.000000000000000000e+00 0.000000000000000000e+00 0.000000000000000000e+00
1.007294372357137036e-06 1.201902705361135304e-05 1.927502495391308912e-07 1.128802717964560998e-09 1.023008788791912593e-09 6.234829874607328293e-10 1.312832065281099858e-09 4.533761366332100806e-09 2.850646663166145345e-10 4.012533361130721232e-11 9.877017606574334252e-12 1.395006887783267757e-10 2.630022935545817120e-11 1.923856733643258821e-11 1.049112047235567502e-10 3.843163981498420867e-11 8.016629027274291275e-12 3.520375397442210286e-12 1.428081286038163089e-12 3.806284280816196741e-12 8.344419718999546154e-14 1.792005561342536850e-15 0.000000000000000000e+00 0.000000000000000000e+00 0.000000000000000000e+00 0.000000000000000000e+00 0.000000000000000000e+00 0.000000000000000000e+00 0.000000000000000000e+00 0.000000000000000000e+00 0.000000000000000000e+00 0.000000000000000000e+00 0.000000000000000000e+00 0.000000000000000000e+00 0.000000000000000000e+00 0.000000000000000000e+00 0.000000000000000000e+00
3.550897815784992417e-07 6.393676130755920894e-07 1.659810095588909462e-06 1.191557021229527891e-05 3.132974768504936947e-08 4.152030719239974133e-09 2.525276876497173362e-09 1.363712964774776992e-08 1.282630335275314337e-09 4.087327004631546856e-11 1.841136965108347567e-10 1.878818767231393849e-10 1.367830626541888250e-09 3.946021842615721198e-10 1.282676076463928894e-09 6.020658194216821357e-09 3.015182895027557208e-11 9.648092047509493341e-11 8.271068725751451467e-12 6.486015283885260274e-12 1.536984081673686831e-12 4.990701184563392512e-14 3.029133179707700803e-15 0.000000000000000000e+00 0.000000000000000000e+00 0.000000000000000000e+00 0.000000000000000000e+00 0.000000000000000000e+00 0.000000000000000000e+00 0.000000000000000000e+00 0.000000000000000000e+00 0.000000000000000000e+00 0.000000000000000000e+00 0.000000000000000000e+00 0.000000000000000000e+00 0.000000000000000000e+00 0.000000000000000000e+00
8.408403573412215337e-07 1.648906049922516104e-06 2.104064606101019308e-06 3.674365416372893378e-06 4.014897058368660510e-05 2.765116278169443831e-07 1.022894267066476459e-07 1.409709824429228320e-07 8.266513695787125471e-09 5.798727609196419053e-10 3.206512555475882209e-10 4.983883528097976523e-09 1.787864079005885287e-08 2.013072553097572381e-08 1.761257095722612576e-08 1.024255738002466387e-07 1.199875310220477331e-08 6.484175418819404513e-10 2.403073018353296675e-10 1.467884286343590361e-10 3.094662330213604484e-12 2.937978853256861811e-12 4.842439925607788798e-14 1.773283486230256643e-15 0.000000000000000000e+00 0.000000000000000000e+00 0.000000000000000000e+00 0.000000000000000000e+00 0.000000000000000000e+00 0.000000000000000000e+00 0.000000000000000000e+00 0.000000000000000000e+00 0.000000000000000000e+00 0.000000000000000000e+00 0.000000000000000000e+00 0.000000000000000000e+00 0.000000000000000000e+00
2.129103222614503466e-06 2.716411472647450864e-06 3.034893779840786010e-06 3.158297886329819448e-06 2.925954504462424666e-06 4.621379048330709338e-06 5.439791948447236791e-06 3.048098369617946446e-05 8.399139915127307177e-06 1.174548955873433442e-07 5.605381048212620954e-08 1.213896609897346934e-07 2.443166202681368304e-08 9.445598081470052421e-09 7.603829565994146833e-09 1.694942497465490305e-08 1.615627098772165482e-08 3.323404484945058357e-08 4.325411140371215879e-10 1.571724000948293565e-10 3.776324739024339294e-11 3.992796978463664104e-12 1.453162568575139257e-12 8.793891315009641496e-14 3.537305937731708393e-15 0.000000000000000000e+00 0.000000000000000000e+00 0.000000000000000000e+00 0.000000000000000000e+00 0.000000000000000000e+00 0.000000000000000000e+00 0.000000000000000000e+00 0.000000000000000000e+00 0.000000000000000000e+00 0.000000000000000000e+00 0.000000000000000000e+00 0.000000000000000000e+00
3.445976290095131844e-06 3.499289050523657352e-06 3.482124611764447764e-06 3.285510729256202467e-06 2.815199195538298227e-06 2.033089003816712648e-06 1.311012283622403629e-06 7.668566013308009133e-07 8.694458415448025335e-07 6.277821739786304533e-06 1.276315089171475847e-07 9.899988526740344241e-07 3.243845370093367819e-08 1.282590833540098174e-08 1.008748107267365413e-08 7.376618427201719896e-09 6.294556875729995227e-09 3.199630782546591945e-08 3.401817716408572778e-09 2.751976979631365339e-10 2.619086059141295664e-10 1.120220166628271841e-10 7.515132613433728181e-12 4.183113924693948604e-12 6.289950114576892126e-14 9.153657420872649171e-16 0.000000000000000000e+00 0.000000000000000000e+00 0.000000000000000000e+00 0.000000000000000000e+00 0.000000000000000000e+00 0.000000000000000000e+00 0.000000000000000000e+00 0.000000000000000000e+00 0.000000000000000000e+00 0.000000000000000000e+00 0.000000000000000000e+00
4.131172318011522293e-06 3.869671672873664647e-06 3.467382839517085813e-06 2.840236902557080612e-06 2.092918521157116629e-06 1.418019678567361552e-06 8.931049819693726022e-07 4.995348490410833620e-07 2.616889673845435027e-07 1.308973480718123028e-07 7.016171110763025354e-08 7.611689056830073241e-08 1.156712414740468375e-07 2.169487345327070216e-07 2.173130297933312249e-07 2.169966535348066827e-07 2.071058844421713729e-07 1.607062813491211273e-06 1.699896472473483300e-07 1.166842622524200124e-07 1.967150176085397106e-08 1.311744324272723361e-10 1.993717864412491991e-11 3.284711261666850568e-12 3.809246077205938330e-14 7.883877741182016008e-15 4.291738596214208449e-16 0.000000000000000000e+00 0.000000000000000000e+00 0.000000000000000000e+00 0.000000000000000000e+00 0.000000000000000000e+00 0.000000000000000000e+00 0.000000000000000000e+00 0.000000000000000000e+00 0.000000000000000000e+00 0.000000000000000000e+00
4.127122338104527444e-06 3.474850700513343327e-06 2.802682502078823745e-06 2.088874225592007861e-06 1.421214051333663519e-06 8.777386142355680931e-07 4.847718173550674692e-07 2.532205485294980463e-07 1.266362232854589820e-07 7.071719210216542706e-08 6.995072254767364939e-08 7.165179738422011724e-08 7.099153265244240174e-08 6.957672837870632065e-08 1.145086727660782344e-07 1.820224895254796138e-07 2.812721504596993327e-07 3.868873932333372068e-07 4.058060312672751024e-06 1.813071861533899209e-07 2.262261211694038820e-10 2.196656571917809941e-11 6.593890364281485006e-12 2.445401520168033471e-12 4.722680037837212463e-13 6.306927094294756397e-13 3.555916818593837792e-14 8.984819402287633552e-16 5.511928351504756824e-18 1.815423878281970517e-16 0.000000000000000000e+00 0.000000000000000000e+00 0.000000000000000000e+00 0.000000000000000000e+00 0.000000000000000000e+00 0.000000000000000000e+00 0.000000000000000000e+00
3.048786538784042932e-06 2.722439830904477276e-06 2.195849674535566010e-06 1.493069703428773209e-06 8.785800673649646342e-07 4.568830718199023977e-07 2.382862476224545389e-07 1.164842657885856170e-07 7.234085330765083199e-08 7.047775341106898850e-08 7.438870142095765914e-08 7.637851950903495890e-08 7.471383867141412338e-08 7.380924671451793984e-08 7.621226671972181066e-08 9.186732086163829081e-08 1.217583474044658942e-07 1.452427653703125543e-07 1.497264747740700841e-07 2.315280340781100676e-07 2.939919113487121649e-06 5.640044378196762409e-07 5.446622708404902369e-08 1.987878472942128383e-10 3.235069157003778173e-11 4.827976907151310115e-11 5.021399095139766899e-12 7.396742316952489849e-14 2.239217824020773434e-14 1.682544552360047685e-14 6.542609539534303964e-16 0.000000000000000000e+00 0.000000000000000000e+00 0.000000000000000000e+00 0.000000000000000000e+00 0.000000000000000000e+00 0.000000000000000000e+00
3.686431227833963931e-06 2.511855882403324358e-06 1.634029445085616317e-06 8.689606261214066762e-07 4.262280981492949650e-07 2.319569318842695793e-07 1.034227636864670785e-07 8.585090682800000650e-08 7.157956360970274545e-08 7.447446392916390323e-08 8.137422469189914409e-08 7.827627257483982248e-08 7.388862854895705823e-08 7.835041060388903134e-08 1.009577914601322846e-07 1.453567222142737592e-07 1.712705284262483474e-07 1.728759997376982938e-07 1.640341054098826135e-07 1.429139473430041107e-07 1.137935257133904088e-07 7.961438797110531596e-08 5.611809683614410460e-07 1.103729346141335554e-06 1.517711112342112756e-08 2.632592061013738771e-11 4.088898664100781843e-11 6.852220613834392182e-12 1.248543282650338426e-11 4.054283384707924043e-12 2.081313433773858412e-14 2.200524496075381979e-16 0.000000000000000000e+00 0.000000000000000000e+00 0.000000000000000000e+00 0.000000000000000000e+00 0.000000000000000000e+00
2.266229785163886845e-06 1.388838200000463985e-06 9.268702001463680062e-07 5.754357061960035935e-07 3.169623710164160002e-07 1.154971513983582554e-07 1.031355694181002036e-07 9.635623143822158454e-08 5.957314996862805856e-08 9.084406116244281293e-08 9.032296333089107065e-08 7.694463022289710352e-08 7.547667735252616694e-08 9.784244525690155569e-08 1.547382026956256595e-07 1.908147453377750935e-07 1.907604456619083066e-07 1.797570234884915408e-07 1.567196221685662749e-07 1.231308743854242493e-07 2.056709291764491354e-07 2.491841257779014995e-07 2.269273693400464254e-07 4.625437384220276726e-07 7.323420732063823380e-07 2.091294675210519927e-07 1.460000298436625599e-08 8.285431368770801441e-11 1.258067521686667689e-11 1.486534284339188772e-13 2.587276875761542611e-14 1.681713824797028030e-15 0.000000000000000000e+00 0.000000000000000000e+00 0.000000000000000000e+00 0.000000000000000000e+00 0.000000000000000000e+00
