data/shaltop/shaltop_frankslide/delta_25p00/processed/h_max.asc
ncols 201
nrows 201
xllcorner 1010.00000
yllcorner 2010.00000
cellsize 20.0000
nodata_value -99999
[rows 102 to 118 of 201, columns 37 to 73 of 201]
3.684494781494140625e+01 3.384877014160156250e+01 2.967285537719726562e+01 2.615890884399414062e+01 2.299969482421875000e+01 2.313961219787597656e+01 2.419048118591308594e+01 2.677548027038574219e+01 3.113691711425781250e+01 3.680420684814453125e+01 4.176401519775390625e+01 4.511377334594726562e+01 4.722787857055664062e+01 4.820591354370117188e+01 4.799398803710937500e+01 4.761283111572265625e+01 4.673391723632812500e+01 4.693496704101562500e+01 4.865634155273437500e+01 5.220931243896484375e+01 4.962701797485351562e+01 4.872669219970703125e+01 4.622148895263671875e+01 4.288212966918945312e+01 3.959376144409179688e+01 3.696842193603515625e+01 3.515368270874023438e+01 3.417930603027343750e+01 3.442533111572265625e+01 3.520250320434570312e+01 3.661427688598632812e+01 3.683684921264648438e+01 3.756929779052734375e+01 4.070518112182617188e+01 4.550794601440429688e+01 5.174272537231445312e+01 5.901066589355468750e+01
3.887753677368164062e+01 3.552135848999023438e+01 3.170132255554199219e+01 2.860650634765625000e+01 2.556175613403320312e+01 2.636437416076660156e+01 2.813818740844726562e+01 3.117317199707031250e+01 3.596469497680664062e+01 4.108092498779296875e+01 4.481236267089843750e+01 4.738138580322265625e+01 4.939687347412109375e+01 5.010564041137695312e+01 4.953114700317382812e+01 4.886158370971679688e+01 4.792011260986328125e+01 4.846716690063476562e+01 5.063191223144531250e+01 5.406407928466796875e+01 5.231066513061523438e+01 5.170397186279296875e+01 4.919424057006835938e+01 4.555649185180664062e+01 4.175751876831054688e+01 3.852919006347656250e+01 3.610587310791015625e+01 3.532835006713867188e+01 3.562932968139648438e+01 3.638288497924804688e+01 3.727505493164062500e+01 3.676579284667968750e+01 3.563719940185546875e+01 3.644916534423828125e+01 4.053239822387695312e+01 4.624987030029296875e+01 5.441126251220703125e+01
4.067514038085937500e+01 3.892485809326171875e+01 3.586698532104492188e+01 3.265229797363281250e+01 2.901082038879394531e+01 3.005174255371093750e+01 3.202297973632812500e+01 3.522660446166992188e+01 4.035710144042968750e+01 4.357254791259765625e+01 4.617091751098632812e+01 4.856610488891601562e+01 5.042441558837890625e+01 5.183353042602539062e+01 5.125580596923828125e+01 5.057871246337890625e+01 4.977217864990234375e+01 5.054109191894531250e+01 5.260691833496093750e+01 5.558798980712890625e+01 5.473735809326171875e+01 5.414461898803710938e+01 5.191542434692382812e+01 4.829600524902343750e+01 4.430775451660156250e+01 4.067371368408203125e+01 3.753446578979492188e+01 3.639058303833007812e+01 3.662191772460937500e+01 3.721532058715820312e+01 3.739212417602539062e+01 3.645101928710937500e+01 3.535823822021484375e+01 3.384650039672851562e+01 3.598260116577148438e+01 4.154779434204101562e+01 4.947694778442382812e+01
4.681741333007812500e+01 4.506379699707031250e+01 4.149481964111328125e+01 3.744801330566406250e+01 3.298291778564453125e+01 3.406565856933593750e+01 3.623818588256835938e+01 3.946628570556640625e+01 4.385694122314453125e+01 4.499042129516601562e+01 4.656202697753906250e+01 4.843886566162109375e+01 5.080410766601562500e+01 5.293403244018554688e+01 5.295792007446289062e+01 5.232632064819335938e+01 5.190880966186523438e+01 5.319412231445312500e+01 5.507058715820312500e+01 5.780574417114257812e+01 5.701568603515625000e+01 5.607397079467773438e+01 5.400300598144531250e+01 5.051966476440429688e+01 4.670768356323242188e+01 4.282462692260742188e+01 3.936718368530273438e+01 3.762073516845703125e+01 3.764681625366210938e+01 3.786637496948242188e+01 3.782356262207031250e+01 3.665546798706054688e+01 3.541020202636718750e+01 3.387263870239257812e+01 3.267316436767578125e+01 3.758140945434570312e+01 4.488476562500000000e+01
5.308337402343750000e+01 5.081420516967773438e+01 4.668601608276367188e+01 4.176216888427734375e+01 3.716509628295898438e+01 3.816162872314453125e+01 4.015870285034179688e+01 4.340967559814453125e+01 4.671351623535156250e+01 4.710618209838867188e+01 4.786159133911132812e+01 4.899234771728515625e+01 5.085406494140625000e+01 5.355024719238281250e+01 5.469951629638671875e+01 5.403394317626953125e+01 5.412493896484375000e+01 5.592686843872070312e+01 5.740862655639648438e+01 5.959989166259765625e+01 5.888015747070312500e+01 5.755535888671875000e+01 5.514864349365234375e+01 5.186315155029296875e+01 4.841209030151367188e+01 4.474431991577148438e+01 4.125587463378906250e+01 3.937335968017578125e+01 3.850090789794921875e+01 3.842747879028320312e+01 3.842258834838867188e+01 3.753465270996093750e+01 3.667409133911132812e+01 3.553075408935546875e+01 3.429153823852539062e+01 3.600053024291992188e+01 4.069884490966796875e+01
5.849480819702148438e+01 5.593547821044921875e+01 5.182323074340820312e+01 4.713243484497070312e+01 4.240356063842773438e+01 4.316495132446289062e+01 4.497060012817382812e+01 4.782272338867187500e+01 4.994772720336914062e+01 4.981036758422851562e+01 4.968523406982421875e+01 5.008634185791015625e+01 5.144675064086914062e+01 5.353401184082031250e+01 5.572200775146484375e+01 5.588876724243164062e+01 5.643807983398437500e+01 5.869511413574218750e+01 5.964181137084960938e+01 6.134614181518554688e+01 6.033938598632812500e+01 5.823997116088867188e+01 5.536181640625000000e+01 5.211429214477539062e+01 4.911368942260742188e+01 4.592669296264648438e+01 4.301738739013671875e+01 4.053806686401367188e+01 3.947371292114257812e+01 3.879927444458007812e+01 3.862012100219726562e+01 3.833107757568359375e+01 3.771543884277343750e+01 3.681627273559570312e+01 3.752590560913085938e+01 3.962851333618164062e+01 3.710560989379882812e+01
6.350636291503906250e+01 6.073953628540039062e+01 5.667363739013671875e+01 5.213638687133789062e+01 4.756900024414062500e+01 4.782955169677734375e+01 4.914102554321289062e+01 5.116281127929687500e+01 5.260304641723632812e+01 5.252485275268554688e+01 5.238952255249023438e+01 5.262000656127929688e+01 5.326010131835937500e+01 5.445582962036132812e+01 5.600763702392578125e+01 5.729714202880859375e+01 5.849989318847656250e+01 6.104212951660156250e+01 6.169842910766601562e+01 6.240842819213867188e+01 6.085064697265625000e+01 5.813965225219726562e+01 5.477718734741210938e+01 5.114331436157226562e+01 4.866749572753906250e+01 4.625915145874023438e+01 4.432403182983398438e+01 4.248741912841796875e+01 4.117098617553710938e+01 4.012412261962890625e+01 4.009091949462890625e+01 4.047748947143554688e+01 4.030403900146484375e+01 3.984857940673828125e+01 4.119763946533203125e+01 4.377329635620117188e+01 4.109747314453125000e+01
6.656056213378906250e+01 6.402790832519531250e+01 6.051181030273437500e+01 5.682236099243164062e+01 5.312707138061523438e+01 5.320876693725585938e+01 5.392230987548828125e+01 5.498621368408203125e+01 5.540966033935546875e+01 5.540616989135742188e+01 5.541858291625976562e+01 5.579920196533203125e+01 5.603711700439453125e+01 5.644878005981445312e+01 5.709332275390625000e+01 5.824326705932617188e+01 6.018474578857421875e+01 6.277104568481445312e+01 6.318177032470703125e+01 6.299072265625000000e+01 6.061700057983398438e+01 5.766130065917968750e+01 5.419068527221679688e+01 5.062527847290039062e+01 4.840898895263671875e+01 4.668081283569335938e+01 4.548696136474609375e+01 4.407788085937500000e+01 4.226822280883789062e+01 4.110443115234375000e+01 4.116483688354492188e+01 4.166285324096679688e+01 4.242815017700195312e+01 4.394984054565429688e+01 4.604588317871093750e+01 4.668695068359375000e+01 4.371278762817382812e+01
6.770971679687500000e+01 6.492916870117187500e+01 6.241870880126953125e+01 5.972236251831054688e+01 5.718459320068359375e+01 5.733213043212890625e+01 5.772454071044921875e+01 5.819380187988281250e+01 5.795775985717773438e+01 5.779964828491210938e+01 5.810370635986328125e+01 5.890727615356445312e+01 5.920068740844726562e+01 5.912930679321289062e+01 5.932778930664062500e+01 6.038035583496093750e+01 6.244137954711914062e+01 6.440848541259765625e+01 6.501295471191406250e+01 6.433265686035156250e+01 6.185055160522460938e+01 5.884986114501953125e+01 5.531216430664062500e+01 5.215839385986328125e+01 4.963264846801757812e+01 4.918059158325195312e+01 4.862132263183593750e+01 4.777654266357421875e+01 4.649514770507812500e+01 4.482599639892578125e+01 4.450565338134765625e+01 4.491108703613281250e+01 4.591660308837890625e+01 4.784880065917968750e+01 5.059310913085937500e+01 5.164811325073242188e+01 4.897517013549804688e+01
6.712516021728515625e+01 6.394075012207031250e+01 6.231048202514648438e+01 6.046542358398437500e+01 5.857366180419921875e+01 5.876553344726562500e+01 5.913594818115234375e+01 5.925440597534179688e+01 5.848894119262695312e+01 5.769698333740234375e+01 5.800183105468750000e+01 5.897111511230468750e+01 5.924625015258789062e+01 5.908235549926757812e+01 5.917480468750000000e+01 6.015599060058593750e+01 6.251031112670898438e+01 6.404048919677734375e+01 6.481734466552734375e+01 6.413365936279296875e+01 6.167306518554687500e+01 5.897523498535156250e+01 5.589738464355468750e+01 5.314730072021484375e+01 5.129858016967773438e+01 5.095838165283203125e+01 5.062002182006835938e+01 4.999691390991210938e+01 4.885582351684570312e+01 4.742839050292968750e+01 4.663906097412109375e+01 4.686619186401367188e+01 4.765885162353515625e+01 5.251168060302734375e+01 5.561023330688476562e+01 5.651979064941406250e+01 5.335137176513671875e+01
6.651789855957031250e+01 6.300043869018554688e+01 6.070260238647460938e+01 5.949113845825195312e+01 5.823577880859375000e+01 5.857181167602539062e+01 5.924306488037109375e+01 6.028453063964843750e+01 5.979745101928710938e+01 5.965314865112304688e+01 6.011555862426757812e+01 6.131647109985351562e+01 6.204429626464843750e+01 6.224077606201171875e+01 6.281141281127929688e+01 6.399079895019531250e+01 6.633019256591796875e+01 6.621707153320312500e+01 6.662448120117187500e+01 6.561230468750000000e+01 6.328075408935546875e+01 6.084224700927734375e+01 5.783264160156250000e+01 5.525485610961914062e+01 5.364523696899414062e+01 5.341785430908203125e+01 5.302526473999023438e+01 5.227144622802734375e+01 5.112505340576171875e+01 4.966218185424804688e+01 4.851228713989257812e+01 4.833092117309570312e+01 5.033292388916015625e+01 5.668345642089843750e+01 5.941741561889648438e+01 5.962023162841796875e+01 5.676277160644531250e+01
6.623319244384765625e+01 6.275836181640625000e+01 5.962405776977539062e+01 5.851414108276367188e+01 5.685519409179687500e+01 5.670895385742187500e+01 5.741824722290039062e+01 5.843787765502929688e+01 5.810830688476562500e+01 5.820479583740234375e+01 5.879197311401367188e+01 5.999261474609375000e+01 6.030877304077148438e+01 6.075671768188476562e+01 6.172055816650390625e+01 6.342879486083984375e+01 6.656547546386718750e+01 6.668988800048828125e+01 6.770330810546875000e+01 6.747559356689453125e+01 6.634307861328125000e+01 6.402049255371093750e+01 6.081302642822265625e+01 5.826398849487304688e+01 5.697568130493164062e+01 5.626765060424804688e+01 5.524251937866210938e+01 5.382506561279296875e+01 5.209103393554687500e+01 5.014955139160156250e+01 4.885644531250000000e+01 4.890953826904296875e+01 5.314773178100585938e+01 6.005933380126953125e+01 6.324812316894531250e+01 6.272598648071289062e+01 6.052779388427734375e+01
6.764104461669921875e+01 6.437397766113281250e+01 6.068804550170898438e+01 5.855718612670898438e+01 5.624782180786132812e+01 5.552881240844726562e+01 5.623131179809570312e+01 5.719125747680664062e+01 5.717436218261718750e+01 5.740236282348632812e+01 5.804350662231445312e+01 5.911645889282226562e+01 5.915494155883789062e+01 5.945766830444335938e+01 6.033089447021484375e+01 6.213468170166015625e+01 6.522746276855468750e+01 6.569213867187500000e+01 6.530989074707031250e+01 6.484319305419921875e+01 6.418164062500000000e+01 6.299126434326171875e+01 6.181746292114257812e+01 6.030390930175781250e+01 5.949052429199218750e+01 5.869020462036132812e+01 5.705229568481445312e+01 5.451630020141601562e+01 5.186636352539062500e+01 4.910963439941406250e+01 4.737512969970703125e+01 4.672893905639648438e+01 5.491975021362304688e+01 6.290256118774414062e+01 6.688416290283203125e+01 6.673043823242187500e+01 6.499823760986328125e+01
7.023678588867187500e+01 6.691082000732421875e+01 6.345706176757812500e+01 6.096162414550781250e+01 5.804322052001953125e+01 5.582171249389648438e+01 5.612668609619140625e+01 5.681643676757812500e+01 5.697593688964843750e+01 5.709691619873046875e+01 5.772965621948242188e+01 5.880159378051757812e+01 5.871407699584960938e+01 5.878052139282226562e+01 5.936610412597656250e+01 6.088719177246093750e+01 6.360813140869140625e+01 6.419371032714843750e+01 6.334990692138671875e+01 6.240822982788085938e+01 6.128118133544921875e+01 6.019472122192382812e+01 5.914095687866210938e+01 5.940713119506835938e+01 5.962036895751953125e+01 5.977901458740234375e+01 5.795806503295898438e+01 5.483634185791015625e+01 5.113874435424804688e+01 4.747765350341796875e+01 4.450097656250000000e+01 4.306179809570312500e+01 5.311585998535156250e+01 6.220200347900390625e+01 6.833829498291015625e+01 7.089942932128906250e+01 6.915158843994140625e+01
7.755576324462890625e+01 7.020394134521484375e+01 6.692443084716796875e+01 6.410178375244140625e+01 6.089627456665039062e+01 5.834906768798828125e+01 5.815972518920898438e+01 5.855782318115234375e+01 5.869107055664062500e+01 5.858452987670898438e+01 5.895435333251953125e+01 5.966842651367187500e+01 5.931809234619140625e+01 5.886811828613281250e+01 5.895872879028320312e+01 5.999795150756835938e+01 6.204229354858398438e+01 6.285940933227539062e+01 6.191387557983398438e+01 6.075622558593750000e+01 5.922301101684570312e+01 5.772301101684570312e+01 5.664729690551757812e+01 5.686365127563476562e+01 5.767659378051757812e+01 5.880326461791992188e+01 5.720269393920898438e+01 5.422621154785156250e+01 4.990036392211914062e+01 4.562104034423828125e+01 4.159093475341796875e+01 3.964487838745117188e+01 4.891605758666992188e+01 6.011743545532226562e+01 6.732621002197265625e+01 7.107232666015625000e+01 7.041412353515625000e+01
8.502777099609375000e+01 7.499680328369140625e+01 6.996555328369140625e+01 6.729325866699218750e+01 6.417816162109375000e+01 6.164221191406250000e+01 6.066460800170898438e+01 6.089849853515625000e+01 6.098617172241210938e+01 6.082408142089843750e+01 6.081577301025390625e+01 6.083098220825195312e+01 6.017745590209960938e+01 5.946242904663085938e+01 5.889682388305664062e+01 5.953896331787109375e+01 6.086544036865234375e+01 6.167405319213867188e+01 6.086124801635742188e+01 5.983692932128906250e+01 5.827022933959960938e+01 5.642276763916015625e+01 5.510543823242187500e+01 5.487809753417968750e+01 5.549148178100585938e+01 5.629653167724609375e+01 5.549869155883789062e+01 5.277613067626953125e+01 4.847167205810546875e+01 4.389936828613281250e+01 3.940460968017578125e+01 3.711238479614257812e+01 4.234855651855468750e+01 5.497864151000976562e+01 6.297618865966796875e+01 6.790558624267578125e+01 6.873315429687500000e+01
9.174678802490234375e+01 8.152288055419921875e+01 7.377627563476562500e+01 7.001591491699218750e+01 6.708719635009765625e+01 6.441273498535156250e+01 6.355710601806640625e+01 6.307942199707031250e+01 6.308531951904296875e+01 6.302754974365234375e+01 6.304010009765625000e+01 6.258643341064453125e+01 6.146660995483398438e+01 6.027619934082031250e+01 5.909613800048828125e+01 5.931980514526367188e+01 5.995926666259765625e+01 6.056040191650390625e+01 6.031536102294921875e+01 5.944696426391601562e+01 5.802623748779296875e+01 5.604282760620117188e+01 5.441561889648437500e+01 5.360639190673828125e+01 5.402389907836914062e+01 5.482918930053710938e+01 5.438961791992187500e+01 5.190050888061523438e+01 4.760139465332031250e+01 4.280739593505859375e+01 3.815747451782226562e+01 3.530030822753906250e+01 3.525035858154296875e+01 5.002457809448242188e+01 5.778912353515625000e+01 6.343568420410156250e+01 6.612504577636718750e+01
