data/shaltop/shaltop_frankslide/delta_25p00/processed/h_max.asc
ncols 201
nrows 201
xllcorner 1010.00000
yllcorner 2010.00000
cellsize 20.0000
nodata_value -99999
[rows 102 to 118 of 201, columns 0 to 36 of 201]
6.995330750214634463e-07 9.077328968487563543e-07 9.240550298272864893e-07 5.610671450995141640e-06 4.990890156477689743e-04 5.701743066310882568e-03 3.500805050134658813e-02 6.353017687797546387e-02 5.028835311532020569e-02 1.589875482022762299e-02 2.680963370949029922e-03 4.075666947755962610e-04 5.250450703897513449e-05 1.968113974726293236e-05 1.231980058946646750e-05 6.363922238961094990e-06 1.496289132774109021e-05 0.000000000000000000e+00 0.000000000000000000e+00 5.229224164793322416e-09 2.069807969462544861e-08 7.002070390171866165e-08 1.219942191710288171e-07 1.251606676078154123e-07 8.159096154258804745e-08 2.915445129758609255e-08 6.680724595753417816e-07 7.899369848018977791e-06 1.629440230317413807e-03 3.512684628367424011e-02 3.379066884517669678e-01 1.982009053230285645e+00 7.914662361145019531e+00 1.767382431030273438e+01 3.003913688659667969e+01 3.408902359008789062e+01 3.742243576049804688e+01
9.513998406873724889e-07 1.286785959564440418e-06 1.073727275979763363e-06 5.900169981032377109e-06 6.990011752350255847e-05 1.070322468876838684e-03 1.105195190757513046e-02 4.519502073526382446e-02 6.500627845525741577e-02 4.329101741313934326e-02 1.122975908219814301e-02 2.004497218877077103e-03 3.000807773787528276e-04 4.095072654308751225e-05 2.558114829298574477e-05 1.320763476542197168e-05 8.623040230304468423e-06 0.000000000000000000e+00 0.000000000000000000e+00 9.430226555195986293e-08 1.206013138244088623e-07 2.444407414259330835e-07 3.430573087825905532e-07 3.567709256913076388e-07 2.851023168659594376e-07 1.568346078784088604e-06 1.770315179783210624e-06 1.704256137600168586e-04 1.118283346295356750e-02 1.514602303504943848e-01 1.013980865478515625e+00 4.243876457214355469e+00 1.189849376678466797e+01 2.178748130798339844e+01 3.310854721069335938e+01 3.712366485595703125e+01 4.005256652832031250e+01
1.180726371785567608e-06 1.743558982525428291e-06 1.624795231691678055e-06 1.902162352962477598e-06 8.857119610183872283e-06 1.528109132777899504e-04 2.081820042803883553e-03 1.735191978514194489e-02 5.357647687196731567e-02 6.344738602638244629e-02 3.616895899176597595e-02 8.594829589128494263e-03 1.502138562500476837e-03 2.152541856048628688e-04 6.509805098176002502e-05 3.382366048754192889e-05 1.100431745726382360e-05 0.000000000000000000e+00 0.000000000000000000e+00 9.006217283058504108e-07 4.135526978643611073e-07 7.645588766536093317e-07 9.016135891215526499e-07 8.774475759310007561e-07 7.661516860935080331e-07 3.557125864972476847e-06 2.737116801654337905e-06 2.290263772010803223e-03 6.267086416482925415e-02 5.409432053565979004e-01 2.435382604598999023e+00 7.246758937835693359e+00 1.561176872253417969e+01 2.436435127258300781e+01 3.358926010131835938e+01 3.892052459716796875e+01 4.103787612915039062e+01
1.347352394986955915e-06 2.149404508600127883e-06 2.155550646421033889e-06 2.468634193064644933e-06 3.203163259968277998e-06 2.251692603749688715e-05 3.479474689811468124e-04 3.906871192157268524e-03 2.578130736947059631e-02 5.946867913007736206e-02 6.043005734682083130e-02 2.991742640733718872e-02 6.626456510275602341e-03 1.099323271773755550e-03 2.216937136836349964e-04 9.518818114884197712e-05 2.905817018472589552e-05 3.526407165503783301e-22 0.000000000000000000e+00 3.438204430494806729e-06 1.417894736732705496e-06 2.046557938228943385e-06 2.266088813485112041e-06 2.194699845858849585e-06 1.892143814075097907e-06 1.042106941895326599e-05 5.356920155463740230e-05 1.859403401613235474e-02 2.836512029170989990e-01 1.549419283866882324e+00 4.818751811981201172e+00 1.061745262145996094e+01 1.942970466613769531e+01 2.789012145996093750e+01 3.595706939697265625e+01 4.467061996459960938e+01 4.594928359985351562e+01
1.480414880461466964e-06 2.424138074275106192e-06 2.680804982446716167e-06 3.199810180376516655e-06 3.452276814641663805e-06 6.618116458412259817e-06 6.724958075210452080e-05 8.403756073676049709e-04 7.553660310804843903e-03 3.592366352677345276e-02 6.310246139764785767e-02 5.716010183095932007e-02 2.462729066610336304e-02 4.984471946954727173e-03 9.003476588986814022e-04 3.072388062719255686e-04 9.211843280354514718e-05 0.000000000000000000e+00 0.000000000000000000e+00 7.913617082522250712e-06 4.524375981418415904e-06 5.474936187965795398e-06 5.753225195803679526e-06 6.079275863157818094e-06 5.957486337138107046e-06 4.652588540920987725e-05 1.202320097945630550e-03 1.086161881685256958e-01 1.001229763031005859e+00 3.732808828353881836e+00 8.332208633422851562e+00 1.438619613647460938e+01 2.416417884826660156e+01 3.353553009033203125e+01 4.511399078369140625e+01 5.265374755859375000e+01 5.311010742187500000e+01
2.143682650057598948e-06 2.472844471412827261e-06 2.970361947518540546e-06 3.769494469452183694e-06 4.567915766529040411e-06 6.081761512177763507e-06 1.855829941632691771e-05 2.031647309195250273e-04 2.092458074912428856e-03 1.420626323670148849e-02 4.599522426724433899e-02 6.465978175401687622e-02 5.295730754733085632e-02 1.976222731173038483e-02 3.735359292477369308e-03 1.099030370824038982e-03 3.432987141422927380e-04 0.000000000000000000e+00 0.000000000000000000e+00 2.522175964259076864e-05 2.056007724604569376e-05 1.932533996296115220e-05 2.135131398972589523e-05 2.439701893308665603e-05 2.517587017791811377e-05 3.634678432717919350e-04 1.548800431191921234e-02 4.855579733848571777e-01 2.779359817504882812e+00 7.338268280029296875e+00 1.240883541107177734e+01 1.946263885498046875e+01 3.102820968627929688e+01 4.299688339233398438e+01 5.432395553588867188e+01 5.983460617065429688e+01 5.958604431152343750e+01
4.184473255008924752e-06 2.067527248073020019e-06 3.059470827793120407e-06 3.932703748432686552e-06 5.222564141149632633e-06 7.201853350125020370e-06 1.126647839555516839e-05 6.242428207769989967e-05 5.632744287140667439e-04 4.386760294437408447e-03 2.230290509760379791e-02 5.553508177399635315e-02 6.625542044639587402e-02 4.882117360830307007e-02 1.539845392107963562e-02 4.065333865582942963e-03 1.308370032347738743e-03 0.000000000000000000e+00 0.000000000000000000e+00 1.004942809231579304e-03 1.934754836838692427e-04 1.544732367619872093e-04 1.255898678209632635e-04 9.108160156756639481e-05 6.600526103284209967e-05 2.995388116687536240e-03 1.232913807034492493e-01 1.655141472816467285e+00 6.189000606536865234e+00 1.165883541107177734e+01 1.730797386169433594e+01 2.680865287780761719e+01 4.243066787719726562e+01 5.586913681030273438e+01 6.329849624633789062e+01 6.581048583984375000e+01 6.519575500488281250e+01
2.525717945900396444e-06 1.366144942949176766e-06 2.582507022452773526e-06 3.772650643441011198e-06 5.417959073383826762e-06 7.919536983536090702e-06 1.214412804984021932e-05 3.265422856202349067e-05 2.264848008053377271e-04 1.816565054468810558e-03 8.203344419598579407e-03 3.198342025279998779e-02 6.404909491539001465e-02 6.967487186193466187e-02 4.540534317493438721e-02 1.521602086722850800e-02 5.516844335943460464e-03 1.538702942838199306e-09 1.951627200469374657e-05 3.819982055574655533e-03 2.132468158379197121e-03 1.892469008453190327e-03 1.552036684006452560e-02 2.309263311326503754e-02 2.229630015790462494e-02 4.567351564764976501e-02 6.847582459449768066e-01 4.570834159851074219e+00 1.148972415924072266e+01 1.707179450988769531e+01 2.406699752807617188e+01 3.726968383789062500e+01 5.491788101196289062e+01 6.764731597900390625e+01 6.927042388916015625e+01 6.948274993896484375e+01 6.826268005371093750e+01
1.046853867592290044e-06 6.477187071141088381e-07 1.478150011280376930e-06 2.503652922314358875e-06 4.554677616397384554e-06 7.935632311273366213e-06 1.362976036034524441e-05 2.957203651021700352e-05 1.573566551087424159e-04 1.077331136912107468e-03 4.877923522144556046e-03 1.390682160854339600e-02 4.475877806544303894e-02 7.276980578899383545e-02 7.680928707122802734e-02 4.538277909159660339e-02 2.408888004720211029e-02 4.391532456793356687e-06 1.028878032229840755e-03 2.753262035548686981e-02 3.257709741592407227e-02 6.044560670852661133e-02 1.685376465320587158e-01 2.724901735782623291e-01 3.004384338855743408e-01 4.800824522972106934e-01 2.855291366577148438e+00 1.086922168731689453e+01 1.870709991455078125e+01 2.421847724914550781e+01 3.382329177856445312e+01 4.959269332885742188e+01 6.630188751220703125e+01 7.350330352783203125e+01 7.275624847412109375e+01 7.125578308105468750e+01 6.933391571044921875e+01
4.452625034900847822e-06 6.133611236691649538e-07 7.501906793550006114e-07 1.466328058086219244e-06 2.842212325049331412e-06 6.154674792924197391e-06 1.443805467715719715e-05 2.758100345090497285e-05 1.276056136703118682e-04 6.885791081003844738e-04 3.227390581741929054e-03 1.023698318749666214e-02 2.194456011056900024e-02 6.071312725543975830e-02 8.923364430665969849e-02 9.485757350921630859e-02 8.011125028133392334e-02 2.406486310064792633e-02 1.367744654417037964e-01 2.051507532596588135e-01 2.970277667045593262e-01 5.353193879127502441e-01 8.610276579856872559e-01 1.400479555130004883e+00 1.750718235969543457e+00 3.646358013153076172e+00 1.258445358276367188e+01 2.288456726074218750e+01 2.712805747985839844e+01 3.420756149291992188e+01 4.685391998291015625e+01 6.320983886718750000e+01 7.519244384765625000e+01 7.504254150390625000e+01 7.369635772705078125e+01 7.096662902832031250e+01 6.879959869384765625e+01
4.252552025718614459e-05 5.037491519033210352e-06 5.540275196835864335e-06 6.103249234001850709e-06 6.817460416641552001e-06 8.029521268326789141e-06 1.069591871782904491e-05 2.962158214359078556e-05 2.349136339034885168e-04 3.652161685749888420e-03 2.722348552197217941e-03 8.911550045013427734e-03 1.684529706835746765e-02 3.515592217445373535e-02 8.642571419477462769e-02 1.392241865396499634e-01 1.997738331556320190e-01 2.579455375671386719e-01 1.229694008827209473e+00 1.065109848976135254e+00 1.536799073219299316e+00 2.514621019363403320e+00 4.361477851867675781e+00 6.565220355987548828e+00 1.007531070709228516e+01 1.704930877685546875e+01 3.167103576660156250e+01 3.780170059204101562e+01 4.210660171508789062e+01 4.947396850585937500e+01 6.075444412231445312e+01 7.489607238769531250e+01 8.092089843750000000e+01 7.854358673095703125e+01 7.499512481689453125e+01 7.146253967285156250e+01 6.852041625976562500e+01
4.018284744233824313e-05 4.812676252186065540e-06 5.416357907961355522e-06 6.108292382123181596e-06 7.018822998361429200e-06 8.338212865055538714e-06 1.084872656065272167e-05 1.640670598135329783e-05 5.447148578241467476e-05 4.700637073256075382e-04 6.355594843626022339e-03 1.649454236030578613e-02 1.471844501793384552e-02 3.381920605897903442e-02 6.951155513525009155e-02 1.821538656949996948e-01 4.848248958587646484e-01 1.250776052474975586e+00 2.986061334609985352e+00 3.893211126327514648e+00 4.922696113586425781e+00 6.644155979156494141e+00 9.325148582458496094e+00 1.282748222351074219e+01 1.862588310241699219e+01 3.050536918640136719e+01 4.931798171997070312e+01 5.095965957641601562e+01 5.464445877075195312e+01 6.135996246337890625e+01 7.246643066406250000e+01 8.198598480224609375e+01 8.268899536132812500e+01 8.055316162109375000e+01 7.754422760009765625e+01 7.299386596679687500e+01 6.894649505615234375e+01
1.856767084973398596e-06 3.927307716367067769e-06 5.968011009827023372e-06 7.249543614307185635e-06 8.929240721045061946e-06 1.117943884310079738e-05 1.422182140231598169e-05 1.832148882385808975e-05 2.619493716338183731e-05 1.793746050680056214e-04 1.033070776611566544e-02 4.938517138361930847e-02 3.444265946745872498e-02 3.708663955330848694e-02 8.421657234430313110e-02 2.732507586479187012e-01 1.108979105949401855e+00 3.748717308044433594e+00 7.357833385467529297e+00 9.726250648498535156e+00 1.145500183105468750e+01 1.358588981628417969e+01 1.652215766906738281e+01 2.062384223937988281e+01 2.864470672607421875e+01 4.531872558593750000e+01 6.697740173339843750e+01 6.524256134033203125e+01 6.935937500000000000e+01 7.202011871337890625e+01 7.957379150390625000e+01 8.557567596435546875e+01 8.565013885498046875e+01 8.306874847412109375e+01 8.219152069091796875e+01 7.801040649414062500e+01 7.111725616455078125e+01
5.607399725704453886e-05 5.333343506208620965e-05 1.431142300134524703e-04 2.942750288639217615e-04 6.569947581738233566e-04 1.365102129057049751e-03 2.374177100136876106e-03 3.569002961739897728e-03 5.215454846620559692e-03 7.375760935246944427e-03 1.192830875515937805e-02 2.014009281992912292e-02 4.672602564096450806e-02 9.230276197195053101e-02 3.300411105155944824e-01 8.956858515739440918e-01 2.422171592712402344e+00 7.381845474243164062e+00 1.283151531219482422e+01 1.724787139892578125e+01 2.061343193054199219e+01 2.343373298645019531e+01 2.675710487365722656e+01 3.119256019592285156e+01 4.035216140747070312e+01 5.998034667968750000e+01 7.766078186035156250e+01 7.822048950195312500e+01 7.934403991699218750e+01 8.005976104736328125e+01 8.457595825195312500e+01 8.871336364746093750e+01 8.995476531982421875e+01 8.977678680419921875e+01 8.933455657958984375e+01 8.548068237304687500e+01 7.860993957519531250e+01
4.369761445559561253e-04 3.564443031791597605e-04 8.338706102222204208e-04 1.355236629024147987e-03 1.871120184659957886e-03 2.215872518718242645e-03 2.339917002245783806e-03 2.223231829702854156e-03 1.409049029462039471e-03 7.467609830200672150e-04 7.692709914408624172e-04 9.675920009613037109e-04 1.110229874029755592e-03 1.704024150967597961e-03 5.976223200559616089e-02 7.217282652854919434e-01 4.447432041168212891e+00 1.015311908721923828e+01 1.693068313598632812e+01 2.376770019531250000e+01 2.970481872558593750e+01 3.445699691772460938e+01 3.877021789550781250e+01 4.368541336059570312e+01 5.467891311645507812e+01 7.281822204589843750e+01 8.355988311767578125e+01 8.662864685058593750e+01 8.643595886230468750e+01 8.736664581298828125e+01 9.042617797851562500e+01 9.337397003173828125e+01 9.666668701171875000e+01 9.751000976562500000e+01 9.592783355712890625e+01 9.265567016601562500e+01 8.632913970947265625e+01
3.028275910764932632e-03 1.166693400591611862e-03 1.635153195820748806e-03 1.779518090188503265e-03 1.809001318179070950e-03 1.622340059839189053e-03 1.220181118696928024e-03 8.752136491239070892e-04 1.215375959873199463e-03 2.081900369375944138e-03 3.420696128159761429e-03 5.643475335091352463e-03 1.008113473653793335e-02 2.035702206194400787e-02 9.426376968622207642e-02 7.925390005111694336e-01 4.793034076690673828e+00 1.084450435638427734e+01 1.860761833190917969e+01 2.727134513854980469e+01 3.543723678588867188e+01 4.250250625610351562e+01 4.875205993652343750e+01 5.533766174316406250e+01 6.889445495605468750e+01 8.272905731201171875e+01 8.936862182617187500e+01 9.354725646972656250e+01 9.643710327148437500e+01 9.993228912353515625e+01 1.022954177856445312e+02 1.032061004638671875e+02 1.040942916870117188e+02 1.045742492675781250e+02 1.022567443847656250e+02 9.916214752197265625e+01 9.351641845703125000e+01
6.645707786083221436e-02 1.860548625700175762e-03 1.928928541019558907e-03 1.944672199897468090e-03 2.024186309427022934e-03 2.615401754155755043e-03 2.753394888713955879e-03 3.078008070588111877e-03 4.304809495806694031e-03 5.818937439471483231e-03 8.289612829685211182e-03 1.277123950421810150e-02 2.222986333072185516e-02 5.004677921533584595e-02 1.332537233829498291e-01 1.158972978591918945e+00 3.409293651580810547e+00 9.813724517822265625e+00 1.799212455749511719e+01 2.731334877014160156e+01 3.704824829101562500e+01 4.652135848999023438e+01 5.564833068847656250e+01 6.537715148925781250e+01 8.070475006103515625e+01 9.041443634033203125e+01 9.792900085449218750e+01 1.045832672119140625e+02 1.089906539916992188e+02 1.112649917602539062e+02 1.122009963989257812e+02 1.120435256958007812e+02 1.110324707031250000e+02 1.104471130371093750e+02 1.084761505126953125e+02 1.047838516235351562e+02 9.965046691894531250e+01
