data/shaltop/shaltop_frankslide/delta_25p00/processed/h_max.asc
ncols 201
nrows 201
xllcorner 1010.00000
yllcorner 2010.00000
cellsize 20.0000
nodata_value -99999
[rows 85 to 101 of 201, columns 74 to 110 of 201]
7.378365325927734375e+01 7.049972534179687500e+01 6.703041076660156250e+01 6.341008377075195312e+01 5.986724472045898438e+01 5.617401885986328125e+01 5.220564651489257812e+01 4.801095581054687500e+01 4.353395462036132812e+01 3.879874038696289062e+01 3.374168777465820312e+01 2.825433921813964844e+01 2.254960632324218750e+01 1.717394447326660156e+01 1.255021858215332031e+01 8.025245666503906250e+00 2.350717067718505859e+00 1.872592233121395111e-02 1.237368414876982570e-04 4.802413059223908931e-06 2.501273047528229654e-05 2.552683690737467259e-05 1.309121580561622977e-05 1.253700247616507113e-05 1.197708934341790155e-05 1.143611734732985497e-05 1.089087436412228271e-05 1.039500057231634855e-05 9.983172276406548917e-06 9.493652214587200433e-06 8.556196917197667062e-06 6.596329058083938435e-06 5.695717391063226387e-06 4.433934009284712374e-06 3.103310746155329980e-06 1.991700855796807446e-06 1.143820895777025726e-06
7.677040100097656250e+01 7.379667663574218750e+01 7.072120666503906250e+01 6.736181640625000000e+01 6.385791778564453125e+01 6.020643997192382812e+01 5.628392791748046875e+01 5.218696212768554688e+01 4.791297531127929688e+01 4.337127304077148438e+01 3.851802825927734375e+01 3.337871170043945312e+01 2.783987236022949219e+01 2.235874557495117188e+01 1.747934722900390625e+01 1.297639179229736328e+01 7.949550151824951172e+00 1.134861469268798828e+00 4.885049909353256226e-02 8.129344787448644638e-04 2.922718886111397296e-05 1.912246443680487573e-05 1.613015228940639645e-05 1.347531451756367460e-05 1.190785314975073561e-05 1.068960045813582838e-05 9.835478522290941328e-06 9.351955668535083532e-06 8.904381502361502498e-06 7.999875379027798772e-06 6.633238626818638295e-06 7.049786745483288541e-06 5.119538855069549754e-06 3.958415618399158120e-06 2.289653366460697725e-06 1.367997128909337334e-06 6.561642749147722498e-07
7.934449768066406250e+01 7.713268280029296875e+01 7.424607849121093750e+01 7.114843750000000000e+01 6.759419250488281250e+01 6.385612487792968750e+01 5.998887634277343750e+01 5.602988815307617188e+01 5.197149658203125000e+01 4.765578460693359375e+01 4.295831298828125000e+01 3.802187728881835938e+01 3.281250381469726562e+01 2.743534088134765625e+01 2.235460472106933594e+01 1.774874687194824219e+01 1.338859462738037109e+01 7.834948539733886719e+00 1.947293281555175781e+00 1.816844791173934937e-01 3.347995691001415253e-03 2.028019480349030346e-05 1.441775839339243248e-05 1.130625878431601450e-05 1.043344764184439555e-05 9.872956070466898382e-06 9.445981959288474172e-06 9.300880265072919428e-06 8.449701454082969576e-06 9.736651918501593173e-06 1.067492758011212572e-05 8.347820767085067928e-06 6.435561317630345002e-06 4.276470008335309103e-06 3.344662673043785617e-06 3.678743269119877368e-06 3.963242306781467050e-06
8.210504913330078125e+01 8.012100982666015625e+01 7.761103057861328125e+01 7.442622375488281250e+01 7.089375305175781250e+01 6.715548706054687500e+01 6.343558502197265625e+01 5.966156005859375000e+01 5.575687789916992188e+01 5.161678695678710938e+01 4.709473037719726562e+01 4.230491638183593750e+01 3.732646560668945312e+01 3.220912170410156250e+01 2.717198562622070312e+01 2.245847129821777344e+01 1.819044876098632812e+01 1.344656562805175781e+01 7.511546611785888672e+00 3.169965982437133789e+00 5.117031931877136230e-01 9.302960708737373352e-03 1.437554874428315088e-05 1.396291190758347511e-05 1.537540447316132486e-05 1.695050741545855999e-05 2.079562727885786444e-05 1.999149026232771575e-05 1.966851414181292057e-05 2.646673601702786982e-05 1.806471118470653892e-05 1.701563996903132647e-05 1.605975558049976826e-05 1.521045760455308482e-05 1.450180570827797055e-05 1.388886539643863216e-05 1.332168631051899865e-05
8.363947296142578125e+01 8.219893646240234375e+01 7.983621215820312500e+01 7.709352874755859375e+01 7.373595428466796875e+01 7.035901641845703125e+01 6.693856811523437500e+01 6.330908966064453125e+01 5.947819900512695312e+01 5.535670089721679688e+01 5.100559616088867188e+01 4.634355163574218750e+01 4.152151489257812500e+01 3.660764694213867188e+01 3.173705863952636719e+01 2.707852745056152344e+01 2.275224113464355469e+01 1.843365287780761719e+01 1.322600936889648438e+01 7.575038433074951172e+00 3.939012050628662109e+00 7.784838676452636719e-01 2.168252691626548767e-02 2.881710133806336671e-05 8.395929398830048740e-06 8.154624993039760739e-06 7.842540981073398143e-06 7.116198048606747761e-06 5.837045591761125252e-06 4.917555543215712532e-06 8.464469829050358385e-06 2.540452044286212185e-07 2.015163147461862536e-07 5.822015509693301283e-07 4.051124591342158965e-08 3.409507343121731537e-08 5.122310042793287721e-08
8.263019561767578125e+01 8.273683166503906250e+01 8.134152984619140625e+01 7.916383361816406250e+01 7.644546508789062500e+01 7.363566589355468750e+01 7.052558135986328125e+01 6.703900909423828125e+01 6.320487976074218750e+01 5.910299682617187500e+01 5.475606155395507812e+01 5.025881576538085938e+01 4.555217361450195312e+01 4.075612640380859375e+01 3.603696060180664062e+01 3.148106575012207031e+01 2.715223884582519531e+01 2.294364547729492188e+01 1.841761779785156250e+01 1.273600196838378906e+01 7.602438926696777344e+00 4.114151954650878906e+00 7.193144559860229492e-01 1.787314191460609436e-02 8.331764547619968653e-06 7.594490398332709447e-06 7.004555300227366388e-06 5.872529982298146933e-06 4.541972884908318520e-06 3.621897121774964035e-06 7.189260742279657279e-08 1.641147235886819544e-07 7.338326923900240217e-08 5.879827469357223890e-08 4.905581718617213483e-08 4.142621534697354946e-08 2.103587775081905420e-07
8.108874511718750000e+01 8.123095703125000000e+01 8.167628479003906250e+01 8.143315887451171875e+01 7.941151428222656250e+01 7.734445953369140625e+01 7.439009094238281250e+01 7.093642425537109375e+01 6.708635711669921875e+01 6.292499160766601562e+01 5.857562637329101562e+01 5.413591384887695312e+01 4.957511138916015625e+01 4.485556411743164062e+01 4.024306488037109375e+01 3.574922943115234375e+01 3.144195938110351562e+01 2.721396255493164062e+01 2.290696144104003906e+01 1.804033088684082031e+01 1.204272651672363281e+01 7.321105480194091797e+00 3.696070432662963867e+00 3.850671947002410889e-01 5.889369640499353409e-03 7.217634902190184221e-06 6.029273208696395159e-06 4.436887593328719959e-06 3.895674581144703552e-06 1.236075775068457006e-07 8.404122553429260734e-08 8.483578994855633937e-08 7.502612930920804502e-08 6.363878668480538181e-08 8.963205999634737964e-08 6.253233664210711140e-08 5.054172902418940794e-08
8.007180023193359375e+01 8.013101196289062500e+01 8.176622772216796875e+01 8.375183105468750000e+01 8.297587585449218750e+01 8.147978210449218750e+01 7.857219696044921875e+01 7.510009765625000000e+01 7.122721862792968750e+01 6.701166534423828125e+01 6.256808853149414062e+01 5.805469894409179688e+01 5.360091400146484375e+01 4.895083999633789062e+01 4.441633605957031250e+01 3.994265747070312500e+01 3.557407379150390625e+01 3.128117752075195312e+01 2.700687217712402344e+01 2.251276397705078125e+01 1.729974937438964844e+01 1.109653282165527344e+01 6.737378597259521484e+00 2.824774026870727539e+00 1.152480393648147583e-01 6.915950798429548740e-04 4.625341716746333987e-06 3.109313865934382193e-06 1.363511501040193252e-06 1.417422197391715599e-07 1.129155009493842954e-07 1.181028963515018404e-07 1.093810553243201866e-07 1.393240296465592110e-07 1.312359785288208514e-07 3.694434624890163832e-08 5.715472539691290876e-08
7.853111267089843750e+01 7.944441986083984375e+01 8.240138244628906250e+01 8.624254608154296875e+01 8.704196929931640625e+01 8.591356658935546875e+01 8.311759185791015625e+01 7.949347686767578125e+01 7.554209899902343750e+01 7.135443878173828125e+01 6.684410095214843750e+01 6.221931457519531250e+01 5.764532470703125000e+01 5.301073455810546875e+01 4.847645568847656250e+01 4.401728057861328125e+01 3.958684539794921875e+01 3.521796798706054688e+01 3.091828346252441406e+01 2.654425621032714844e+01 2.184791374206542969e+01 1.622247886657714844e+01 1.003959560394287109e+01 5.973112583160400391e+00 1.801776409149169922e+00 4.405842348933219910e-02 9.806020534597337246e-05 1.721002263366244733e-06 2.928010474079201231e-07 1.645004630290713976e-07 1.235402038446409279e-07 7.894913522932256456e-08 3.991164732042307151e-08 3.862421493749934598e-08 3.652277058563413448e-08 3.492149858175253030e-08 4.836217826209576742e-08
7.761628723144531250e+01 7.992057037353515625e+01 8.413689422607421875e+01 8.922494506835937500e+01 9.130260467529296875e+01 9.038554382324218750e+01 8.770079040527343750e+01 8.412578582763671875e+01 8.008249664306640625e+01 7.575292205810546875e+01 7.121917724609375000e+01 6.656113433837890625e+01 6.185085678100585938e+01 5.709200286865234375e+01 5.247967147827148438e+01 4.794441986083984375e+01 4.349283599853515625e+01 3.908908462524414062e+01 3.474329376220703125e+01 3.040752601623535156e+01 2.594265174865722656e+01 2.098165321350097656e+01 1.489493179321289062e+01 9.091979980468750000e+00 5.228101730346679688e+00 1.056447744369506836e+00 2.651981450617313385e-02 3.880396616295911372e-05 3.088895539349323371e-07 1.592441947195766261e-07 9.240579146307936753e-08 4.335019809786899714e-08 2.382675035050851875e-08 1.531727100712032552e-08 8.577864640813004371e-09 1.204747519523152732e-07 2.021068645774448669e-08
7.840858459472656250e+01 8.192991638183593750e+01 8.698995971679687500e+01 9.272809600830078125e+01 9.548984527587890625e+01 9.518484497070312500e+01 9.210045623779296875e+01 8.848756408691406250e+01 8.474331665039062500e+01 8.028855133056640625e+01 7.549368286132812500e+01 7.069203948974609375e+01 6.597377014160156250e+01 6.120560073852539062e+01 5.646774673461914062e+01 5.181916809082031250e+01 4.730680465698242188e+01 4.288342666625976562e+01 3.851662063598632812e+01 3.417940139770507812e+01 2.982111930847167969e+01 2.526894187927246094e+01 2.004167175292968750e+01 1.361932277679443359e+01 8.515502929687500000e+00 4.761384487152099609e+00 6.977907419204711914e-01 1.495726685971021652e-02 1.503836847405182198e-05 1.120784176578126790e-07 4.794219421455636621e-08 2.600663684404480591e-08 1.691079454246846581e-08 5.055655094565736363e-08 1.200433672465806012e-07 1.196023475813490222e-07 4.293913669073390338e-09
7.942008972167968750e+01 8.439353179931640625e+01 9.018787384033203125e+01 9.613758850097656250e+01 9.945518493652343750e+01 9.954911041259765625e+01 9.642051696777343750e+01 9.275498962402343750e+01 8.878472137451171875e+01 8.441622161865234375e+01 7.960301971435546875e+01 7.465380859375000000e+01 6.976965332031250000e+01 6.503425598144531250e+01 6.033547210693359375e+01 5.566140365600585938e+01 5.102863311767578125e+01 4.656799697875976562e+01 4.221385574340820312e+01 3.788640594482421875e+01 3.358997726440429688e+01 2.922702789306640625e+01 2.458936309814453125e+01 1.916574859619140625e+01 1.279762077331542969e+01 8.218123435974121094e+00 4.237811565399169922e+00 3.601487278938293457e-01 7.864518091082572937e-03 6.941254468983970582e-07 3.351203048396200757e-08 2.271413279686385067e-08 2.150491695829259697e-08 1.231317270367071615e-07 1.741855726322683040e-08 1.616407274696030072e-08 1.710133723520357307e-08
8.079310607910156250e+01 8.746684265136718750e+01 9.347676849365234375e+01 9.941282653808593750e+01 1.032761764526367188e+02 1.032376251220703125e+02 9.992819213867187500e+01 9.651049041748046875e+01 9.243520355224609375e+01 8.780438232421875000e+01 8.305897521972656250e+01 7.824999237060546875e+01 7.339803314208984375e+01 6.855252075195312500e+01 6.387443923950195312e+01 5.922482681274414062e+01 5.463245010375976562e+01 5.005522155761718750e+01 4.570309448242187500e+01 4.144918060302734375e+01 3.721743392944335938e+01 3.297097015380859375e+01 2.860567474365234375e+01 2.387479591369628906e+01 1.832217025756835938e+01 1.238361167907714844e+01 7.787279605865478516e+00 3.314783096313476562e+00 7.011345773935317993e-02 4.545925767160952091e-04 8.242827931326246471e-08 8.243873139690549579e-08 1.268170848334193579e-07 1.530924862436222611e-07 1.092109300770971458e-07 1.047392004238645313e-07 9.286988245094107697e-08
8.118621063232421875e+01 8.895046997070312500e+01 9.585002136230468750e+01 1.015110778808593750e+02 1.062603073120117188e+02 1.058283081054687500e+02 1.024210357666015625e+02 9.908456420898437500e+01 9.504376983642578125e+01 9.058274078369140625e+01 8.606185150146484375e+01 8.141599273681640625e+01 7.665866851806640625e+01 7.184744262695312500e+01 6.707781982421875000e+01 6.244545364379882812e+01 5.782064819335937500e+01 5.330152511596679688e+01 4.888290405273437500e+01 4.466277694702148438e+01 4.050940322875976562e+01 3.634773635864257812e+01 3.211636734008789062e+01 2.771042060852050781e+01 2.283331489562988281e+01 1.722880363464355469e+01 1.144991493225097656e+01 6.681656837463378906e+00 1.522010803222656250e+00 2.868172712624073029e-02 3.107322481810115278e-05 9.353009744472728926e-08 3.336870690873183776e-08 1.780624891978277446e-08 1.159739948519700192e-08 4.674059361775562138e-09 2.280332589421618650e-09
7.982351684570312500e+01 8.856237030029296875e+01 9.608398437500000000e+01 1.016909179687500000e+02 1.062575073242187500e+02 1.066306533813476562e+02 1.036828384399414062e+02 1.005083465576171875e+02 9.682464599609375000e+01 9.283009338378906250e+01 8.854129028320312500e+01 8.413087463378906250e+01 7.950630950927734375e+01 7.475767517089843750e+01 6.996081542968750000e+01 6.516960906982421875e+01 6.057537460327148438e+01 5.606367111206054688e+01 5.170429992675781250e+01 4.745764160156250000e+01 4.330765533447265625e+01 3.920851516723632812e+01 3.503339004516601562e+01 3.072700309753417969e+01 2.616519165039062500e+01 2.110024261474609375e+01 1.531198310852050781e+01 9.451257705688476562e+00 3.710251569747924805e+00 4.231538623571395874e-02 1.171894837170839310e-04 2.011733890583400353e-08 1.109630254347848677e-08 7.475232877141024801e-09 5.192868801628947040e-09 4.518184937296609860e-09 3.143794780058328797e-09
7.688752746582031250e+01 8.626384735107421875e+01 9.432859039306640625e+01 1.000273132324218750e+02 1.030592422485351562e+02 1.052096099853515625e+02 1.042842636108398438e+02 1.012168350219726562e+02 9.806822204589843750e+01 9.465586853027343750e+01 9.066435241699218750e+01 8.637047576904296875e+01 8.190205383300781250e+01 7.712678527832031250e+01 7.228254699707031250e+01 6.748299407958984375e+01 6.281217193603515625e+01 5.829372406005859375e+01 5.394799041748046875e+01 4.970263671875000000e+01 4.552126693725585938e+01 4.137893676757812500e+01 3.718172454833984375e+01 3.283815765380859375e+01 2.837089729309082031e+01 2.369027137756347656e+01 1.845033073425292969e+01 1.242737770080566406e+01 5.758063316345214844e+00 1.261559724807739258e-01 1.028681173920631409e-03 1.666400919475563569e-07 1.105026847803003420e-09 1.254552906004846591e-09 1.929012283241604564e-09 3.929268999058876943e-08 3.480010235534791718e-08
7.277117919921875000e+01 8.198115539550781250e+01 9.080406951904296875e+01 9.655825805664062500e+01 9.853888702392578125e+01 1.004159545898437500e+02 1.023225479125976562e+02 1.015573272705078125e+02 9.924487304687500000e+01 9.566515350341796875e+01 9.229028320312500000e+01 8.808866882324218750e+01 8.353601837158203125e+01 7.885735321044921875e+01 7.398883819580078125e+01 6.920713806152343750e+01 6.451406097412109375e+01 5.995180130004882812e+01 5.558128738403320312e+01 5.127896881103515625e+01 4.696655273437500000e+01 4.265153121948242188e+01 3.833555603027343750e+01 3.392592239379882812e+01 2.944332695007324219e+01 2.485434722900390625e+01 2.014768600463867188e+01 1.456678009033203125e+01 7.724799156188964844e+00 9.304856061935424805e-01 1.192180998623371124e-02 1.331793464487418532e-05 1.759690726466089927e-09 1.318095077529335413e-09 1.645078073764238979e-09 2.289049660930686514e-08 1.103118818512882626e-09
