tests/data/gray99/saval2D/outputs/resuh10.asc
north:     17.44
south:      0.00
east:      60.51
west:       0.00
rows:   68
cols:  236
[rows 29 to 57 of 68, columns 134 to 200 of 236]
1.14382 1.15545 1.16676 1.17770 1.18825 1.19836 1.20801 1.21716 1.22579 1.23387 1.24140 1.24835 1.25473 1.26054 1.26577 1.27045 1.27457 1.27817 1.28127 1.28389 1.28605 1.28785 1.28914 1.28962 1.28908 1.28762 1.28528 1.28211 1.27817 1.27349 1.26812 1.26210 1.25545 1.24819 1.24034 1.23188 1.22282 1.21311 1.20272 1.19158 1.17962 1.16675 1.15288 1.13791 1.12172 1.10422 1.08527 1.06476 1.04256 1.01851 0.99244 0.96412 0.93328 0.89958 0.86256 0.82160 0.77590 0.72429 0.66527 0.59690 0.51719 0.42500 0.32209 0.21582 0.12015 0.05073 0.01416
1.16168 1.17348 1.18504 1.19631 1.20723 1.21777 1.22786 1.23748 1.24659 1.25516 1.26316 1.27058 1.27739 1.28359 1.28916 1.29411 1.29845 1.30219 1.30534 1.30794 1.31001 1.31162 1.31266 1.31283 1.31192 1.31005 1.30726 1.30361 1.29916 1.29395 1.28804 1.28146 1.27425 1.26643 1.25803 1.24904 1.23945 1.22925 1.21838 1.20679 1.19441 1.18116 1.16694 1.15165 1.13518 1.11742 1.09825 1.07755 1.05518 1.03100 1.00483 0.97646 0.94563 0.91199 0.87511 0.83441 0.78910 0.73812 0.68001 0.61293 0.53487 0.44450 0.34290 0.23621 0.13722 0.06182 0.01905
1.17387 1.18580 1.19753 1.20900 1.22016 1.23097 1.24139 1.25136 1.26085 1.26981 1.27821 1.28601 1.29318 1.29971 1.30557 1.31077 1.31530 1.31917 1.32241 1.32503 1.32705 1.32856 1.32944 1.32940 1.32825 1.32610 1.32300 1.31902 1.31420 1.30861 1.30231 1.29533 1.28772 1.27950 1.27070 1.26132 1.25135 1.24078 1.22956 1.21765 1.20497 1.19143 1.17695 1.16142 1.14474 1.12678 1.10744 1.08659 1.06410 1.03982 1.01357 0.98515 0.95429 0.92068 0.88388 0.84333 0.79828 0.74769 0.69017 0.62395 0.54703 0.45797 0.35743 0.25078 0.14987 0.07049 0.02320
1.18062 1.19265 1.20449 1.21609 1.22740 1.23839 1.24899 1.25918 1.26888 1.27807 1.28670 1.29472 1.30211 1.30883 1.31489 1.32025 1.32492 1.32891 1.33222 1.33487 1.33689 1.33836 1.33918 1.33903 1.33776 1.33546 1.33219 1.32802 1.32300 1.31721 1.31068 1.30347 1.29563 1.28718 1.27814 1.26853 1.25834 1.24756 1.23613 1.22402 1.21115 1.19744 1.18280 1.16712 1.15030 1.13222 1.11277 1.09182 1.06924 1.04489 1.01858 0.99011 0.95923 0.92561 0.88883 0.84835 0.80342 0.75302 0.69581 0.63003 0.55374 0.46543 0.36557 0.25910 0.15731 0.07581 0.02589
1.18202 1.19409 1.20597 1.21762 1.22900 1.24005 1.25074 1.26100 1.27079 1.28006 1.28878 1.29689 1.30436 1.31118 1.31730 1.32274 1.32747 1.33151 1.33486 1.33755 1.33959 1.34106 1.34188 1.34172 1.34043 1.33810 1.33479 1.33057 1.32550 1.31965 1.31306 1.30579 1.29788 1.28936 1.28025 1.27057 1.26031 1.24945 1.23796 1.22578 1.21284 1.19907 1.18436 1.16863 1.15175 1.13361 1.11410 1.09310 1.07048 1.04607 1.01972 0.99121 0.96029 0.92664 0.88983 0.84933 0.80438 0.75398 0.69677 0.63102 0.55477 0.46651 0.36670 0.26021 0.15828 0.07651 0.02625
1.17809 1.19014 1.20200 1.21362 1.22496 1.23598 1.24660 1.25680 1.26653 1.27574 1.28438 1.29243 1.29986 1.30663 1.31272 1.31813 1.32285 1.32689 1.33026 1.33298 1.33507 1.33661 1.33749 1.33742 1.33621 1.33398 1.33077 1.32666 1.32170 1.31595 1.30947 1.30230 1.29450 1.28608 1.27707 1.26748 1.25731 1.24653 1.23511 1.22299 1.21011 1.19638 1.18171 1.16600 1.14914 1.13102 1.11151 1.09051 1.06787 1.04345 1.01707 0.98853 0.95756 0.92384 0.88695 0.84633 0.80123 0.75063 0.69313 0.62697 0.55017 0.46126 0.36083 0.25407 0.15269 0.07244 0.02416
1.16881 1.18079 1.19255 1.20405 1.21524 1.22608 1.23653 1.24653 1.25605 1.26505 1.27349 1.28133 1.28857 1.29517 1.30112 1.30642 1.31106 1.31506 1.31842 1.32117 1.32334 1.32500 1.32603 1.32614 1.32513 1.32312 1.32015 1.31628 1.31159 1.30611 1.29990 1.29302 1.28548 1.27734 1.26859 1.25926 1.24933 1.23878 1.22757 1.21565 1.20295 1.18938 1.17485 1.15925 1.14249 1.12445 1.10502 1.08406 1.06146 1.03705 1.01067 0.98209 0.95107 0.91727 0.88024 0.83943 0.79404 0.74303 0.68496 0.61800 0.54016 0.45004 0.34857 0.24165 0.14178 0.06484 0.02045
1.15399 1.16585 1.17745 1.18874 1.19969 1.21025 1.22039 1.23007 1.23925 1.24790 1.25600 1.26353 1.27046 1.27679 1.28251 1.28763 1.29214 1.29607 1.29942 1.30223 1.30451 1.30635 1.30762 1.30800 1.30731 1.30565 1.30306 1.29959 1.29531 1.29027 1.28450 1.27806 1.27097 1.26326 1.25494 1.24602 1.23648 1.22631 1.21545 1.20385 1.19144 1.17813 1.16384 1.14845 1.13187 1.11398 1.09467 1.07381 1.05128 1.02692 1.00055 0.97195 0.94087 0.90694 0.86972 0.82862 0.78281 0.73118 0.67224 0.60407 0.52467 0.43283 0.33006 0.22332 0.12621 0.05453 0.01576
1.13339 1.14508 1.15645 1.16746 1.17808 1.18827 1.19799 1.20723 1.21596 1.22416 1.23182 1.23892 1.24547 1.25146 1.25690 1.26179 1.26616 1.27002 1.27338 1.27629 1.27875 1.28085 1.28245 1.28323 1.28298 1.28180 1.27972 1.27681 1.27310 1.26864 1.26347 1.25762 1.25113 1.24401 1.23627 1.22791 1.21891 1.20925 1.19886 1.18770 1.17569 1.16275 1.14878 1.13368 1.11734 1.09967 1.08053 1.05982 1.03740 1.01310 0.98676 0.95814 0.92697 0.89288 0.85540 0.81389 0.76750 0.71502 0.65485 0.58502 0.50353 0.40950 0.30533 0.19950 0.10686 0.04255 0.01086
1.10664 1.11813 1.12922 1.13988 1.15009 1.15982 1.16905 1.17777 1.18597 1.19364 1.20078 1.20741 1.21352 1.21915 1.22429 1.22897 1.23322 1.23705 1.24048 1.24356 1.24629 1.24875 1.25080 1.25210 1.25242 1.25185 1.25044 1.24821 1.24522 1.24149 1.23707 1.23198 1.22623 1.21984 1.21282 1.20516 1.19682 1.18778 1.17798 1.16736 1.15585 1.14336 1.12979 1.11504 1.09901 1.08160 1.06269 1.04216 1.01987 0.99566 0.96935 0.94069 0.90940 0.87509 0.83726 0.79523 0.74804 0.69442 0.63263 0.56061 0.47647 0.37986 0.27452 0.17088 0.08497 0.03021 0.00648
1.07331 1.08455 1.09532 1.10559 1.11534 1.12455 1.13323 1.14138 1.14900 1.15611 1.16273 1.16887 1.17457 1.17985 1.18474 1.18927 1.19346 1.19734 1.20095 1.20430 1.20741 1.21036 1.21299 1.21494 1.21597 1.21617 1.21555 1.21416 1.21203 1.20918 1.20564 1.20143 1.19656 1.19103 1.18485 1.17799 1.17043 1.16212 1.15300 1.14301 1.13208 1.12010 1.10699 1.09266 1.07699 1.05989 1.04123 1.02090 0.99876 0.97465 0.94836 0.91964 0.88819 0.85359 0.81529 0.77254 0.72431 0.66918 0.60528 0.53047 0.44309 0.34370 0.23794 0.13856 0.06221 0.01896 0.00321
1.03284 1.04383 1.05425 1.06409 1.07335 1.08203 1.09015 1.09772 1.10478 1.11136 1.11749 1.12322 1.12858 1.13361 1.13835 1.14283 1.14709 1.15116 1.15506 1.15883 1.16247 1.16606 1.16943 1.17219 1.17407 1.17517 1.17549 1.17507 1.17392 1.17207 1.16954 1.16634 1.16246 1.15791 1.15267 1.14671 1.14001 1.13251 1.12415 1.11486 1.10455 1.09315 1.08055 1.06667 1.05139 1.03463 1.01625 0.99614 0.97416 0.95013 0.92383 0.89502 0.86333 0.82833 0.78940 0.74572 0.69611 0.63901 0.57237 0.49408 0.40294 0.30096 0.19636 0.10431 0.04078 0.01010 0.00124
0.98461 0.99533 1.00540 1.01482 1.02361 1.03178 1.03938 1.04645 1.05303 1.05918 1.06495 1.07039 1.07556 1.08050 1.08525 1.08987 1.09438 1.09881 1.10320 1.10756 1.11190 1.11630 1.12058 1.12429 1.12718 1.12932 1.13072 1.13139 1.13135 1.13063 1.12921 1.12711 1.12432 1.12082 1.11660 1.11163 1.10585 1.09922 1.09166 1.08311 1.07348 1.06269 1.05063 1.03722 1.02236 1.00594 0.98785 0.96796 0.94612 0.92215 0.89581 0.86682 0.83480 0.79925 0.75949 0.71456 0.66314 0.60345 0.53333 0.45080 0.35559 0.25194 0.15133 0.07098 0.02309 0.00430 0.00034
0.92789 0.93836 0.94812 0.95717 0.96556 0.97333 0.98054 0.98725 0.99352 0.99943 1.00505 1.01042 1.01563 1.02071 1.02572 1.03070 1.03569 1.04071 1.04579 1.05095 1.05620 1.06160 1.06695 1.07180 1.07584 1.07916 1.08176 1.08364 1.08482 1.08530 1.08509 1.08417 1.08253 1.08016 1.07702 1.07307 1.06826 1.06252 1.05580 1.04801 1.03907 1.02889 1.01739 1.00446 0.99001 0.97394 0.95613 0.93644 0.91472 0.89076 0.86431 0.83504 0.80255 0.76625 0.72535 0.67875 0.62492 0.56186 0.48735 0.39989 0.30085 0.19782 0.10624 0.04224 0.01066 0.00133 0.00006
0.86190 0.87218 0.88171 0.89052 0.89867 0.90623 0.91327 0.91988 0.92612 0.93209 0.93785 0.94347 0.94903 0.95456 0.96012 0.96576 0.97150 0.97737 0.98340 0.98959 0.99596 1.00255 1.00916 1.01530 1.02065 1.02528 1.02918 1.03237 1.03485 1.03662 1.03767 1.03798 1.03754 1.03632 1.03428 1.03137 1.02753 1.02270 1.01681 1.00978 1.00152 0.99196 0.98099 0.96853 0.95449 0.93875 0.92119 0.90167 0.88000 0.85598 0.82931 0.79963 0.76646 0.72912 0.68668 0.63783 0.58079 0.51337 0.43348 0.34071 0.23960 0.14250 0.06590 0.02084 0.00369 0.00027 0.00001
0.78580 0.79602 0.80551 0.81431 0.82250 0.83017 0.83740 0.84427 0.85088 0.85731 0.86362 0.86989 0.87618 0.88254 0.88901 0.89563 0.90244 0.90945 0.91668 0.92414 0.93184 0.93983 0.94788 0.95547 0.96225 0.96829 0.97359 0.97817 0.98200 0.98510 0.98744 0.98901 0.98977 0.98970 0.98875 0.98686 0.98398 0.98003 0.97494 0.96864 0.96103 0.95205 0.94160 0.92958 0.91591 0.90046 0.88311 0.86369 0.84201 0.81782 0.79079 0.76049 0.72636 0.68758 0.64302 0.59111 0.52979 0.45677 0.37075 0.27429 0.17630 0.09146 0.03429 0.00785 0.00084 0.00003 0.00001
0.69881 0.70922 0.71898 0.72815 0.73682 0.74507 0.75298 0.76064 0.76813 0.77552 0.78288 0.79027 0.79775 0.80535 0.81312 0.82109 0.82928 0.83772 0.84643 0.85540 0.86464 0.87421 0.88386 0.89302 0.90133 0.90887 0.91564 0.92163 0.92684 0.93127 0.93490 0.93770 0.93964 0.94068 0.94077 0.93986 0.93787 0.93475 0.93041 0.92478 0.91779 0.90934 0.89936 0.88775 0.87440 0.85919 0.84198 0.82258 0.80077 0.77626 0.74866 0.71746 0.68196 0.64115 0.59364 0.53753 0.47058 0.39136 0.30105 0.20531 0.11625 0.04961 0.01381 0.00199 0.00011 0.00001 0.00001
0.60033 0.61135 0.62189 0.63201 0.64177 0.65125 0.66050 0.66959 0.67859 0.68755 0.69652 0.70556 0.71470 0.72399 0.73346 0.74313 0.75303 0.76318 0.77359 0.78428 0.79524 0.80653 0.81790 0.82874 0.83865 0.84772 0.85596 0.86336 0.86993 0.87566 0.88052 0.88449 0.88753 0.88960 0.89066 0.89063 0.88946 0.88708 0.88342 0.87841 0.87196 0.86401 0.85444 0.84318 0.83010 0.81507 0.79791 0.77842 0.75632 0.73127 0.70281 0.67029 0.63281 0.58911 0.53749 0.47619 0.40378 0.32004 0.22817 0.13802 0.06501 0.02099 0.00379 0.00028 0.00001 0.00001 0.00001
0.49032 0.50262 0.51469 0.52656 0.53823 0.54974 0.56111 0.57239 0.58359 0.59475 0.60592 0.61713 0.62841 0.63979 0.65131 0.66299 0.67486 0.68694 0.69926 0.71181 0.72461 0.73773 0.75089 0.76343 0.77494 0.78553 0.79520 0.80395 0.81179 0.81871 0.82470 0.82972 0.83375 0.83674 0.83864 0.83940 0.83895 0.83724 0.83419 0.82973 0.82379 0.81627 0.80709 0.79613 0.78325 0.76831 0.75109 0.73134 0.70874 0.68283 0.65304 0.61855 0.57833 0.53113 0.47542 0.40931 0.33159 0.24418 0.15514 0.07871 0.02842 0.00611 0.00058 0.00002 0.00001 0.00001 0.00001
0.37038 0.38485 0.39939 0.41393 0.42842 0.44281 0.45710 0.47126 0.48530 0.49924 0.51310 0.52690 0.54068 0.55446 0.56829 0.58219 0.59619 0.61033 0.62464 0.63913 0.65380 0.66875 0.68368 0.69789 0.71092 0.72292 0.73388 0.74384 0.75280 0.76077 0.76773 0.77366 0.77853 0.78231 0.78495 0.78640 0.78661 0.78551 0.78304 0.77912 0.77366 0.76657 0.75774 0.74703 0.73428 0.71928 0.70181 0.68152 0.65806 0.63094 0.59957 0.56313 0.52037 0.46950 0.40844 0.33584 0.25301 0.16653 0.08919 0.03499 0.00854 0.00100 0.00004 0.00001 0.00001 0.00001 0.00001
0.24688 0.26404 0.28157 0.29930 0.31708 0.33482 0.35242 0.36983 0.38703 0.40401 0.42078 0.43735 0.45376 0.47004 0.48624 0.50239 0.51853 0.53472 0.55097 0.56732 0.58378 0.60046 0.61704 0.63275 0.64712 0.66031 0.67236 0.68330 0.69317 0.70199 0.70976 0.71648 0.72212 0.72666 0.73004 0.73222 0.73312 0.73267 0.73080 0.72741 0.72241 0.71567 0.70708 0.69648 0.68371 0.66855 0.65077 0.63005 0.60597 0.57787 0.54482 0.50550 0.45822 0.40114 0.33297 0.25462 0.17162 0.09543 0.03969 0.01062 0.00143 0.00007 0.00001 0.00001 0.00001 0.00001 0.00001
0.13519 0.15345 0.17259 0.19233 0.21245 0.23273 0.25302 0.27317 0.29311 0.31278 0.33216 0.35125 0.37007 0.38864 0.40700 0.42519 0.44326 0.46125 0.47919 0.49713 0.51507 0.53315 0.55104 0.56793 0.58335 0.59754 0.61055 0.62246 0.63330 0.64310 0.65185 0.65952 0.66608 0.67147 0.67566 0.67857 0.68014 0.68031 0.67899 0.67610 0.67154 0.66520 0.65692 0.64655 0.63386 0.61859 0.60039 0.57878 0.55310 0.52248 0.48573 0.44132 0.38757 0.32328 0.24920 0.17026 0.09685 0.04181 0.01189 0.00177 0.00010 0.00001 0.00001 0.00001 0.00001 0.00001 0.00001
0.05469 0.06948 0.08609 0.10424 0.12360 0.14384 0.16468 0.18585 0.20713 0.22837 0.24946 0.27031 0.29090 0.31120 0.33122 0.35100 0.37056 0.38997 0.40930 0.42861 0.44797 0.46755 0.48703 0.50550 0.52242 0.53803 0.55238 0.56552 0.57749 0.58830 0.59796 0.60644 0.61372 0.61978 0.62456 0.62802 0.63009 0.63070 0.62976 0.62716 0.62277 0.61644 0.60801 0.59724 0.58388 0.56758 0.54788 0.52416 0.49557 0.46098 0.41896 0.36800 0.30708 0.23707 0.16263 0.09336 0.04102 0.01205 0.00190 0.00012 0.00001 0.00001 0.00001 0.00001 0.00001 0.00001 0.00001
0.01255 0.02010 0.03008 0.04248 0.05715 0.07380 0.09209 0.11165 0.13211 0.15317 0.17454 0.19605 0.21754 0.23894 0.26021 0.28135 0.30240 0.32340 0.34441 0.36549 0.38666 0.40807 0.42929 0.44929 0.46748 0.48412 0.49933 0.51317 0.52573 0.53704 0.54713 0.55598 0.56360 0.56995 0.57499 0.57866 0.58088 0.58156 0.58059 0.57786 0.57321 0.56645 0.55738 0.54571 0.53110 0.51309 0.49105 0.46417 0.43134 0.39127 0.34262 0.28470 0.21865 0.14919 0.08529 0.03745 0.01107 0.00178 0.00012 0.00001 0.00001 0.00001 0.00001 0.00001 0.00001 0.00001 0.00001
0.00074 0.00216 0.00509 0.01008 0.01752 0.02756 0.04014 0.05505 0.07195 0.09047 0.11022 0.13085 0.15209 0.17373 0.19563 0.21771 0.23990 0.26216 0.28447 0.30685 0.32931 0.35199 0.37443 0.39548 0.41444 0.43168 0.44736 0.46159 0.47447 0.48607 0.49640 0.50549 0.51331 0.51982 0.52498 0.52870 0.53089 0.53146 0.53025 0.52713 0.52191 0.51436 0.50419 0.49105 0.47447 0.45382 0.42829 0.39684 0.35830 0.31161 0.25649 0.19456 0.13074 0.07343 0.03163 0.00917 0.00145 0.00010 0.00001 0.00001 0.00001 0.00001 0.00001 0.00001 0.00001 0.00001 0.00001
0.00001 0.00003 0.00014 0.00066 0.00218 0.00545 0.01102 0.01921 0.03009 0.04353 0.05922 0.07682 0.09594 0.11625 0.13746 0.15932 0.18166 0.20433 0.22728 0.25045 0.27380 0.29747 0.32091 0.34274 0.36224 0.37987 0.39584 0.41030 0.42338 0.43516 0.44565 0.45487 0.46278 0.46933 0.47444 0.47803 0.47998 0.48016 0.47841 0.47453 0.46829 0.45939 0.44746 0.43200 0.41240 0.38785 0.35742 0.32010 0.27521 0.22300 0.16569 0.10845 0.05898 0.02444 0.00676 0.00101 0.00007 0.00001 0.00001 0.00001 0.00001 0.00001 0.00001 0.00001 0.00001 0.00001 0.00001
0.00001 0.00001 0.00001 0.00001 0.00004 0.00024 0.00106 0.00327 0.00760 0.01450 0.02416 0.03651 0.05131 0.06822 0.08691 0.10703 0.12828 0.15041 0.17322 0.19659 0.22037 0.24467 0.26878 0.29113 0.31089 0.32868 0.34476 0.35932 0.37250 0.38435 0.39490 0.40411 0.41194 0.41833 0.42316 0.42633 0.42771 0.42711 0.42434 0.41916 0.41124 0.40019 0.38552 0.36661 0.34271 0.31302 0.27682 0.23390 0.18515 0.13345 0.08402 0.04353 0.01698 0.00436 0.00060 0.00004 0.00001 0.00001 0.00001 0.00001 0.00001 0.00001 0.00001 0.00001 0.00001 0.00001 0.00001
0.00001 0.00001 0.00001 0.00001 0.00001 0.00001 0.00002 0.00011 0.00061 0.00223 0.00579 0.01186 0.02071 0.03231 0.04651 0.06304 0.08156 0.10175 0.12330 0.14595 0.16944 0.19378 0.21811 0.24059 0.26030 0.27802 0.29405 0.30859 0.32174 0.33352 0.34393 0.35291 0.36040 0.36629 0.37048 0.37282 0.37313 0.37119 0.36676 0.35949 0.34899 0.33477 0.31624 0.29279 0.26381 0.22901 0.18873 0.14459 0.09991 0.05963 0.02889 0.01036 0.00239 0.00029 0.00002 0.00001 0.00001 0.00001 0.00001 0.00001 0.00001 0.00001 0.00001 0.00001 0.00001 0.00001 0.00001
0.00001 0.00001 0.00001 0.00001 0.00001 0.00001 0.00001 0.00001 0.00001 0.00007 0.00043 0.00174 0.00486 0.01041 0.01872 0.02989 0.04383 0.06030 0.07898 0.09955 0.12163 0.14512 0.16895 0.19098 0.21026 0.22767 0.24347 0.25779 0.27068 0.28213 0.29208 0.30048 0.30721 0.31217 0.31521 0.31613 0.31473 0.31072 0.30379 0.29354 0.27954 0.26130 0.23840 0.21058 0.17804 0.14176 0.10389 0.06785 0.03773 0.01672 0.00536 0.00107 0.00011 0.00001 0.00001 0.00001 0.00001 0.00001 0.00001 0.00001 0.00001 0.00001 0.00001 0.00001 0.00001 0.00001 0.00001
