tests/data/gray99/saval2D/outputs/resuqv9.asc
north:     17.44
south:      0.00
east:      60.51
west:       0.00
rows:   68
cols:  236
[rows 0 to 28 of 68, columns 65 to 129 of 236]
0.00000 0.00000 0.00000 0.00000 0.00000 0.00000 0.00000 0.00000 0.00000 0.00000 0.00000 0.00000 0.00000 0.00000 0.00000 0.00000 0.00000 0.00000 0.00000 0.00000 0.00000 0.00000 0.00000 0.00000 0.00000 0.00000 0.00000 0.00000 0.00000 0.00000 0.00000 0.00000 0.00000 0.00000 0.00000 0.00000 0.00000 0.00000 0.00000 0.00000 0.00000 0.00000 0.00000 0.00000 0.00000 0.00000 0.00000 0.00000 0.00000 0.00000 0.00000 0.00000 0.00000 0.00000 0.00000 0.00000 0.00000 0.00000 0.00000 0.00000 0.00000 0.00000 0.00000 0.00000 0.00000
0.00000 0.00000 0.00000 0.00000 0.00000 0.00000 0.00000 0.00000 0.00000 0.00000 0.00000 0.00000 0.00000 0.00000 0.00000 0.00000 0.00000 0.00000 0.00000 0.00000 0.00000 0.00000 0.00000 0.00000 0.00000 0.00000 0.00000 0.00000 0.00000 0.00000 0.00000 0.00000 0.00000 0.00000 0.00000 0.00000 0.00000 0.00000 0.00000 0.00000 0.00000 0.00000 0.00000 0.00000 0.00000 0.00000 0.00000 0.00000 0.00000 0.00000 0.00000 0.00000 0.00000 0.00000 0.00000 0.00000 0.00000 0.00000 0.00000 0.00000 0.00000 0.00000 0.00000 0.00000 0.00000
0.00000 0.00000 0.00000 0.00000 0.00000 0.00000 0.00000 0.00000 0.00000 0.00000 0.00000 0.00000 0.00000 0.00000 0.00000 0.00000 0.00000 0.00000 0.00000 0.00000 0.00000 0.00000 0.00000 0.00000 0.00000 0.00000 0.00000 0.00000 0.00000 0.00000 0.00000 0.00000 0.00000 0.00000 0.00000 0.00000 0.00000 0.00000 0.00000 0.00000 0.00000 0.00000 0.00000 0.00000 0.00000 0.00000 0.00000 0.00000 0.00000 0.00000 0.00000 0.00000 0.00000 0.00000 0.00000 0.00000 0.00000 0.00000 0.00000 0.00000 0.00000 0.00000 0.00000 0.00000 0.00000
0.00000 0.00000 0.00000 0.00000 0.00000 0.00000 0.00000 0.00000 0.00000 0.00000 0.00000 0.00000 0.00000 0.00000 0.00000 0.00000 0.00000 0.00000 0.00000 0.00000 0.00000 0.00000 0.00000 0.00000 0.00000 0.00000 0.00000 0.00000 0.00000 0.00000 0.00000 0.00000 0.00000 0.00000 0.00000 0.00000 0.00000 0.00000 0.00000 0.00000 0.00000 0.00000 0.00000 0.00000 0.00000 0.00000 0.00000 0.00000 0.00000 0.00000 0.00000 0.00000 0.00000 0.00000 0.00000 0.00000 0.00000 0.00000 0.00000 0.00000 0.00000 0.00000 0.00000 0.00000 0.00000
0.00000 0.00000 0.00000 0.00000 0.00000 0.00000 0.00000 0.00000 0.00000 0.00000 0.00000 0.00000 0.00000 0.00000 0.00000 0.00000 0.00000 0.00000 0.00000 0.00000 0.00000 0.00000 0.00000 0.00000 0.00000 0.00000 0.00000 0.00000 0.00000 0.00000 0.00000 0.00000 0.00000 0.00000 0.00000 0.00000 0.00000 0.00000 0.00000 0.00000 0.00000 0.00000 0.00000 0.00000 0.00000 0.00000 0.00000 0.00000 0.00000 0.00000 0.00000 0.00000 0.00000 0.00000 0.00000 0.00000 0.00000 0.00000 0.00000 0.00000 0.00000 0.00000 0.00000 0.00000 0.00000
0.00000 0.00000 0.00000 0.00000 0.00000 0.00000 0.00000 0.00000 0.00000 0.00000 0.00000 0.00000 0.00000 0.00000 0.00000 0.00000 0.00000 0.00000 0.00000 0.00000 0.00000 0.00000 0.00000 0.00000 0.00000 0.00000 0.00000 0.00000 0.00000 0.00000 0.00000 0.00000 0.00000 0.00000 0.00000 0.00000 0.00000 0.00000 0.00000 0.00000 0.00000 0.00000 0.00000 0.00000 0.00000 0.00000 0.00000 0.00000 0.00000 0.00000 0.00000 0.00000 0.00000 0.00000 0.00000 0.00000 0.00000 0.00000 0.00000 0.00000 0.00000 0.00000 0.00000 0.00000 0.00000
0.00000 0.00000 0.00000 0.00000 0.00000 0.00000 0.00000 0.00000 0.00000 0.00000 0.00000 0.00000 0.00000 0.00000 0.00000 0.00000 0.00000 0.00000 0.00000 0.00000 0.00000 0.00000 0.00000 0.00000 0.00000 0.00000 0.00000 0.00000 0.00000 0.00000 0.00000 0.00000 0.00000 0.00000 0.00000 0.00000 0.00000 0.00000 0.00000 0.00000 0.00000 0.00000 0.00000 0.00000 0.00000 0.00000 0.00000 0.00000 0.00000 0.00000 0.00000 0.00000 0.00000 0.00000 0.00000 0.00000 0.00000 0.00000 0.00000 0.00000 0.00000 0.00000 0.00000 0.00000 0.00000
0.00000 0.00000 0.00000 0.00000 0.00000 0.00000 0.00000 0.00000 0.00000 0.00000 0.00000 0.00000 0.00000 0.00000 0.00000 0.00000 0.00000 0.00000 0.00000 0.00000 0.00000 0.00000 0.00000 0.00000 0.00000 0.00000 0.00000 0.00000 0.00000 0.00000 0.00000 0.00000 0.00000 0.00000 0.00000 0.00000 0.00000 0.00000 0.00000 0.00000 0.00000 0.00000 0.00000 0.00000 0.00000 0.00000 0.00000 0.00000 0.00000 0.00000 0.00000 0.00000 0.00000 0.00000 0.00000 0.00000 0.00000 0.00000 0.00000 0.00000 0.00000 0.00000 0.00000 0.00000 0.00000
0.00003 0.00000 0.00000 0.00000 0.00000 0.00000 0.00000 0.00000 0.00000 0.00000 0.00000 0.00000 0.00000 0.00000 0.00000 0.00000 0.00000 0.00000 0.00000 0.00000 0.00000 0.00000 0.00000 0.00000 0.00000 0.00000 0.00000 0.00000 0.00000 0.00000 0.00000 0.00000 0.00000 0.00000 0.00000 0.00000 0.00000 0.00000 0.00000 0.00000 0.00000 0.00000 0.00000 0.00000 0.00000 0.00000 0.00000 0.00000 0.00000 0.00000 0.00000 0.00000 0.00000 0.00000 0.00000 0.00000 0.00000 0.00000 0.00000 0.00000 0.00000 0.00000 0.00000 0.00000 0.00000
0.00048 0.00039 0.00034 0.00028 0.00018 0.00007 0.00001 0.00000 0.00000 0.00000 0.00000 0.00000 0.00000 0.00000 0.00000 0.00000 0.00000 0.00000 0.00000 0.00000 0.00000 0.00000 0.00000 0.00000 0.00000 0.00000 0.00000 0.00000 0.00000 0.00000 0.00000 0.00000 0.00000 0.00000 0.00000 0.00000 0.00000 0.00000 0.00000 0.00000 0.00000 0.00000 0.00000 0.00000 0.00000 0.00000 0.00000 0.00000 0.00000 0.00000 0.00000 0.00000 0.00000 0.00000 0.00000 0.00000 0.00000 0.00000 0.00000 0.00000 0.00000 0.00000 0.00000 0.00000 0.00000
0.00144 0.00128 0.00115 0.00102 0.00084 0.00065 0.00051 0.00043 0.00036 0.00026 0.00012 0.00002 0.00000 0.00000 0.00000 0.00000 0.00000 0.00000 0.00000 0.00000 0.00000 0.00000 0.00000 0.00000 0.00000 0.00000 0.00000 0.00000 0.00000 0.00000 0.00000 0.00000 0.00000 0.00000 0.00000 0.00000 0.00000 0.00000 0.00000 0.00000 0.00000 0.00000 0.00000 0.00000 0.00000 0.00000 0.00000 0.00000 0.00000 0.00000 0.00000 0.00000 0.00000 0.00000 0.00000 0.00000 0.00000 0.00000 0.00000 0.00000 0.00000 0.00000 0.00000 0.00000 0.00000
0.00302 0.00278 0.00257 0.00236 0.00211 0.00185 0.00161 0.00144 0.00127 0.00107 0.00084 0.00065 0.00053 0.00045 0.00034 0.00018 0.00005 0.00000 0.00000 0.00000 0.00000 0.00000 0.00000 0.00000 0.00000 0.00000 0.00000 0.00000 0.00000 0.00000 0.00000 0.00000 0.00000 0.00000 0.00000 0.00000 0.00000 0.00000 0.00000 0.00000 0.00000 0.00000 0.00000 0.00000 0.00000 0.00000 0.00000 0.00000 0.00000 0.00000 0.00000 0.00000 0.00000 0.00000 0.00000 0.00000 0.00000 0.00000 0.00000 0.00000 0.00000 0.00000 0.00000 0.00000 0.00000
0.00533 0.00503 0.00475 0.00447 0.00415 0.00381 0.00349 0.00321 0.00294 0.00265 0.00232 0.00202 0.00179 0.00159 0.00136 0.00109 0.00084 0.00068 0.00058 0.00047 0.00030 0.00011 0.00001 0.00000 0.00000 0.00000 0.00000 0.00000 0.00000 0.00000 0.00000 0.00000 0.00000 0.00000 0.00000 0.00000 0.00000 0.00000 0.00000 0.00000 0.00000 0.00000 0.00000 0.00000 0.00000 0.00000 0.00000 0.00000 0.00000 0.00000 0.00000 0.00000 0.00000 0.00000 0.00000 0.00000 0.00000 0.00000 0.00000 0.00000 0.00000 0.00000 0.00000 0.00000 0.00000
0.00849 0.00814 0.00780 0.00746 0.00708 0.00669 0.00629 0.00591 0.00555 0.00517 0.00476 0.00435 0.00399 0.00367 0.00332 0.00294 0.00257 0.00227 0.00202 0.00178 0.00147 0.00115 0.00092 0.00077 0.00066 0.00053 0.00032 0.00010 0.00001 0.00000 0.00000 0.00000 0.00000 0.00000 0.00000 0.00000 0.00000 0.00000 0.00000 0.00000 0.00000 0.00000 0.00000 0.00000 0.00000 0.00000 0.00000 0.00000 0.00000 0.00000 0.00000 0.00000 0.00000 0.00000 0.00000 0.00000 0.00000 0.00000 0.00000 0.00000 0.00000 0.00000 0.00000 0.00000 0.00000
0.01258 0.01221 0.01184 0.01146 0.01105 0.01061 0.01016 0.00972 0.00928 0.00882 0.00833 0.00784 0.00737 0.00693 0.00647 0.00598 0.00550 0.00505 0.00465 0.00427 0.00384 0.00338 0.00299 0.00267 0.00241 0.00212 0.00175 0.00138 0.00113 0.00098 0.00086 0.00073 0.00053 0.00029 0.00010 0.00003 0.00001 0.00000 0.00000 0.00000 0.00000 0.00000 0.00000 0.00000 0.00000 0.00000 0.00000 0.00000 0.00000 0.00000 0.00000 0.00000 0.00000 0.00000 0.00000 0.00000 0.00000 0.00000 0.00000 0.00000 0.00000 0.00000 0.00000 0.00000 0.00001
0.01770 0.01735 0.01698 0.01659 0.01617 0.01572 0.01525 0.01477 0.01428 0.01377 0.01323 0.01268 0.01213 0.01160 0.01105 0.01048 0.00989 0.00933 0.00880 0.00828 0.00773 0.00715 0.00661 0.00612 0.00569 0.00524 0.00473 0.00422 0.00378 0.00343 0.00315 0.00285 0.00248 0.00206 0.00170 0.00146 0.00131 0.00119 0.00107 0.00092 0.00074 0.00054 0.00038 0.00027 0.00021 0.00017 0.00014 0.00012 0.00010 0.00009 0.00008 0.00008 0.00007 0.00007 0.00007 0.00007 0.00008 0.00008 0.00010 0.00012 0.00018 0.00031 0.00055 0.00092 0.00135
0.02394 0.02364 0.02332 0.02296 0.02257 0.02215 0.02169 0.02121 0.02072 0.02020 0.01965 0.01908 0.01849 0.01790 0.01730 0.01668 0.01603 0.01539 0.01477 0.01414 0.01350 0.01283 0.01218 0.01155 0.01097 0.01039 0.00976 0.00911 0.00851 0.00799 0.00752 0.00706 0.00654 0.00598 0.00545 0.00501 0.00467 0.00439 0.00413 0.00383 0.00348 0.00312 0.00280 0.00251 0.00232 0.00219 0.00207 0.00196 0.00184 0.00171 0.00158 0.00147 0.00140 0.00138 0.00145 0.00166 0.00216 0.00295 0.00393 0.00485 0.00549 0.00570 0.00522 0.00363 0.00039
0.03140 0.03120 0.03096 0.03068 0.03037 0.03002 0.02963 0.02920 0.02875 0.02828 0.02776 0.02722 0.02666 0.02608 0.02548 0.02485 0.02420 0.02354 0.02288 0.02221 0.02153 0.02082 0.02011 0.01941 0.01874 0.01807 0.01737 0.01665 0.01595 0.01529 0.01469 0.01410 0.01349 0.01283 0.01218 0.01153 0.01073 0.01019 0.00964 0.00894 0.00804 0.00698 0.00580 0.00463 0.00344 0.00226 0.00110 0.00001 -0.00096 -0.00171 -0.00211 -0.00212 -0.00175 -0.00104 -0.00005 0.00116 0.00249 0.00371 0.00446 0.00409 0.00195 -0.00251 -0.00965 -0.01980 -0.03327
0.04014 0.04010 0.04000 0.03987 0.03969 0.03946 0.03920 0.03890 0.03856 0.03818 0.03777 0.03733 0.03685 0.03635 0.03583 0.03527 0.03469 0.03409 0.03347 0.03285 0.03220 0.03154 0.03086 0.03018 0.02951 0.02884 0.02815 0.02745 0.02609 0.02502 0.02434 0.02341 0.02203 0.02016 0.01779 0.01504 0.01216 0.00884 0.00520 0.00133 -0.00273 -0.00684 -0.01088 -0.01476 -0.01838 -0.02173 -0.02479 -0.02757 -0.03010 -0.03240 -0.03443 -0.03619 -0.03762 -0.03872 -0.03949 -0.03994 -0.04019 -0.04050 -0.04158 -0.04441 -0.04993 -0.05883 -0.07153 -0.08823 -0.10900
0.05028 0.05045 0.05057 0.05064 0.05066 0.05064 0.05057 0.05046 0.05031 0.05012 0.04990 0.04963 0.04933 0.04900 0.04864 0.04826 0.04784 0.04740 0.04694 0.04647 0.04597 0.04418 0.04365 0.04371 0.04346 0.04210 0.03974 0.03631 0.03245 0.02749 0.02159 0.01504 0.00802 0.00069 -0.00683 -0.01441 -0.02197 -0.02944 -0.03678 -0.04398 -0.05102 -0.05787 -0.06448 -0.07079 -0.07670 -0.08214 -0.08706 -0.09143 -0.09524 -0.09851 -0.10128 -0.10358 -0.10545 -0.10689 -0.10796 -0.10867 -0.10917 -0.10990 -0.11187 -0.11607 -0.12336 -0.13434 -0.14942 -0.16876 -0.19235
0.06193 0.06238 0.06279 0.06315 0.06346 0.06372 0.06394 0.06412 0.06425 0.06435 0.06440 0.06443 0.06441 0.06437 0.06430 0.06357 0.06503 0.06674 0.06760 0.06608 0.06269 0.05870 0.05218 0.04424 0.03543 0.02607 0.01636 0.00646 -0.00351 -0.01350 -0.02350 -0.03347 -0.04337 -0.05314 -0.06275 -0.07214 -0.08124 -0.09001 -0.09838 -0.10635 -0.11388 -0.12100 -0.12769 -0.13395 -0.13974 -0.14503 -0.14977 -0.15394 -0.15752 -0.16051 -0.16295 -0.16486 -0.16631 -0.16734 -0.16800 -0.16835 -0.16859 -0.16946 -0.17197 -0.17692 -0.18496 -0.19659 -0.21215 -0.23181 -0.25559
0.07522 0.07606 0.07685 0.07760 0.07830 0.07896 0.07957 0.08015 0.07991 0.08260 0.08651 0.09007 0.09219 0.09211 0.08892 0.08371 0.07546 0.06592 0.05588 0.04569 0.03539 0.02515 0.01472 0.00408 -0.00674 -0.01765 -0.02857 -0.03945 -0.05022 -0.06083 -0.07125 -0.08144 -0.09138 -0.10107 -0.11048 -0.11960 -0.12837 -0.13677 -0.14476 -0.15230 -0.15937 -0.16596 -0.17206 -0.17767 -0.18280 -0.18744 -0.19157 -0.19518 -0.19826 -0.20081 -0.20284 -0.20439 -0.20549 -0.20620 -0.20657 -0.20667 -0.20681 -0.20797 -0.21089 -0.21616 -0.22428 -0.23564 -0.25056 -0.26922 -0.29169
0.09039 0.09173 0.09315 0.09761 0.10333 0.10863 0.11221 0.11314 0.11180 0.10668 0.09976 0.09196 0.08350 0.07480 0.06622 0.05734 0.04787 0.03779 0.02727 0.01652 0.00565 -0.00524 -0.01613 -0.02699 -0.03782 -0.04860 -0.05929 -0.06986 -0.08026 -0.09047 -0.10043 -0.11013 -0.11954 -0.12864 -0.13741 -0.14585 -0.15394 -0.16167 -0.16900 -0.17592 -0.18241 -0.18843 -0.19398 -0.19906 -0.20366 -0.20779 -0.21144 -0.21461 -0.21731 -0.21954 -0.22132 -0.22265 -0.22359 -0.22416 -0.22442 -0.22445 -0.22474 -0.22619 -0.22929 -0.23445 -0.24210 -0.25256 -0.26612 -0.28297 -0.30326
0.12292 0.12616 0.12682 0.12406 0.11972 0.11481 0.10980 0.10488 0.09990 0.09386 0.08656 0.07817 0.06904 0.05950 0.04976 0.03996 0.03006 0.02000 0.00975 -0.00062 -0.01108 -0.02158 -0.03205 -0.04248 -0.05282 -0.06306 -0.07317 -0.08313 -0.09290 -0.10248 -0.11181 -0.12087 -0.12965 -0.13810 -0.14623 -0.15402 -0.16145 -0.16852 -0.17521 -0.18152 -0.18743 -0.19292 -0.19798 -0.20260 -0.20678 -0.21052 -0.21382 -0.21669 -0.21912 -0.22114 -0.22274 -0.22397 -0.22483 -0.22538 -0.22563 -0.22570 -0.22623 -0.22782 -0.23079 -0.23548 -0.24223 -0.25136 -0.26312 -0.27774 -0.29537
0.12807 0.12650 0.12447 0.12118 0.11669 0.11132 0.10538 0.09909 0.09257 0.08550 0.07769 0.06922 0.06031 0.05113 0.04174 0.03221 0.02256 0.01282 0.00300 -0.00687 -0.01678 -0.02667 -0.03652 -0.04629 -0.05596 -0.06549 -0.07487 -0.08408 -0.09309 -0.10189 -0.11045 -0.11877 -0.12681 -0.13456 -0.14199 -0.14910 -0.15587 -0.16228 -0.16834 -0.17404 -0.17937 -0.18433 -0.18890 -0.19308 -0.19686 -0.20025 -0.20324 -0.20584 -0.20805 -0.20989 -0.21137 -0.21251 -0.21334 -0.21388 -0.21417 -0.21431 -0.21501 -0.21653 -0.21910 -0.22305 -0.22866 -0.23622 -0.24598 -0.25818 -0.27301
0.12849 0.12541 0.12201 0.11803 0.11331 0.10786 0.10177 0.09517 0.08814 0.08069 0.07281 0.06462 0.05619 0.04758 0.03881 0.02992 0.02093 0.01187 0.00277 -0.00635 -0.01546 -0.02454 -0.03355 -0.04248 -0.05129 -0.05996 -0.06847 -0.07679 -0.08491 -0.09282 -0.10050 -0.10795 -0.11514 -0.12207 -0.12872 -0.13507 -0.14111 -0.14683 -0.15223 -0.15729 -0.16202 -0.16641 -0.17047 -0.17417 -0.17753 -0.18054 -0.18320 -0.18552 -0.18751 -0.18916 -0.19051 -0.19156 -0.19233 -0.19285 -0.19315 -0.19338 -0.19409 -0.19534 -0.19736 -0.20041 -0.20476 -0.21069 -0.21844 -0.22824 -0.24031
0.12568 0.12191 0.11776 0.11323 0.10828 0.10287 0.09700 0.09071 0.08404 0.07703 0.06973 0.06220 0.05449 0.04664 0.03869 0.03065 0.02255 0.01442 0.00629 -0.00184 -0.00994 -0.01798 -0.02596 -0.03385 -0.04162 -0.04926 -0.05674 -0.06404 -0.07116 -0.07807 -0.08477 -0.09125 -0.09749 -0.10350 -0.10926 -0.11476 -0.11999 -0.12494 -0.12960 -0.13398 -0.13806 -0.14184 -0.14533 -0.14852 -0.15141 -0.15400 -0.15629 -0.15829 -0.16000 -0.16144 -0.16261 -0.16353 -0.16421 -0.16467 -0.16496 -0.16523 -0.16580 -0.16667 -0.16803 -0.17015 -0.17328 -0.17765 -0.18350 -0.19108 -0.20059
0.11856 0.11483 0.11070 0.10623 0.10144 0.09634 0.09096 0.08528 0.07935 0.07319 0.06684 0.06031 0.05363 0.04681 0.03991 0.03295 0.02596 0.01896 0.01197 0.00502 -0.00189 -0.00874 -0.01551 -0.02219 -0.02877 -0.03522 -0.04154 -0.04769 -0.05368 -0.05949 -0.06511 -0.07053 -0.07575 -0.08075 -0.08554 -0.09011 -0.09444 -0.09854 -0.10240 -0.10602 -0.10939 -0.11251 -0.11538 -0.11800 -0.12036 -0.12248 -0.12435 -0.12598 -0.12737 -0.12854 -0.12948 -0.13022 -0.13076 -0.13113 -0.13135 -0.13159 -0.13193 -0.13236 -0.13309 -0.13435 -0.13635 -0.13934 -0.14352 -0.14912 -0.15634
0.10758 0.10431 0.10070 0.09678 0.09261 0.08820 0.08358 0.07877 0.07379 0.06868 0.06346 0.05815 0.05273 0.04720 0.04159 0.03592 0.03022 0.02453 0.01886 0.01322 0.00764 0.00212 -0.00332 -0.00868 -0.01393 -0.01908 -0.02411 -0.02901 -0.03377 -0.03838 -0.04283 -0.04711 -0.05122 -0.05515 -0.05889 -0.06246 -0.06583 -0.06902 -0.07201 -0.07481 -0.07740 -0.07979 -0.08199 -0.08398 -0.08576 -0.08736 -0.08875 -0.08996 -0.09098 -0.09181 -0.09248 -0.09299 -0.09334 -0.09356 -0.09367 -0.09381 -0.09387 -0.09390 -0.09407 -0.09460 -0.09567 -0.09749 -0.10026 -0.10418 -0.10942
