tests/data/gray99/saval2D/outputs/resuqu9.asc
north:     17.44
south:      0.00
east:      60.51
west:       0.00
rows:   68
cols:  236
[rows 0 to 28 of 68, columns 0 to 64 of 236]
0.00000 0.00000 0.00000 0.00000 0.00000 0.00000 0.00000 0.00000 0.00000 0.00000 0.00000 0.00000 0.00000 0.00000 0.00000 0.00000 0.00000 0.00000 0.00000 0.00000 0.00000 0.00000 0.00000 0.00000 0.00000 0.00000 0.00000 0.00000 0.00000 0.00000 0.00000 0.00000 0.00000 0.00000 0.00000 0.00000 0.00000 0.00000 0.00000 0.00000 0.00000 0.00000 0.00000 0.00000 0.00000 0.00000 0.00000 0.00000 0.00000 0.00000 0.00000 0.00000 0.00000 0.00000 0.00000 0.00000 0.00000 0.00000 0.00000 0.00000 0.00000 0.00000 0.00000 0.00000 0.00000
0.00000 0.00000 -0.00000 0.00000 -0.00000 0.00000 0.00000 -0.00000 0.00000 0.00000 -0.00000 0.00000 0.00000 0.00000 0.00000 0.00000 0.00000 0.00000 0.00000 0.00000 0.00000 0.00000 0.00000 0.00000 0.00000 0.00000 0.00000 0.00000 0.00000 0.00000 0.00000 0.00000 0.00000 0.00000 0.00000 0.00000 0.00000 0.00000 0.00000 0.00000 0.00000 0.00000 0.00000 0.00000 0.00000 0.00000 0.00000 0.00000 0.00000 0.00000 0.00000 0.00000 0.00000 0.00000 0.00000 0.00000 0.00000 0.00000 0.00000 0.00000 0.00000 0.00000 0.00000 0.00000 0.00000
0.00000 0.00000 -0.00000 -0.00000 -0.00000 0.00000 -0.00000 -0.00000 0.00000 0.00000 0.00000 0.00000 0.00000 0.00000 0.00000 0.00000 0.00000 0.00000 0.00000 0.00000 0.00000 0.00000 0.00000 0.00000 0.00000 0.00000 0.00000 0.00000 0.00000 0.00000 0.00000 0.00000 0.00000 0.00000 0.00000 0.00000 0.00000 0.00000 0.00000 0.00000 0.00000 0.00000 0.00000 0.00000 0.00000 0.00000 0.00000 0.00000 0.00000 0.00000 0.00000 0.00000 0.00000 0.00000 0.00000 0.00000 0.00000 0.00000 0.00000 0.00000 0.00000 0.00000 0.00000 0.00000 0.00000
0.00000 -0.00000 -0.00000 -0.00000 -0.00000 -0.00000 -0.00000 -0.00000 -0.00000 -0.00000 0.00000 0.00000 0.00000 0.00000 0.00000 0.00000 0.00000 0.00000 0.00000 0.00000 0.00000 0.00000 0.00000 0.00000 0.00000 0.00000 0.00000 0.00000 0.00000 0.00000 0.00000 0.00000 0.00000 0.00000 0.00000 0.00000 0.00000 0.00000 0.00000 0.00000 0.00000 0.00000 0.00000 0.00000 0.00000 0.00000 0.00000 0.00000 0.00000 0.00000 0.00000 0.00000 0.00000 0.00000 0.00000 0.00000 0.00000 0.00000 0.00000 0.00000 0.00000 0.00000 0.00000 0.00000 0.00000
0.00000 0.00000 -0.00000 -0.00000 -0.00000 -0.00000 -0.00000 0.00000 -0.00000 0.00000 0.00000 0.00000 0.00000 0.00000 0.00000 0.00000 0.00000 0.00000 0.00000 0.00000 0.00000 0.00000 0.00000 0.00000 0.00000 0.00000 0.00000 0.00000 0.00000 0.00000 0.00000 0.00000 0.00000 0.00001 0.00001 0.00001 0.00001 0.00000 0.00000 0.00000 0.00000 0.00000 0.00000 0.00000 0.00000 0.00000 0.00000 0.00000 0.00000 0.00000 0.00000 0.00000 0.00000 0.00000 0.00000 0.00000 0.00000 0.00000 0.00000 0.00000 0.00000 0.00000 0.00000 0.00000 0.00000
0.00000 -0.00000 0.00000 -0.00000 -0.00000 -0.00000 -0.00000 -0.00000 0.00000 0.00000 0.00000 0.00000 0.00000 0.00000 0.00000 0.00000 0.00000 0.00000 0.00000 0.00000 0.00000 0.00000 0.00000 0.00000 0.00000 0.00001 0.00001 0.00002 0.00003 0.00003 0.00004 0.00005 0.00005 0.00006 0.00006 0.00007 0.00007 0.00007 0.00007 0.00007 0.00007 0.00006 0.00006 0.00005 0.00004 0.00002 0.00001 0.00000 0.00000 0.00000 0.00000 0.00000 0.00000 0.00000 0.00000 0.00000 0.00000 0.00000 0.00000 0.00000 0.00000 0.00000 0.00000 0.00000 0.00000
0.00000 -0.00000 -0.00000 0.00000 -0.00000 0.00000 -0.00000 0.00000 0.00000 0.00000 0.00000 0.00000 0.00000 0.00000 0.00000 0.00000 0.00000 0.00000 0.00000 0.00000 0.00000 0.00000 0.00001 0.00002 0.00003 0.00004 0.00006 0.00008 0.00010 0.00011 0.00013 0.00015 0.00016 0.00018 0.00019 0.00020 0.00021 0.00022 0.00022 0.00023 0.00023 0.00022 0.00022 0.00020 0.00018 0.00015 0.00013 0.00012 0.00011 0.00010 0.00009 0.00007 0.00003 0.00001 0.00000 0.00000 0.00000 0.00000 0.00000 0.00000 0.00000 0.00000 0.00000 0.00000 0.00000
0.00000 -0.00000 -0.00000 -0.00000 -0.00000 -0.00000 0.00000 0.00000 0.00000 0.00000 0.00000 0.00000 0.00000 0.00000 0.00000 0.00000 0.00000 0.00000 0.00000 0.00000 0.00001 0.00002 0.00004 0.00006 0.00009 0.00012 0.00015 0.00019 0.00022 0.00026 0.00030 0.00033 0.00036 0.00039 0.00042 0.00045 0.00047 0.00049 0.00050 0.00051 0.00052 0.00052 0.00052 0.00050 0.00048 0.00044 0.00041 0.00039 0.00037 0.00036 0.00033 0.00029 0.00023 0.00018 0.00016 0.00015 0.00013 0.00011 0.00006 0.00002 0.00000 0.00000 0.00000 0.00000 0.00000
0.00000 -0.00000 -0.00000 0.00000 -0.00000 -0.00000 0.00000 0.00000 0.00000 0.00000 0.00000 0.00000 0.00000 0.00000 0.00000 0.00000 0.00000 0.00000 0.00001 0.00002 0.00004 0.00007 0.00011 0.00015 0.00020 0.00025 0.00031 0.00037 0.00043 0.00050 0.00056 0.00062 0.00068 0.00074 0.00079 0.00083 0.00088 0.00092 0.00095 0.00098 0.00100 0.00101 0.00101 0.00100 0.00098 0.00095 0.00091 0.00088 0.00086 0.00083 0.00080 0.00074 0.00066 0.00059 0.00054 0.00051 0.00047 0.00042 0.00034 0.00026 0.00022 0.00019 0.00017 0.00013 0.00007
0.00000 -0.00000 -0.00000 0.00000 -0.00000 -0.00000 0.00000 0.00000 0.00000 0.00000 0.00000 0.00000 0.00000 0.00000 0.00000 0.00000 0.00000 0.00001 0.00004 0.00007 0.00011 0.00016 0.00022 0.00029 0.00037 0.00045 0.00055 0.00064 0.00074 0.00085 0.00095 0.00105 0.00114 0.00123 0.00132 0.00140 0.00148 0.00154 0.00160 0.00166 0.00170 0.00173 0.00176 0.00176 0.00175 0.00173 0.00170 0.00167 0.00164 0.00161 0.00157 0.00150 0.00141 0.00132 0.00125 0.00118 0.00112 0.00104 0.00094 0.00082 0.00073 0.00067 0.00061 0.00053 0.00042
0.00000 -0.00000 -0.00000 -0.00000 -0.00000 0.00000 0.00000 0.00000 0.00000 0.00000 0.00000 0.00000 0.00000 0.00000 0.00000 0.00001 0.00002 0.00005 0.00009 0.00014 0.00021 0.00029 0.00039 0.00050 0.00062 0.00075 0.00088 0.00103 0.00118 0.00133 0.00148 0.00163 0.00178 0.00192 0.00206 0.00219 0.00231 0.00242 0.00252 0.00261 0.00270 0.00276 0.00282 0.00285 0.00287 0.00286 0.00285 0.00283 0.00281 0.00278 0.00274 0.00267 0.00258 0.00247 0.00238 0.00229 0.00220 0.00210 0.00197 0.00182 0.00169 0.00158 0.00147 0.00135 0.00119
0.00000 0.00000 -0.00000 -0.00000 0.00000 0.00000 0.00000 0.00000 0.00000 0.00000 0.00000 0.00000 0.00000 0.00000 0.00001 0.00003 0.00006 0.00010 0.00017 0.00026 0.00036 0.00048 0.00063 0.00078 0.00096 0.00114 0.00134 0.00155 0.00176 0.00198 0.00220 0.00242 0.00264 0.00285 0.00305 0.00325 0.00343 0.00360 0.00376 0.00391 0.00405 0.00416 0.00426 0.00434 0.00440 0.00444 0.00445 0.00446 0.00445 0.00444 0.00441 0.00436 0.00427 0.00417 0.00406 0.00395 0.00384 0.00372 0.00357 0.00340 0.00323 0.00307 0.00291 0.00275 0.00255
0.00000 -0.00000 -0.00000 -0.00000 0.00000 0.00000 0.00000 0.00000 0.00000 0.00000 0.00000 0.00000 0.00000 0.00001 0.00003 0.00006 0.00012 0.00020 0.00030 0.00042 0.00057 0.00075 0.00095 0.00117 0.00141 0.00167 0.00194 0.00223 0.00253 0.00283 0.00314 0.00345 0.00375 0.00405 0.00434 0.00462 0.00489 0.00515 0.00539 0.00562 0.00583 0.00602 0.00619 0.00633 0.00645 0.00654 0.00661 0.00666 0.00670 0.00672 0.00672 0.00669 0.00663 0.00654 0.00644 0.00633 0.00621 0.00608 0.00591 0.00573 0.00553 0.00533 0.00513 0.00492 0.00468
0.00000 -0.00000 -0.00000 0.00000 0.00000 0.00000 0.00000 0.00000 0.00000 0.00000 0.00000 0.00000 0.00001 0.00003 0.00007 0.00013 0.00021 0.00033 0.00047 0.00065 0.00086 0.00110 0.00137 0.00167 0.00199 0.00234 0.00271 0.00310 0.00350 0.00391 0.00433 0.00475 0.00517 0.00558 0.00599 0.00638 0.00677 0.00713 0.00748 0.00782 0.00813 0.00842 0.00868 0.00892 0.00913 0.00930 0.00945 0.00957 0.00967 0.00975 0.00980 0.00982 0.00981 0.00976 0.00968 0.00959 0.00948 0.00936 0.00920 0.00901 0.00880 0.00858 0.00836 0.00811 0.00784
0.00000 -0.00000 -0.00000 0.00000 0.00000 0.00000 0.00000 0.00000 0.00000 0.00000 0.00000 0.00001 0.00003 0.00006 0.00013 0.00022 0.00035 0.00051 0.00071 0.00094 0.00122 0.00154 0.00190 0.00229 0.00272 0.00318 0.00367 0.00418 0.00471 0.00525 0.00581 0.00637 0.00694 0.00750 0.00805 0.00859 0.00912 0.00963 0.01012 0.01059 0.01104 0.01146 0.01186 0.01222 0.01255 0.01285 0.01310 0.01333 0.01352 0.01369 0.01383 0.01393 0.01399 0.01401 0.01399 0.01395 0.01388 0.01379 0.01366 0.01350 0.01330 0.01308 0.01285 0.01259 0.01231
0.00000 -0.00000 0.00000 0.00000 0.00000 0.00000 0.00000 0.00000 0.00000 0.00000 0.00000 0.00002 0.00006 0.00012 0.00022 0.00035 0.00052 0.00074 0.00101 0.00132 0.00169 0.00210 0.00256 0.00307 0.00362 0.00422 0.00484 0.00551 0.00619 0.00690 0.00763 0.00837 0.00911 0.00985 0.01059 0.01132 0.01203 0.01273 0.01341 0.01406 0.01468 0.01528 0.01585 0.01638 0.01687 0.01732 0.01774 0.01811 0.01844 0.01874 0.01900 0.01922 0.01940 0.01952 0.01961 0.01965 0.01966 0.01964 0.01958 0.01947 0.01933 0.01915 0.01894 0.01870 0.01843
0.00000 -0.00000 0.00000 0.00000 0.00000 0.00000 0.00000 0.00000 0.00000 0.00000 0.00001 0.00005 0.00011 0.00021 0.00034 0.00052 0.00076 0.00104 0.00139 0.00179 0.00226 0.00279 0.00337 0.00402 0.00472 0.00547 0.00627 0.00711 0.00799 0.00890 0.00984 0.01079 0.01175 0.01272 0.01369 0.01465 0.01560 0.01653 0.01744 0.01832 0.01918 0.02000 0.02079 0.02154 0.02225 0.02292 0.02354 0.02411 0.02464 0.02512 0.02555 0.02594 0.02629 0.02657 0.02681 0.02699 0.02714 0.02723 0.02728 0.02728 0.02724 0.02715 0.02702 0.02685 0.02664
0.00000 0.00000 0.00000 0.00000 0.00000 0.00000 0.00000 0.00000 0.00000 0.00001 0.00004 0.00010 0.00019 0.00032 0.00051 0.00075 0.00105 0.00142 0.00185 0.00237 0.00295 0.00361 0.00435 0.00516 0.00604 0.00698 0.00799 0.00904 0.01015 0.01130 0.01249 0.01371 0.01494 0.01619 0.01744 0.01869 0.01993 0.02115 0.02236 0.02354 0.02468 0.02580 0.02688 0.02791 0.02890 0.02984 0.03073 0.03157 0.03236 0.03309 0.03377 0.03440 0.03497 0.03548 0.03594 0.03633 0.03667 0.03695 0.03718 0.03736 0.03748 0.03754 0.03756 0.03752 0.03744
0.00000 0.00000 0.00000 0.00000 0.00000 0.00000 0.00000 0.00000 0.00000 0.00003 0.00008 0.00016 0.00029 0.00048 0.00072 0.00103 0.00141 0.00187 0.00242 0.00306 0.00378 0.00460 0.00551 0.00651 0.00760 0.00877 0.01002 0.01134 0.01272 0.01416 0.01565 0.01718 0.01875 0.02033 0.02193 0.02354 0.02514 0.02673 0.02830 0.02985 0.03137 0.03285 0.03430 0.03570 0.03705 0.03835 0.03960 0.04079 0.04191 0.04298 0.04399 0.04494 0.04583 0.04665 0.04741 0.04810 0.04872 0.04929 0.04979 0.05022 0.05060 0.05091 0.05116 0.05135 0.05149
0.00000 0.00000 0.00000 0.00000 0.00000 0.00000 0.00000 0.00000 0.00002 0.00006 0.00014 0.00026 0.00043 0.00067 0.00098 0.00137 0.00185 0.00242 0.00310 0.00388 0.00477 0.00577 0.00689 0.00811 0.00944 0.01088 0.01242 0.01404 0.01576 0.01754 0.01940 0.02131 0.02327 0.02527 0.02729 0.02933 0.03138 0.03342 0.03546 0.03747 0.03945 0.04140 0.04331 0.04518 0.04700 0.04876 0.05046 0.05210 0.05368 0.05520 0.05664 0.05802 0.05934 0.06058 0.06175 0.06285 0.06388 0.06483 0.06572 0.06654 0.06728 0.06796 0.06858 0.06912 0.06961
0.00000 0.00000 0.00000 0.00000 0.00000 0.00000 0.00000 0.00001 0.00004 0.00011 0.00021 0.00038 0.00060 0.00091 0.00130 0.00178 0.00237 0.00307 0.00389 0.00484 0.00592 0.00714 0.00849 0.00998 0.01160 0.01335 0.01522 0.01721 0.01931 0.02152 0.02381 0.02618 0.02862 0.03112 0.03366 0.03624 0.03883 0.04143 0.04403 0.04662 0.04919 0.05172 0.05423 0.05668 0.05909 0.06145 0.06374 0.06597 0.06814 0.07023 0.07226 0.07421 0.07610 0.07790 0.07964 0.08129 0.08287 0.08438 0.08581 0.08717 0.08846 0.08967 0.09081 0.09189 0.09290
0.00000 0.00000 0.00000 0.00000 0.00000 0.00000 0.00000 0.00002 0.00008 0.00017 0.00032 0.00053 0.00082 0.00120 0.00168 0.00227 0.00299 0.00383 0.00483 0.00597 0.00727 0.00873 0.01035 0.01214 0.01410 0.01621 0.01849 0.02091 0.02347 0.02617 0.02899 0.03191 0.03493 0.03804 0.04121 0.04443 0.04770 0.05099 0.05429 0.05760 0.06090 0.06418 0.06742 0.07063 0.07380 0.07691 0.07997 0.08296 0.08589 0.08875 0.09154 0.09425 0.09690 0.09947 0.10196 0.10438 0.10672 0.10899 0.11118 0.11330 0.11536 0.11734 0.11926 0.12112 0.12292
0.00000 0.00000 0.00000 0.00000 0.00000 0.00000 0.00001 0.00005 0.00012 0.00025 0.00044 0.00071 0.00107 0.00154 0.00212 0.00284 0.00370 0.00472 0.00590 0.00727 0.00882 0.01056 0.01250 0.01464 0.01699 0.01953 0.02227 0.02520 0.02832 0.03160 0.03504 0.03863 0.04236 0.04619 0.05013 0.05416 0.05825 0.06240 0.06658 0.07079 0.07501 0.07922 0.08341 0.08759 0.09172 0.09582 0.09986 0.10385 0.10778 0.11165 0.11545 0.11918 0.12285 0.12645 0.12998 0.13344 0.13684 0.14017 0.14344 0.14664 0.14980 0.15290 0.15595 0.15896 0.16194
0.00000 0.00000 0.00000 0.00000 0.00000 0.00000 0.00002 0.00008 0.00019 0.00035 0.00059 0.00093 0.00137 0.00193 0.00264 0.00349 0.00452 0.00573 0.00714 0.00875 0.01059 0.01266 0.01497 0.01752 0.02032 0.02336 0.02665 0.03018 0.03394 0.03793 0.04213 0.04652 0.05109 0.05583 0.06071 0.06573 0.07085 0.07606 0.08135 0.08669 0.09208 0.09748 0.10290 0.10831 0.11371 0.11909 0.12444 0.12975 0.13501 0.14023 0.14540 0.15052 0.15559 0.16062 0.16559 0.17052 0.17541 0.18026 0.18508 0.18988 0.19466 0.20537 0.23488 0.28238 0.34680
0.00000 0.00000 0.00000 0.00000 0.00000 0.00001 0.00004 0.00012 0.00026 0.00047 0.00077 0.00117 0.00171 0.00238 0.00322 0.00423 0.00545 0.00687 0.00853 0.01044 0.01261 0.01505 0.01778 0.02081 0.02413 0.02777 0.03170 0.03595 0.04048 0.04531 0.05041 0.05578 0.06140 0.06724 0.07330 0.07955 0.08597 0.09253 0.09923 0.10603 0.11293 0.11989 0.12691 0.13397 0.14106 0.14816 0.15527 0.16239 0.16950 0.17660 0.18370 0.19079 0.19788 0.20500 0.21266 0.22452 0.24906 0.28795 0.34113 0.40880 0.49135 0.58447 0.67846 0.77639 0.88005
0.00000 0.00000 0.00000 0.00000 0.00000 0.00002 0.00007 0.00017 0.00034 0.00060 0.00096 0.00145 0.00208 0.00288 0.00386 0.00506 0.00648 0.00815 0.01010 0.01233 0.01488 0.01775 0.02097 0.02455 0.02850 0.03282 0.03753 0.04262 0.04809 0.05393 0.06015 0.06672 0.07363 0.08086 0.08840 0.09623 0.10432 0.11265 0.12120 0.12995 0.13887 0.14796 0.15718 0.16654 0.17601 0.18560 0.19533 0.20541 0.21691 0.23329 0.25705 0.28918 0.33076 0.38286 0.44629 0.51948 0.59664 0.67846 0.76635 0.86099 0.96270 1.07093 1.18443 1.30288 1.42686
0.00000 0.00000 0.00000 0.00000 0.00000 0.00003 0.00010 0.00023 0.00044 0.00075 0.00118 0.00175 0.00249 0.00342 0.00457 0.00596 0.00761 0.00956 0.01182 0.01443 0.01741 0.02078 0.02457 0.02879 0.03347 0.03861 0.04424 0.05035 0.05696 0.06406 0.07166 0.07975 0.08831 0.09735 0.10684 0.11678 0.12714 0.13795 0.14945 0.16191 0.17560 0.19093 0.20840 0.22863 0.25237 0.28048 0.31394 0.35371 0.40019 0.45182 0.50817 0.57009 0.63813 0.71272 0.79405 0.88199 0.97613 1.07632 1.18291 1.29625 1.41658 1.54363 1.67652 1.81461 1.95774
0.00000 0.00000 0.00000 0.00000 0.00001 0.00005 0.00014 0.00030 0.00055 0.00092 0.00143 0.00211 0.00298 0.00407 0.00542 0.00706 0.00901 0.01132 0.01401 0.01712 0.02070 0.02476 0.02936 0.03453 0.04029 0.04670 0.05379 0.06159 0.07015 0.07952 0.08975 0.10091 0.11308 0.12636 0.14091 0.15690 0.17456 0.19416 0.21582 0.23982 0.26648 0.29619 0.32933 0.36631 0.40753 0.45340 0.50430 0.56059 0.62252 0.69026 0.76387 0.84360 0.92973 1.02248 1.12195 1.22802 1.34033 1.45861 1.58284 1.71314 1.84967 1.99235 2.14077 2.29443 2.45293
0.00000 0.00000 0.00000 0.00000 0.00002 0.00007 0.00019 0.00038 0.00068 0.00112 0.00171 0.00250 0.00351 0.00478 0.00634 0.00825 0.01053 0.01324 0.01641 0.02011 0.02437 0.02927 0.03485 0.04118 0.04832 0.05635 0.06534 0.07537 0.08655 0.09897 0.11276 0.12803 0.14495 0.16369 0.18443 0.20739 0.23282 0.26098 0.29215 0.32662 0.36468 0.40666 0.45289 0.50368 0.55933 0.62015 0.68640 0.75833 0.83612 0.91984 1.00955 1.10534 1.20733 1.31565 1.43038 1.55144 1.67858 1.81154 1.95014 2.09431 2.24405 2.39931 2.55992 2.72556 2.89591
