tests/data/gray99/saval2D/outputs/resuh9.asc
north:     17.44
south:      0.00
east:      60.51
west:       0.00
rows:   68
cols:  236
[rows 29 to 57 of 68, columns 67 to 133 of 236]
0.53592 0.55368 0.57145 0.58921 0.60694 0.62465 0.64233 0.65996 0.67754 0.69507 0.71254 0.72992 0.74721 0.76435 0.78133 0.79813 0.81477 0.83124 0.84754 0.86364 0.87956 0.89527 0.91078 0.92606 0.94112 0.95596 0.97055 0.98491 0.99902 1.01288 1.02648 1.03982 1.05290 1.06571 1.07825 1.09051 1.10250 1.11421 1.12563 1.13678 1.14763 1.15821 1.16849 1.17849 1.18819 1.19761 1.20673 1.21555 1.22408 1.23230 1.24022 1.24783 1.25517 1.26262 1.27095 1.27968 1.28852 1.29739 1.30624 1.31501 1.32366 1.33213 1.34037 1.34834 1.35600 1.36329 1.37017
0.56244 0.58026 0.59809 0.61588 0.63365 0.65138 0.66905 0.68667 0.70423 0.72171 0.73911 0.75641 0.77361 0.79068 0.80762 0.82440 0.84102 0.85746 0.87370 0.88976 0.90561 0.92125 0.93668 0.95190 0.96689 0.98165 0.99617 1.01045 1.02449 1.03827 1.05180 1.06506 1.07807 1.09080 1.10327 1.11546 1.12737 1.13900 1.15035 1.16142 1.17220 1.18269 1.19290 1.20282 1.21245 1.22179 1.23083 1.23958 1.24803 1.25618 1.26403 1.27158 1.27885 1.28625 1.29432 1.30271 1.31119 1.31972 1.32823 1.33671 1.34511 1.35338 1.36149 1.36939 1.37705 1.38441 1.39143
0.58061 0.59847 0.61631 0.63413 0.65191 0.66964 0.68731 0.70492 0.72245 0.73989 0.75725 0.77450 0.79163 0.80863 0.82549 0.84220 0.85874 0.87511 0.89130 0.90730 0.92310 0.93870 0.95408 0.96925 0.98420 0.99891 1.01339 1.02762 1.04160 1.05533 1.06880 1.08201 1.09496 1.10764 1.12005 1.13219 1.14405 1.15563 1.16692 1.17794 1.18867 1.19911 1.20927 1.21914 1.22872 1.23801 1.24700 1.25570 1.26410 1.27221 1.28002 1.28752 1.29477 1.30211 1.30999 1.31812 1.32634 1.33460 1.34289 1.35115 1.35938 1.36752 1.37554 1.38340 1.39106 1.39849 1.40563
0.59042 0.60827 0.62612 0.64394 0.66173 0.67947 0.69714 0.71474 0.73225 0.74967 0.76699 0.78420 0.80129 0.81826 0.83508 0.85175 0.86825 0.88457 0.90071 0.91666 0.93242 0.94798 0.96332 0.97845 0.99335 1.00802 1.02245 1.03663 1.05057 1.06427 1.07771 1.09090 1.10382 1.11647 1.12884 1.14094 1.15277 1.16432 1.17559 1.18659 1.19730 1.20772 1.21785 1.22770 1.23724 1.24650 1.25548 1.26417 1.27256 1.28065 1.28845 1.29594 1.30317 1.31047 1.31822 1.32621 1.33429 1.34242 1.35057 1.35873 1.36686 1.37493 1.38290 1.39075 1.39842 1.40589 1.41310
0.59186 0.60972 0.62756 0.64539 0.66318 0.68092 0.69859 0.71619 0.73370 0.75111 0.76842 0.78561 0.80268 0.81962 0.83641 0.85306 0.86953 0.88583 0.90195 0.91788 0.93362 0.94915 0.96447 0.97958 0.99446 1.00910 1.02352 1.03769 1.05162 1.06530 1.07872 1.09189 1.10480 1.11744 1.12980 1.14190 1.15372 1.16526 1.17653 1.18752 1.19822 1.20864 1.21878 1.22862 1.23817 1.24744 1.25642 1.26511 1.27351 1.28161 1.28941 1.29691 1.30415 1.31147 1.31920 1.32717 1.33521 1.34331 1.35144 1.35958 1.36769 1.37576 1.38373 1.39158 1.39927 1.40676 1.41400
0.58489 0.60274 0.62059 0.63841 0.65620 0.67395 0.69163 0.70924 0.72676 0.74418 0.76149 0.77869 0.79575 0.81269 0.82947 0.84611 0.86258 0.87888 0.89500 0.91092 0.92666 0.94218 0.95750 0.97260 0.98748 1.00213 1.01655 1.03073 1.04467 1.05835 1.07178 1.08496 1.09787 1.11052 1.12291 1.13502 1.14686 1.15843 1.16971 1.18072 1.19144 1.20188 1.21204 1.22192 1.23151 1.24081 1.24982 1.25853 1.26696 1.27509 1.28293 1.29047 1.29776 1.30512 1.31295 1.32101 1.32914 1.33733 1.34554 1.35375 1.36193 1.37005 1.37806 1.38594 1.39365 1.40114 1.40837
0.56955 0.58736 0.60518 0.62301 0.64080 0.65855 0.67624 0.69386 0.71140 0.72884 0.74617 0.76338 0.78046 0.79741 0.81421 0.83086 0.84734 0.86365 0.87979 0.89573 0.91147 0.92702 0.94235 0.95748 0.97238 0.98705 1.00150 1.01570 1.02966 1.04338 1.05684 1.07005 1.08300 1.09569 1.10811 1.12026 1.13214 1.14375 1.15508 1.16613 1.17690 1.18740 1.19761 1.20753 1.21718 1.22653 1.23560 1.24438 1.25287 1.26107 1.26897 1.27657 1.28392 1.29137 1.29937 1.30764 1.31600 1.32440 1.33280 1.34119 1.34951 1.35775 1.36585 1.37378 1.38151 1.38898 1.39616
0.54597 0.56366 0.58140 0.59918 0.61696 0.63470 0.65240 0.67003 0.68758 0.70503 0.72238 0.73962 0.75673 0.77370 0.79053 0.80720 0.82371 0.84005 0.85621 0.87218 0.88796 0.90354 0.91891 0.93407 0.94901 0.96372 0.97821 0.99246 1.00647 1.02023 1.03375 1.04701 1.06001 1.07276 1.08524 1.09745 1.10940 1.12107 1.13247 1.14359 1.15444 1.16500 1.17529 1.18530 1.19502 1.20446 1.21362 1.22249 1.23107 1.23936 1.24735 1.25504 1.26247 1.27002 1.27828 1.28687 1.29555 1.30426 1.31296 1.32161 1.33016 1.33857 1.34680 1.35481 1.36256 1.36999 1.37708
0.51412 0.53168 0.54927 0.56694 0.58466 0.60237 0.62005 0.63767 0.65522 0.67268 0.69004 0.70729 0.72442 0.74142 0.75827 0.77497 0.79150 0.80787 0.82407 0.84008 0.85590 0.87153 0.88695 0.90216 0.91715 0.93192 0.94646 0.96077 0.97484 0.98866 1.00225 1.01558 1.02865 1.04147 1.05403 1.06633 1.07835 1.09011 1.10160 1.11282 1.12376 1.13443 1.14482 1.15493 1.16476 1.17431 1.18358 1.19257 1.20126 1.20967 1.21778 1.22560 1.23314 1.24078 1.24933 1.25831 1.26740 1.27652 1.28560 1.29459 1.30344 1.31209 1.32050 1.32861 1.33638 1.34378 1.35074
0.47401 0.49139 0.50881 0.52629 0.54387 0.56149 0.57910 0.59667 0.61418 0.63162 0.64897 0.66621 0.68334 0.70034 0.71720 0.73392 0.75048 0.76688 0.78311 0.79916 0.81503 0.83070 0.84617 0.86143 0.87648 0.89130 0.90590 0.92028 0.93442 0.94832 0.96198 0.97539 0.98855 1.00146 1.01411 1.02650 1.03863 1.05049 1.06209 1.07342 1.08448 1.09526 1.10578 1.11602 1.12599 1.13568 1.14509 1.15422 1.16306 1.17161 1.17987 1.18783 1.19552 1.20325 1.21208 1.22149 1.23105 1.24064 1.25018 1.25958 1.26879 1.27773 1.28635 1.29460 1.30241 1.30975 1.31658
0.42565 0.44282 0.46000 0.47718 0.49447 0.51189 0.52937 0.54683 0.56426 0.58163 0.59892 0.61612 0.63321 0.65019 0.66704 0.68375 0.70032 0.71673 0.73298 0.74905 0.76495 0.78065 0.79615 0.81146 0.82655 0.84143 0.85609 0.87053 0.88474 0.89872 0.91246 0.92596 0.93921 0.95221 0.96496 0.97745 0.98969 1.00168 1.01340 1.02486 1.03605 1.04698 1.05764 1.06804 1.07816 1.08802 1.09760 1.10690 1.11592 1.12465 1.13309 1.14123 1.14908 1.15689 1.16593 1.17577 1.18583 1.19593 1.20597 1.21585 1.22547 1.23475 1.24362 1.25202 1.25989 1.26719 1.27386
0.36901 0.38592 0.40274 0.41946 0.43622 0.45324 0.47047 0.48777 0.50506 0.52231 0.53949 0.55660 0.57361 0.59052 0.60732 0.62399 0.64053 0.65692 0.67315 0.68921 0.70510 0.72081 0.73633 0.75165 0.76678 0.78170 0.79641 0.81090 0.82517 0.83922 0.85303 0.86661 0.87995 0.89305 0.90590 0.91851 0.93087 0.94298 0.95483 0.96644 0.97779 0.98888 0.99971 1.01028 1.02060 1.03064 1.04042 1.04993 1.05916 1.06810 1.07675 1.08510 1.09315 1.10106 1.11020 1.12041 1.13094 1.14156 1.15212 1.16249 1.17256 1.18222 1.19138 1.19996 1.20791 1.21516 1.22170
0.30254 0.31931 0.33588 0.35231 0.36865 0.38506 0.40183 0.41885 0.43591 0.45295 0.46994 0.48688 0.50377 0.52057 0.53727 0.55387 0.57033 0.58665 0.60283 0.61885 0.63470 0.65038 0.66589 0.68121 0.69634 0.71128 0.72602 0.74054 0.75485 0.76895 0.78282 0.79646 0.80988 0.82308 0.83603 0.84876 0.86124 0.87349 0.88549 0.89726 0.90878 0.92005 0.93108 0.94186 0.95239 0.96266 0.97267 0.98242 0.99189 1.00108 1.00998 1.01858 1.02686 1.03493 1.04403 1.05449 1.06543 1.07652 1.08758 1.09844 1.10896 1.11901 1.12848 1.13727 1.14532 1.15258 1.15900
0.21598 0.23453 0.25276 0.27092 0.28895 0.30617 0.32246 0.33849 0.35498 0.37170 0.38851 0.40539 0.42225 0.43901 0.45564 0.47214 0.48850 0.50473 0.52081 0.53675 0.55254 0.56817 0.58364 0.59892 0.61403 0.62896 0.64369 0.65822 0.67254 0.68667 0.70058 0.71429 0.72779 0.74107 0.75414 0.76698 0.77960 0.79199 0.80416 0.81609 0.82781 0.83929 0.85055 0.86157 0.87235 0.88289 0.89318 0.90321 0.91298 0.92246 0.93166 0.94054 0.94911 0.95741 0.96638 0.97690 0.98813 0.99960 1.01109 1.02240 1.03336 1.04379 1.05357 1.06261 1.07080 1.07811 1.08451
0.09578 0.11290 0.13371 0.15760 0.18404 0.20450 0.22349 0.24120 0.25774 0.27419 0.29123 0.30875 0.32610 0.34310 0.35977 0.37625 0.39257 0.40877 0.42485 0.44078 0.45655 0.47216 0.48760 0.50286 0.51794 0.53284 0.54756 0.56210 0.57645 0.59061 0.60458 0.61836 0.63194 0.64532 0.65850 0.67146 0.68423 0.69678 0.70913 0.72128 0.73323 0.74497 0.75650 0.76782 0.77891 0.78977 0.80039 0.81077 0.82089 0.83073 0.84029 0.84953 0.85843 0.86703 0.87589 0.88629 0.89764 0.90934 0.92115 0.93281 0.94413 0.95492 0.96503 0.97433 0.98275 0.99023 0.99676
0.06549 0.06591 0.06630 0.06667 0.06703 0.07597 0.08946 0.10659 0.12680 0.14971 0.17373 0.19262 0.21012 0.22692 0.24348 0.26040 0.27740 0.29440 0.31111 0.32749 0.34355 0.35934 0.37488 0.39020 0.40533 0.42027 0.43503 0.44962 0.46402 0.47825 0.49230 0.50617 0.51985 0.53335 0.54666 0.55979 0.57274 0.58551 0.59812 0.61055 0.62281 0.63488 0.64675 0.65843 0.66989 0.68115 0.69219 0.70301 0.71358 0.72388 0.73389 0.74357 0.75289 0.76186 0.77078 0.78088 0.79215 0.80391 0.81587 0.82777 0.83937 0.85047 0.86091 0.87057 0.87935 0.88721 0.89415
0.05512 0.05532 0.05549 0.05563 0.05575 0.05584 0.05591 0.05596 0.05598 0.05599 0.05655 0.06357 0.07439 0.08855 0.10540 0.12368 0.14383 0.16182 0.17873 0.19476 0.21067 0.22643 0.24209 0.25767 0.27312 0.28836 0.30336 0.31813 0.33267 0.34700 0.36114 0.37510 0.38888 0.40249 0.41594 0.42925 0.44243 0.45548 0.46840 0.48117 0.49378 0.50623 0.51850 0.53060 0.54254 0.55430 0.56589 0.57727 0.58843 0.59932 0.60989 0.62012 0.62997 0.63941 0.64862 0.65843 0.66942 0.68106 0.69301 0.70500 0.71679 0.72819 0.73904 0.74922 0.75865 0.76729 0.77515
0.04622 0.04625 0.04625 0.04622 0.04616 0.04608 0.04597 0.04584 0.04568 0.04550 0.04531 0.04509 0.04485 0.04460 0.04433 0.04405 0.04376 0.04731 0.05388 0.06326 0.07445 0.08731 0.10179 0.11707 0.13139 0.14526 0.15899 0.17265 0.18625 0.19985 0.21343 0.22697 0.24043 0.25379 0.26705 0.28024 0.29334 0.30636 0.31928 0.33210 0.34480 0.35739 0.36991 0.38235 0.39473 0.40701 0.41918 0.43118 0.44297 0.45448 0.46568 0.47652 0.48698 0.49703 0.50673 0.51651 0.52712 0.53850 0.55027 0.56222 0.57417 0.58595 0.59744 0.60853 0.61915 0.62927 0.63887
0.03850 0.03839 0.03826 0.03810 0.03791 0.03770 0.03746 0.03720 0.03691 0.03660 0.03627 0.03592 0.03555 0.03516 0.03476 0.03434 0.03390 0.03345 0.03299 0.03252 0.03204 0.03154 0.03104 0.03122 0.03374 0.03811 0.04392 0.05100 0.05933 0.06883 0.07885 0.08880 0.09880 0.10896 0.11930 0.12985 0.14063 0.15160 0.16273 0.17399 0.18537 0.19688 0.20853 0.22029 0.23215 0.24403 0.25590 0.26770 0.27940 0.29094 0.30230 0.31342 0.32428 0.33480 0.34496 0.35494 0.36515 0.37606 0.38747 0.39928 0.41141 0.42380 0.43636 0.44902 0.46168 0.47428 0.48674
0.03176 0.03155 0.03132 0.03106 0.03078 0.03047 0.03014 0.02978 0.02940 0.02900 0.02858 0.02814 0.02768 0.02721 0.02672 0.02622 0.02569 0.02516 0.02462 0.02407 0.02351 0.02293 0.02234 0.02177 0.02120 0.02060 0.01999 0.01938 0.01879 0.01823 0.01823 0.01925 0.02113 0.02377 0.02721 0.03141 0.03631 0.04156 0.04705 0.05277 0.05873 0.06500 0.07165 0.07868 0.08613 0.09400 0.10229 0.11100 0.12004 0.12934 0.13881 0.14835 0.15789 0.16735 0.17664 0.18581 0.19493 0.20457 0.21493 0.22609 0.23813 0.25109 0.26491 0.27953 0.29479 0.31054 0.32661
0.02586 0.02558 0.02528 0.02495 0.02460 0.02422 0.02382 0.02340 0.02296 0.02251 0.02203 0.02154 0.02103 0.02051 0.01998 0.01943 0.01887 0.01830 0.01773 0.01716 0.01656 0.01595 0.01535 0.01476 0.01419 0.01358 0.01294 0.01231 0.01175 0.01122 0.01070 0.01012 0.00948 0.00888 0.00838 0.00798 0.00763 0.00757 0.00776 0.00819 0.00891 0.00997 0.01136 0.01303 0.01494 0.01705 0.01933 0.02178 0.02440 0.02725 0.03039 0.03398 0.03807 0.04262 0.04755 0.05277 0.05830 0.06441 0.07148 0.07977 0.08950 0.10078 0.11364 0.12802 0.14378 0.16072 0.17862
0.02071 0.02038 0.02002 0.01964 0.01925 0.01883 0.01840 0.01794 0.01747 0.01699 0.01649 0.01597 0.01544 0.01491 0.01438 0.01382 0.01325 0.01268 0.01213 0.01157 0.01098 0.01038 0.00980 0.00927 0.00875 0.00816 0.00753 0.00695 0.00647 0.00606 0.00562 0.00507 0.00444 0.00389 0.00351 0.00326 0.00305 0.00281 0.00249 0.00209 0.00167 0.00134 0.00112 0.00102 0.00101 0.00105 0.00115 0.00129 0.00148 0.00172 0.00200 0.00232 0.00266 0.00306 0.00354 0.00417 0.00506 0.00631 0.00813 0.01076 0.01447 0.01954 0.02621 0.03469 0.04510 0.05743 0.07161
0.01622 0.01586 0.01547 0.01507 0.01465 0.01422 0.01376 0.01329 0.01282 0.01234 0.01184 0.01132 0.01080 0.01030 0.00979 0.00925 0.00869 0.00817 0.00768 0.00717 0.00661 0.00603 0.00554 0.00511 0.00468 0.00414 0.00353 0.00304 0.00272 0.00247 0.00217 0.00171 0.00105 0.00046 0.00017 0.00009 0.00006 0.00004 0.00003 0.00002 0.00002 0.00002 0.00001 0.00001 0.00001 0.00001 0.00001 0.00001 0.00001 0.00001 0.00002 0.00002 0.00002 0.00003 0.00003 0.00004 0.00005 0.00007 0.00010 0.00017 0.00036 0.00079 0.00169 0.00337 0.00621 0.01058 0.01679
0.01234 0.01196 0.01156 0.01115 0.01074 0.01031 0.00985 0.00939 0.00894 0.00849 0.00801 0.00750 0.00703 0.00658 0.00612 0.00561 0.00509 0.00464 0.00425 0.00383 0.00331 0.00278 0.00240 0.00213 0.00184 0.00139 0.00073 0.00020 0.00003 0.00001 0.00001 0.00001 0.00001 0.00001 0.00001 0.00001 0.00001 0.00001 0.00001 0.00001 0.00001 0.00001 0.00001 0.00001 0.00001 0.00001 0.00001 0.00001 0.00001 0.00001 0.00001 0.00001 0.00001 0.00001 0.00001 0.00001 0.00001 0.00001 0.00001 0.00001 0.00001 0.00001 0.00001 0.00003 0.00011 0.00039 0.00116
0.00902 0.00864 0.00824 0.00785 0.00746 0.00705 0.00661 0.00617 0.00578 0.00537 0.00492 0.00445 0.00404 0.00368 0.00330 0.00283 0.00236 0.00202 0.00177 0.00148 0.00101 0.00042 0.00008 0.00001 0.00001 0.00001 0.00001 0.00001 0.00001 0.00001 0.00001 0.00001 0.00001 0.00001 0.00001 0.00001 0.00001 0.00001 0.00001 0.00001 0.00001 0.00001 0.00001 0.00001 0.00001 0.00001 0.00001 0.00001 0.00001 0.00001 0.00001 0.00001 0.00001 0.00001 0.00001 0.00001 0.00001 0.00001 0.00001 0.00001 0.00001 0.00001 0.00001 0.00001 0.00001 0.00001 0.00001
0.00623 0.00585 0.00547 0.00512 0.00478 0.00440 0.00398 0.00360 0.00328 0.00295 0.00254 0.00211 0.00179 0.00156 0.00129 0.00087 0.00036 0.00007 0.00001 0.00001 0.00001 0.00001 0.00001 0.00001 0.00001 0.00001 0.00001 0.00001 0.00001 0.00001 0.00001 0.00001 0.00001 0.00001 0.00001 0.00001 0.00001 0.00001 0.00001 0.00001 0.00001 0.00001 0.00001 0.00001 0.00001 0.00001 0.00001 0.00001 0.00001 0.00001 0.00001 0.00001 0.00001 0.00001 0.00001 0.00001 0.00001 0.00001 0.00001 0.00001 0.00001 0.00001 0.00001 0.00001 0.00001 0.00001 0.00001
0.00394 0.00358 0.00323 0.00295 0.00267 0.00233 0.00194 0.00162 0.00141 0.00119 0.00085 0.00039 0.00008 0.00001 0.00001 0.00001 0.00001 0.00001 0.00001 0.00001 0.00001 0.00001 0.00001 0.00001 0.00001 0.00001 0.00001 0.00001 0.00001 0.00001 0.00001 0.00001 0.00001 0.00001 0.00001 0.00001 0.00001 0.00001 0.00001 0.00001 0.00001 0.00001 0.00001 0.00001 0.00001 0.00001 0.00001 0.00001 0.00001 0.00001 0.00001 0.00001 0.00001 0.00001 0.00001 0.00001 0.00001 0.00001 0.00001 0.00001 0.00001 0.00001 0.00001 0.00001 0.00001 0.00001 0.00001
0.00214 0.00179 0.00149 0.00129 0.00111 0.00084 0.00045 0.00012 0.00002 0.00001 0.00001 0.00001 0.00001 0.00001 0.00001 0.00001 0.00001 0.00001 0.00001 0.00001 0.00001 0.00001 0.00001 0.00001 0.00001 0.00001 0.00001 0.00001 0.00001 0.00001 0.00001 0.00001 0.00001 0.00001 0.00001 0.00001 0.00001 0.00001 0.00001 0.00001 0.00001 0.00001 0.00001 0.00001 0.00001 0.00001 0.00001 0.00001 0.00001 0.00001 0.00001 0.00001 0.00001 0.00001 0.00001 0.00001 0.00001 0.00001 0.00001 0.00001 0.00001 0.00001 0.00001 0.00001 0.00001 0.00001 0.00001
0.00082 0.00049 0.00016 0.00002 0.00001 0.00001 0.00001 0.00001 0.00001 0.00001 0.00001 0.00001 0.00001 0.00001 0.00001 0.00001 0.00001 0.00001 0.00001 0.00001 0.00001 0.00001 0.00001 0.00001 0.00001 0.00001 0.00001 0.00001 0.00001 0.00001 0.00001 0.00001 0.00001 0.00001 0.00001 0.00001 0.00001 0.00001 0.00001 0.00001 0.00001 0.00001 0.00001 0.00001 0.00001 0.00001 0.00001 0.00001 0.00001 0.00001 0.00001 0.00001 0.00001 0.00001 0.00001 0.00001 0.00001 0.00001 0.00001 0.00001 0.00001 0.00001 0.00001 0.00001 0.00001 0.00001 0.00001
