tests/data/gray99/saval2D/outputs/resuqu9.asc
north:     17.44
south:      0.00
east:      60.51
west:       0.00
rows:   68
cols:  236
[rows 0 to 28 of 68, columns 65 to 129 of 236]
0.00000 0.00000 0.00000 0.00000 0.00000 0.00000 0.00000 0.00000 0.00000 0.00000 0.00000 0.00000 0.00000 0.00000 0.00000 0.00000 0.00000 0.00000 0.00000 0.00000 0.00000 0.00000 0.00000 0.00000 0.00000 0.00000 0.00000 0.00000 0.00000 0.00000 0.00000 0.00000 0.00000 0.00000 0.00000 0.00000 0.00000 0.00000 0.00000 0.00000 0.00000 0.00000 0.00000 0.00000 0.00000 0.00000 0.00000 0.00000 0.00000 0.00000 0.00000 0.00000 0.00000 0.00000 0.00000 0.00000 0.00000 0.00000 0.00000 0.00000 0.00000 0.00000 0.00000 0.00000 0.00000
0.00000 0.00000 0.00000 0.00000 0.00000 0.00000 0.00000 0.00000 0.00000 0.00000 0.00000 0.00000 0.00000 0.00000 0.00000 0.00000 0.00000 0.00000 0.00000 0.00000 0.00000 0.00000 0.00000 0.00000 0.00000 0.00000 0.00000 0.00000 0.00000 0.00000 0.00000 0.00000 0.00000 0.00000 0.00000 0.00000 0.00000 0.00000 0.00000 0.00000 0.00000 0.00000 0.00000 0.00000 0.00000 0.00000 0.00000 0.00000 0.00000 0.00000 0.00000 0.00000 0.00000 0.00000 0.00000 0.00000 0.00000 0.00000 0.00000 0.00000 0.00000 0.00000 0.00000 0.00000 0.00000
0.00000 0.00000 0.00000 0.00000 0.00000 0.00000 0.00000 0.00000 0.00000 0.00000 0.00000 0.00000 0.00000 0.00000 0.00000 0.00000 0.00000 0.00000 0.00000 0.00000 0.00000 0.00000 0.00000 0.00000 0.00000 0.00000 0.00000 0.00000 0.00000 0.00000 0.00000 0.00000 0.00000 0.00000 0.00000 0.00000 0.00000 0.00000 0.00000 0.00000 0.00000 0.00000 0.00000 0.00000 0.00000 0.00000 0.00000 0.00000 0.00000 0.00000 0.00000 0.00000 0.00000 0.00000 0.00000 0.00000 0.00000 0.00000 0.00000 0.00000 0.00000 0.00000 0.00000 0.00000 0.00000
0.00000 0.00000 0.00000 0.00000 0.00000 0.00000 0.00000 0.00000 0.00000 0.00000 0.00000 0.00000 0.00000 0.00000 0.00000 0.00000 0.00000 0.00000 0.00000 0.00000 0.00000 0.00000 0.00000 0.00000 0.00000 0.00000 0.00000 0.00000 0.00000 0.00000 0.00000 0.00000 0.00000 0.00000 0.00000 0.00000 0.00000 0.00000 0.00000 0.00000 0.00000 0.00000 0.00000 0.00000 0.00000 0.00000 0.00000 0.00000 0.00000 0.00000 0.00000 0.00000 0.00000 0.00000 0.00000 0.00000 0.00000 0.00000 0.00000 0.00000 0.00000 0.00000 0.00000 0.00000 0.00000
0.00000 0.00000 0.00000 0.00000 0.00000 0.00000 0.00000 0.00000 0.00000 0.00000 0.00000 0.00000 0.00000 0.00000 0.00000 0.00000 0.00000 0.00000 0.00000 0.00000 0.00000 0.00000 0.00000 0.00000 0.00000 0.00000 0.00000 0.00000 0.00000 0.00000 0.00000 0.00000 0.00000 0.00000 0.00000 0.00000 0.00000 0.00000 0.00000 0.00000 0.00000 0.00000 0.00000 0.00000 0.00000 0.00000 0.00000 0.00000 0.00000 0.00000 0.00000 0.00000 0.00000 0.00000 0.00000 0.00000 0.00000 0.00000 0.00000 0.00000 0.00000 0.00000 0.00000 0.00000 0.00000
0.00000 0.00000 0.00000 0.00000 0.00000 0.00000 0.00000 0.00000 0.00000 0.00000 0.00000 0.00000 0.00000 0.00000 0.00000 0.00000 0.00000 0.00000 0.00000 0.00000 0.00000 0.00000 0.00000 0.00000 0.00000 0.00000 0.00000 0.00000 0.00000 0.00000 0.00000 0.00000 0.00000 0.00000 0.00000 0.00000 0.00000 0.00000 0.00000 0.00000 0.00000 0.00000 0.00000 0.00000 0.00000 0.00000 0.00000 0.00000 0.00000 0.00000 0.00000 0.00000 0.00000 0.00000 0.00000 0.00000 0.00000 0.00000 0.00000 0.00000 0.00000 0.00000 0.00000 0.00000 0.00000
0.00000 0.00000 0.00000 0.00000 0.00000 0.00000 0.00000 0.00000 0.00000 0.00000 0.00000 0.00000 0.00000 0.00000 0.00000 0.00000 0.00000 0.00000 0.00000 0.00000 0.00000 0.00000 0.00000 0.00000 0.00000 0.00000 0.00000 0.00000 0.00000 0.00000 0.00000 0.00000 0.00000 0.00000 0.00000 0.00000 0.00000 0.00000 0.00000 0.00000 0.00000 0.00000 0.00000 0.00000 0.00000 0.00000 0.00000 0.00000 0.00000 0.00000 0.00000 0.00000 0.00000 0.00000 0.00000 0.00000 0.00000 0.00000 0.00000 0.00000 0.00000 0.00000 0.00000 0.00000 0.00000
0.00000 0.00000 0.00000 0.00000 0.00000 0.00000 0.00000 0.00000 0.00000 0.00000 0.00000 0.00000 0.00000 0.00000 0.00000 0.00000 0.00000 0.00000 0.00000 0.00000 0.00000 0.00000 0.00000 0.00000 0.00000 0.00000 0.00000 0.00000 0.00000 0.00000 0.00000 0.00000 0.00000 0.00000 0.00000 0.00000 0.00000 0.00000 0.00000 0.00000 0.00000 0.00000 0.00000 0.00000 0.00000 0.00000 0.00000 0.00000 0.00000 0.00000 0.00000 0.00000 0.00000 0.00000 0.00000 0.00000 0.00000 0.00000 0.00000 0.00000 0.00000 0.00000 0.00000 0.00000 0.00000
0.00002 0.00000 0.00000 0.00000 0.00000 0.00000 0.00000 0.00000 0.00000 0.00000 0.00000 0.00000 0.00000 0.00000 0.00000 0.00000 0.00000 0.00000 0.00000 0.00000 0.00000 0.00000 0.00000 0.00000 0.00000 0.00000 0.00000 0.00000 0.00000 0.00000 0.00000 0.00000 0.00000 0.00000 0.00000 0.00000 0.00000 0.00000 0.00000 0.00000 0.00000 0.00000 0.00000 0.00000 0.00000 0.00000 0.00000 0.00000 0.00000 0.00000 0.00000 0.00000 0.00000 0.00000 0.00000 0.00000 0.00000 0.00000 0.00000 0.00000 0.00000 0.00000 0.00000 0.00000 0.00000
0.00032 0.00027 0.00023 0.00019 0.00012 0.00005 0.00001 0.00000 0.00000 0.00000 0.00000 0.00000 0.00000 0.00000 0.00000 0.00000 0.00000 0.00000 0.00000 0.00000 0.00000 0.00000 0.00000 0.00000 0.00000 0.00000 0.00000 0.00000 0.00000 0.00000 0.00000 0.00000 0.00000 0.00000 0.00000 0.00000 0.00000 0.00000 0.00000 0.00000 0.00000 0.00000 0.00000 0.00000 0.00000 0.00000 0.00000 0.00000 0.00000 0.00000 0.00000 0.00000 0.00000 0.00000 0.00000 0.00000 0.00000 0.00000 0.00000 0.00000 0.00000 0.00000 0.00000 0.00000 0.00000
0.00104 0.00093 0.00083 0.00074 0.00061 0.00047 0.00037 0.00031 0.00026 0.00019 0.00008 0.00002 0.00000 0.00000 0.00000 0.00000 0.00000 0.00000 0.00000 0.00000 0.00000 0.00000 0.00000 0.00000 0.00000 0.00000 0.00000 0.00000 0.00000 0.00000 0.00000 0.00000 0.00000 0.00000 0.00000 0.00000 0.00000 0.00000 0.00000 0.00000 0.00000 0.00000 0.00000 0.00000 0.00000 0.00000 0.00000 0.00000 0.00000 0.00000 0.00000 0.00000 0.00000 0.00000 0.00000 0.00000 0.00000 0.00000 0.00000 0.00000 0.00000 0.00000 0.00000 0.00000 0.00000
0.00234 0.00216 0.00200 0.00183 0.00164 0.00143 0.00126 0.00112 0.00099 0.00083 0.00065 0.00050 0.00041 0.00035 0.00027 0.00014 0.00004 0.00000 0.00000 0.00000 0.00000 0.00000 0.00000 0.00000 0.00000 0.00000 0.00000 0.00000 0.00000 0.00000 0.00000 0.00000 0.00000 0.00000 0.00000 0.00000 0.00000 0.00000 0.00000 0.00000 0.00000 0.00000 0.00000 0.00000 0.00000 0.00000 0.00000 0.00000 0.00000 0.00000 0.00000 0.00000 0.00000 0.00000 0.00000 0.00000 0.00000 0.00000 0.00000 0.00000 0.00000 0.00000 0.00000 0.00000 0.00000
0.00443 0.00418 0.00395 0.00371 0.00345 0.00317 0.00291 0.00267 0.00245 0.00221 0.00194 0.00169 0.00149 0.00132 0.00114 0.00091 0.00070 0.00057 0.00048 0.00039 0.00025 0.00009 0.00001 0.00000 0.00000 0.00000 0.00000 0.00000 0.00000 0.00000 0.00000 0.00000 0.00000 0.00000 0.00000 0.00000 0.00000 0.00000 0.00000 0.00000 0.00000 0.00000 0.00000 0.00000 0.00000 0.00000 0.00000 0.00000 0.00000 0.00000 0.00000 0.00000 0.00000 0.00000 0.00000 0.00000 0.00000 0.00000 0.00000 0.00000 0.00000 0.00000 0.00000 0.00000 0.00000
0.00755 0.00724 0.00694 0.00664 0.00632 0.00597 0.00562 0.00529 0.00497 0.00463 0.00426 0.00390 0.00358 0.00329 0.00298 0.00264 0.00231 0.00204 0.00182 0.00160 0.00133 0.00104 0.00082 0.00070 0.00060 0.00047 0.00028 0.00009 0.00001 0.00000 0.00000 0.00000 0.00000 0.00000 0.00000 0.00000 0.00000 0.00000 0.00000 0.00000 0.00000 0.00000 0.00000 0.00000 0.00000 0.00000 0.00000 0.00000 0.00000 0.00000 0.00000 0.00000 0.00000 0.00000 0.00000 0.00000 0.00000 0.00000 0.00000 0.00000 0.00000 0.00000 0.00000 0.00000 0.00000
0.01199 0.01165 0.01131 0.01095 0.01058 0.01017 0.00975 0.00933 0.00891 0.00848 0.00802 0.00756 0.00711 0.00668 0.00625 0.00579 0.00532 0.00489 0.00451 0.00413 0.00372 0.00328 0.00290 0.00259 0.00234 0.00205 0.00170 0.00134 0.00110 0.00095 0.00083 0.00071 0.00052 0.00028 0.00010 0.00003 0.00001 0.00000 0.00000 0.00000 0.00000 0.00000 0.00000 0.00000 0.00000 0.00000 0.00000 0.00000 0.00000 0.00000 0.00000 0.00000 0.00000 0.00000 0.00000 0.00000 0.00000 0.00000 0.00000 0.00000 0.00000 0.00000 0.00000 0.00000 0.00002
0.01813 0.01779 0.01743 0.01705 0.01664 0.01620 0.01573 0.01525 0.01476 0.01425 0.01372 0.01316 0.01261 0.01206 0.01151 0.01093 0.01033 0.00975 0.00920 0.00866 0.00810 0.00750 0.00694 0.00643 0.00597 0.00551 0.00498 0.00444 0.00398 0.00361 0.00331 0.00300 0.00261 0.00217 0.00179 0.00153 0.00137 0.00125 0.00112 0.00097 0.00077 0.00057 0.00040 0.00029 0.00022 0.00017 0.00014 0.00012 0.00011 0.00010 0.00009 0.00009 0.00010 0.00012 0.00014 0.00017 0.00021 0.00025 0.00031 0.00043 0.00068 0.00129 0.00261 0.00534 0.01061
0.02638 0.02609 0.02576 0.02540 0.02501 0.02457 0.02410 0.02361 0.02309 0.02255 0.02197 0.02136 0.02074 0.02011 0.01947 0.01880 0.01810 0.01740 0.01672 0.01604 0.01533 0.01460 0.01387 0.01318 0.01252 0.01187 0.01117 0.01044 0.00976 0.00916 0.00862 0.00810 0.00751 0.00688 0.00627 0.00576 0.00537 0.00504 0.00474 0.00440 0.00400 0.00358 0.00321 0.00301 0.00310 0.00360 0.00443 0.00555 0.00695 0.00860 0.01048 0.01260 0.01503 0.01785 0.02117 0.02517 0.03013 0.03615 0.04338 0.05249 0.06478 0.08187 0.10540 0.13692 0.17786
0.03731 0.03712 0.03689 0.03662 0.03631 0.03595 0.03554 0.03510 0.03462 0.03411 0.03356 0.03297 0.03235 0.03171 0.03104 0.03035 0.02962 0.02887 0.02812 0.02736 0.02657 0.02576 0.02493 0.02412 0.02333 0.02253 0.02171 0.02086 0.02002 0.01923 0.01850 0.01778 0.01704 0.01625 0.01546 0.01481 0.01522 0.01694 0.02077 0.02655 0.03416 0.04351 0.05460 0.06735 0.08166 0.09746 0.11484 0.13387 0.15469 0.17749 0.20241 0.22944 0.25845 0.28924 0.32161 0.35540 0.39042 0.42674 0.46453 0.50591 0.55300 0.60757 0.67125 0.74514 0.82971
0.05157 0.05159 0.05155 0.05147 0.05133 0.05114 0.05090 0.05062 0.05029 0.04991 0.04949 0.04903 0.04852 0.04799 0.04742 0.04681 0.04617 0.04549 0.04480 0.04409 0.04336 0.04259 0.04180 0.04101 0.04022 0.03943 0.03862 0.03779 0.03810 0.04199 0.04948 0.06244 0.08043 0.10326 0.13081 0.16297 0.19870 0.23776 0.27939 0.32355 0.37015 0.41923 0.47090 0.52523 0.58215 0.64145 0.70284 0.76592 0.83033 0.89579 0.96213 1.02925 1.09703 1.16528 1.23375 1.30214 1.37007 1.43793 1.50670 1.58013 1.65872 1.74306 1.83387 1.93158 2.03619
0.07003 0.07039 0.07068 0.07092 0.07111 0.07124 0.07131 0.07133 0.07130 0.07123 0.07111 0.07094 0.07073 0.07048 0.07019 0.06987 0.06951 0.06912 0.06871 0.06827 0.06782 0.07064 0.08151 0.09875 0.12447 0.15924 0.20270 0.25452 0.31322 0.37617 0.44351 0.51374 0.58684 0.66268 0.74118 0.82228 0.90593 0.99186 1.07982 1.16948 1.26054 1.35274 1.44597 1.54021 1.63548 1.73171 1.82876 1.92634 2.02405 2.12146 2.21813 2.31370 2.40789 2.50048 2.59127 2.68008 2.76698 2.85339 2.94328 3.03897 3.13893 3.24254 3.34922 3.45838 3.56939
0.09385 0.09474 0.09556 0.09633 0.09704 0.09770 0.09830 0.09886 0.09937 0.09984 0.10027 0.10067 0.10102 0.10135 0.10166 0.12052 0.14829 0.18556 0.23267 0.29246 0.36465 0.44504 0.52929 0.61912 0.71284 0.80993 0.91006 1.01312 1.11910 1.22760 1.33812 1.45040 1.56418 1.67926 1.79548 1.91271 2.03090 2.14996 2.26974 2.39004 2.51056 2.63102 2.75116 2.87077 2.98977 3.10809 3.22569 3.34250 3.45836 3.57302 3.68620 3.79754 3.90670 4.01337 4.11726 4.21811 4.31655 4.41616 4.52263 4.63445 4.74934 4.86579 4.98236 5.09769 5.21058
0.12466 0.12634 0.12798 0.12957 0.13112 0.13264 0.13411 0.13556 0.14782 0.17602 0.21942 0.27628 0.34526 0.42601 0.51831 0.60594 0.70292 0.80833 0.92104 1.03824 1.15921 1.28397 1.41126 1.54051 1.67137 1.80379 1.93767 2.07288 2.20932 2.34685 2.48529 2.62442 2.76401 2.90384 3.04369 3.18341 3.32290 3.46207 3.60089 3.73929 3.87716 4.01432 4.15060 4.28580 4.41974 4.55227 4.68330 4.81272 4.94041 5.06622 5.18994 5.31131 5.43003 5.54578 5.65827 5.76725 5.87407 5.98591 6.10584 6.22955 6.35473 6.47944 6.60184 6.72022 6.83310
0.16488 0.16780 0.18211 0.21561 0.26647 0.33327 0.41518 0.51167 0.61158 0.71238 0.81583 0.92317 1.03610 1.15823 1.29013 1.42866 1.56928 1.71115 1.85445 1.99963 2.14678 2.29587 2.44674 2.59909 2.75263 2.90711 3.06235 3.21817 3.37444 3.53102 3.68780 3.84465 4.00140 4.15789 4.31393 4.46936 4.62401 4.77778 4.93056 5.08227 5.23282 5.38211 5.53001 5.67639 5.82108 5.96393 6.10480 6.24354 6.38002 6.51407 6.64553 6.77419 6.89981 7.02214 7.14090 7.25603 7.37016 7.49330 7.62322 7.75496 7.88642 8.01559 8.14055 8.25951 8.37092
0.42737 0.52369 0.62542 0.72780 0.83379 0.94511 1.06256 1.18641 1.31619 1.44916 1.58499 1.72520 1.87193 2.02331 2.17776 2.33511 2.49491 2.65666 2.82004 2.98492 3.15116 3.31866 3.48730 3.65690 3.82729 3.99826 4.16963 4.34121 4.51282 4.68429 4.85551 5.02632 5.19659 5.36619 5.53497 5.70276 5.86942 6.03478 6.19870 6.36105 6.52174 6.68066 6.83772 6.99283 7.14584 7.29664 7.44509 7.59104 7.73433 7.87481 8.01233 8.14671 8.27774 8.40522 8.52889 8.64885 8.77022 8.90230 9.03850 9.17471 9.30899 9.43942 9.56418 9.68163 9.79031
0.99028 1.10740 1.23056 1.35783 1.48913 1.62490 1.76564 1.91165 2.06289 2.21838 2.37769 2.54095 2.70746 2.87640 3.04760 3.22102 3.39652 3.57385 3.75276 3.93304 4.11447 4.29686 4.48004 4.66385 4.84811 5.03263 5.21722 5.40169 5.58585 5.76953 5.95253 6.13474 6.31601 6.49622 6.67524 6.85293 7.02915 7.20375 7.37657 7.54749 7.71640 7.88317 8.04771 8.20990 8.36964 8.52681 8.68130 8.83296 8.98167 9.12729 9.26967 9.40864 9.54402 9.67562 9.80325 9.92703 10.05539 10.19310 10.33227 10.46980 10.60395 10.73301 10.85543 10.96978 11.07479
1.55697 1.69355 1.83633 1.98431 2.13677 2.29336 2.45397 2.61856 2.78712 2.95941 3.13515 3.31391 3.49521 3.67881 3.86448 4.05204 4.24132 4.43210 4.62417 4.81730 5.01132 5.20600 5.40117 5.59666 5.79228 5.98787 6.18326 6.37826 6.57266 6.76631 6.95902 7.15063 7.34098 7.52993 7.71734 7.90310 8.08706 8.26909 8.44909 8.62691 8.80244 8.97555 9.14613 9.31407 9.47926 9.64158 9.80094 9.95721 10.11029 10.26004 10.40632 10.54898 10.68787 10.82276 10.95361 11.08061 11.21455 11.35474 11.49405 11.63032 11.76204 11.88785 12.00643 12.11663 12.21741
2.10600 2.25955 2.41841 2.58221 2.75050 2.92285 3.09891 3.27842 3.46125 3.64728 3.83633 4.02795 4.22160 4.41725 4.61476 4.81391 5.01452 5.21637 5.41926 5.62298 5.82732 6.03208 6.23706 6.44208 6.64696 6.85152 7.05561 7.25905 7.46168 7.66332 7.86381 8.06296 8.26063 8.45665 8.65087 8.84316 9.03340 9.22147 9.40724 9.59061 9.77144 9.94963 10.12506 10.29760 10.46716 10.63363 10.79692 10.95691 11.11348 11.26654 11.41594 11.56154 11.70319 11.84071 11.97414 12.10402 12.24124 12.38125 12.51854 12.65165 12.77942 12.90075 13.01465 13.12018 13.21652
2.61607 2.78373 2.95587 3.13234 3.31290 3.49728 3.68517 3.87631 4.07048 4.26757 4.46740 4.66966 4.87369 5.07923 5.28632 5.49481 5.70452 5.91524 6.12680 6.33899 6.55161 6.76446 6.97732 7.19001 7.40235 7.61414 7.82522 8.03544 8.24463 8.45264 8.65929 8.86444 9.06791 9.26954 9.46917 9.66669 9.86196 10.05484 10.24523 10.43301 10.61806 10.80028 10.97953 11.15572 11.32875 11.49852 11.66491 11.82784 11.98719 12.14285 12.29470 12.44259 12.58643 12.72603 12.86144 12.99372 13.13186 13.26973 13.40353 13.53233 13.65528 13.77158 13.88047 13.98126 14.07328
3.07067 3.24960 3.43252 3.61928 3.80969 4.00357 4.20069 4.40083 4.60380 4.80945 5.01765 5.22817 5.44060 5.65436 5.86917 6.08509 6.30202 6.51977 6.73816 6.95702 7.17613 7.39530 7.61434 7.83306 8.05124 8.26873 8.48534 8.70091 8.91529 9.12830 9.33980 9.54962 9.75760 9.96360 10.16748 10.36908 10.56827 10.76493 10.95894 11.15017 11.33852 11.52386 11.70610 11.88513 12.06085 12.23317 12.40198 12.56717 12.72866 12.88632 13.04004 13.18972 13.33523 13.47643 13.61332 13.74728 13.88447 14.01900 14.14855 14.27255 14.39044 14.50167 14.60571 14.70202 14.79009
