tests/data/gray99/saval2D/outputs/resuqu9.asc
north:     17.44
south:      0.00
east:      60.51
west:       0.00
rows:   68
cols:  236
[rows 0 to 28 of 68, columns 130 to 194 of 236]
0.00000 0.00000 0.00000 0.00000 0.00000 0.00000 0.00000 0.00000 0.00000 0.00000 0.00000 0.00000 0.00000 0.00000 0.00000 0.00000 0.00000 0.00000 0.00000 0.00000 0.00000 0.00000 0.00000 0.00000 0.00000 0.00000 0.00000 0.00000 0.00000 0.00000 0.00000 0.00000 0.00000 0.00000 0.00000 0.00000 0.00000 0.00000 0.00000 0.00000 0.00000 0.00000 0.00000 0.00000 0.00000 0.00000 0.00000 0.00000 0.00000 0.00000 0.00000 0.00000 0.00000 0.00000 0.00000 0.00000 0.00000 0.00000 0.00000 0.00000 0.00000 0.00000 0.00000 0.00000 0.00000
0.00000 0.00000 0.00000 0.00000 0.00000 0.00000 0.00000 0.00000 0.00000 0.00000 0.00000 0.00000 0.00000 0.00000 0.00000 0.00000 0.00000 0.00000 0.00000 0.00000 0.00000 0.00000 0.00000 0.00000 0.00000 0.00000 0.00000 -0.00000 0.00000 -0.00000 -0.00000 0.00000 -0.00000 -0.00000 0.00000 -0.00000 -0.00000 0.00000 0.00000 -0.00000 0.00000 -0.00000 -0.00000 -0.00000 0.00000 -0.00000 0.00000 0.00000 -0.00000 0.00000 -0.00000 0.00000 -0.00000 0.00000 -0.00000 0.00000 -0.00000 0.00000 -0.00000 0.00000 -0.00000 0.00000 -0.00000 -0.00000 0.00000
0.00000 0.00000 0.00000 0.00000 0.00000 0.00000 0.00000 0.00000 0.00000 0.00000 0.00000 0.00000 0.00000 0.00000 0.00000 0.00000 0.00000 0.00000 0.00000 0.00000 0.00000 0.00000 0.00000 0.00000 0.00000 0.00000 0.00000 -0.00000 0.00000 -0.00000 -0.00000 0.00000 -0.00000 0.00000 0.00000 -0.00000 -0.00000 0.00000 0.00000 -0.00000 0.00000 -0.00000 0.00000 -0.00000 0.00000 -0.00000 0.00000 -0.00000 0.00000 -0.00000 -0.00000 0.00000 -0.00000 0.00000 -0.00000 0.00000 -0.00000 -0.00000 -0.00000 0.00000 -0.00000 0.00000 -0.00000 0.00000 0.00000
0.00000 0.00000 0.00000 0.00000 0.00000 0.00000 0.00000 0.00000 0.00000 0.00000 0.00000 0.00000 0.00000 0.00000 0.00000 0.00000 0.00000 0.00000 0.00000 0.00000 0.00000 0.00000 0.00000 0.00000 0.00000 0.00000 0.00000 -0.00000 0.00000 -0.00000 -0.00000 0.00000 -0.00000 0.00000 -0.00000 0.00000 -0.00000 0.00000 -0.00000 0.00000 0.00000 -0.00000 0.00000 -0.00000 -0.00000 0.00000 -0.00000 -0.00000 0.00000 -0.00000 -0.00000 0.00000 -0.00000 0.00000 -0.00000 -0.00000 0.00000 -0.00000 0.00000 -0.00000 -0.00000 0.00000 -0.00000 0.00000 -0.00000
0.00000 0.00000 0.00000 0.00000 0.00000 0.00000 0.00000 0.00000 0.00000 0.00000 0.00000 0.00000 0.00000 0.00000 0.00000 0.00000 0.00000 0.00000 0.00000 0.00000 0.00000 0.00000 0.00000 0.00000 0.00000 0.00000 0.00000 -0.00000 0.00000 -0.00000 -0.00000 0.00000 -0.00000 0.00000 -0.00000 0.00000 -0.00000 0.00000 -0.00000 0.00000 0.00000 -0.00000 -0.00000 0.00000 -0.00000 0.00000 -0.00000 -0.00000 0.00000 -0.00000 -0.00000 0.00000 0.00000 -0.00000 -0.00000 0.00000 -0.00000 -0.00000 -0.00000 0.00000 -0.00000 0.00000 0.00000 -0.00000 -0.00000
0.00000 0.00000 0.00000 0.00000 0.00000 0.00000 0.00000 0.00000 0.00000 0.00000 0.00000 0.00000 0.00000 0.00000 0.00000 0.00000 0.00000 0.00000 0.00000 0.00000 0.00000 0.00000 0.00000 0.00000 0.00000 0.00000 0.00000 -0.00000 0.00000 -0.00000 -0.00000 0.00000 -0.00000 0.00000 -0.00000 0.00000 0.00000 -0.00000 0.00000 -0.00000 0.00000 -0.00000 -0.00000 0.00000 -0.00000 0.00000 -0.00000 0.00000 -0.00000 -0.00000 -0.00000 0.00000 -0.00000 0.00000 0.00000 -0.00000 0.00000 0.00000 -0.00000 -0.00000 0.00000 -0.00000 -0.00000 0.00000 -0.00000
0.00000 0.00000 0.00000 0.00000 0.00000 0.00000 0.00000 0.00000 0.00000 0.00000 0.00000 0.00000 0.00000 0.00000 0.00000 0.00000 0.00000 0.00000 0.00000 0.00000 0.00000 0.00000 0.00000 0.00000 0.00000 0.00000 0.00000 0.00000 0.00000 0.00000 0.00000 0.00000 0.00000 0.00000 -0.00000 0.00000 0.00000 -0.00000 0.00000 -0.00000 0.00000 -0.00000 0.00000 0.00000 -0.00000 0.00000 -0.00000 0.00000 -0.00000 0.00000 -0.00000 0.00000 0.00000 -0.00000 0.00000 -0.00000 0.00000 0.00000 -0.00000 -0.00000 0.00000 -0.00000 0.00000 -0.00000 0.00000
0.00000 0.00000 0.00000 0.00000 0.00000 0.00000 0.00000 0.00000 0.00000 0.00000 0.00000 0.00000 0.00000 0.00000 0.00000 0.00000 0.00000 0.00000 0.00000 0.00000 0.00000 0.00000 0.00001 0.00002 0.00003 0.00006 0.00008 0.00008 0.00007 0.00005 0.00003 0.00001 0.00000 0.00000 0.00000 0.00000 0.00000 0.00000 0.00000 -0.00000 0.00000 0.00000 -0.00000 0.00000 -0.00000 0.00000 -0.00000 -0.00000 0.00000 -0.00000 0.00000 -0.00000 -0.00000 0.00000 0.00000 -0.00000 0.00000 -0.00000 -0.00000 0.00000 -0.00000 0.00000 0.00000 -0.00000 0.00000
0.00000 0.00000 0.00000 0.00000 0.00000 0.00000 0.00000 0.00000 0.00000 0.00000 0.00000 0.00000 0.00000 0.00000 0.00000 0.00000 0.00000 0.00000 0.00001 0.00004 0.00014 0.00035 0.00073 0.00130 0.00198 0.00266 0.00319 0.00341 0.00324 0.00273 0.00200 0.00125 0.00065 0.00026 0.00008 0.00002 0.00000 0.00000 0.00000 0.00000 0.00000 -0.00000 0.00000 0.00000 -0.00000 -0.00000 0.00000 -0.00000 0.00000 0.00000 0.00000 -0.00000 0.00000 -0.00000 0.00000 -0.00000 0.00000 0.00000 -0.00000 0.00000 -0.00000 0.00000 0.00000 -0.00000 0.00000
0.00000 0.00000 0.00000 0.00000 0.00000 0.00000 0.00000 0.00000 0.00000 0.00000 0.00000 0.00000 0.00000 0.00000 0.00000 0.00002 0.00009 0.00036 0.00105 0.00245 0.00481 0.00824 0.01268 0.01779 0.02307 0.02784 0.03139 0.03319 0.03286 0.03025 0.02567 0.01982 0.01364 0.00812 0.00401 0.00155 0.00042 0.00007 0.00001 0.00000 0.00000 0.00000 0.00000 0.00000 -0.00000 0.00000 -0.00000 0.00000 -0.00000 0.00000 0.00000 -0.00000 0.00000 -0.00000 0.00000 -0.00000 0.00000 -0.00000 -0.00000 0.00000 -0.00000 0.00000 -0.00000 -0.00000 0.00000
0.00000 0.00000 0.00000 0.00000 0.00000 0.00000 0.00000 0.00000 0.00000 0.00000 0.00000 0.00000 0.00001 0.00011 0.00051 0.00169 0.00432 0.00908 0.01652 0.02688 0.04006 0.05561 0.07275 0.09042 0.10737 0.12218 0.13348 0.14030 0.14184 0.13734 0.12660 0.11014 0.08932 0.06638 0.04410 0.02530 0.01191 0.00427 0.00104 0.00015 0.00001 0.00000 0.00000 0.00000 -0.00000 0.00000 -0.00000 0.00000 -0.00000 0.00000 -0.00000 0.00000 0.00000 -0.00000 0.00000 -0.00000 0.00000 0.00000 -0.00000 0.00000 -0.00000 0.00000 0.00000 -0.00000 0.00000
0.00000 0.00000 0.00000 0.00000 0.00000 0.00000 0.00000 0.00000 0.00000 0.00001 0.00009 0.00053 0.00200 0.00558 0.01244 0.02363 0.03979 0.06113 0.08741 0.11797 0.15183 0.18780 0.22448 0.26033 0.29369 0.32275 0.34579 0.36159 0.36912 0.36708 0.35431 0.33010 0.29458 0.24909 0.19661 0.14186 0.09084 0.04949 0.02154 0.00681 0.00135 0.00013 0.00001 0.00000 0.00000 0.00000 0.00000 -0.00000 0.00000 -0.00000 -0.00000 0.00000 0.00000 -0.00000 0.00000 -0.00000 0.00000 -0.00000 0.00000 0.00000 -0.00000 0.00000 -0.00000 -0.00000 0.00000
0.00000 0.00000 0.00000 0.00000 0.00000 0.00000 0.00001 0.00009 0.00056 0.00221 0.00644 0.01494 0.02923 0.05039 0.07887 0.11457 0.15690 0.20491 0.25742 0.31309 0.37050 0.42820 0.48470 0.53846 0.58788 0.63118 0.66663 0.69296 0.70920 0.71396 0.70559 0.68236 0.64271 0.58570 0.51161 0.42283 0.32463 0.22563 0.13684 0.06862 0.02623 0.00672 0.00093 0.00005 0.00000 0.00000 0.00000 0.00000 0.00000 -0.00000 -0.00000 0.00000 0.00000 -0.00000 0.00000 -0.00000 -0.00000 -0.00000 0.00000 -0.00000 -0.00000 0.00000 -0.00000 -0.00000 0.00000
0.00000 0.00000 0.00000 0.00002 0.00015 0.00081 0.00297 0.00826 0.01868 0.03614 0.06209 0.09725 0.14166 0.19476 0.25555 0.32268 0.39469 0.47011 0.54750 0.62547 0.70270 0.77794 0.84993 0.91739 0.97898 1.03316 1.07840 1.11353 1.13764 1.14958 1.14783 1.13049 1.09532 1.03994 0.96210 0.86042 0.73544 0.59113 0.43662 0.28670 0.15950 0.06997 0.02163 0.00391 0.00030 0.00001 0.00000 0.00000 0.00000 0.00000 -0.00000 0.00000 0.00000 -0.00000 0.00000 0.00000 -0.00000 0.00000 -0.00000 0.00000 -0.00000 0.00000 0.00000 -0.00000 0.00000
0.00013 0.00060 0.00211 0.00595 0.01400 0.02844 0.05130 0.08411 0.12769 0.18208 0.24669 0.32034 0.40159 0.48885 0.58059 0.67537 0.77178 0.86845 0.96409 1.05760 1.14799 1.23434 1.31572 1.39115 1.45956 1.51972 1.57026 1.61017 1.63866 1.65476 1.65726 1.64458 1.61469 1.56508 1.49271 1.39431 1.26679 1.10838 0.92051 0.71058 0.49458 0.29691 0.14395 0.05091 0.01111 0.00111 0.00003 0.00000 0.00000 0.00000 0.00000 0.00000 0.00000 -0.00000 0.00000 -0.00000 -0.00000 0.00000 -0.00000 0.00000 -0.00000 0.00000 0.00000 -0.00000 0.00000
0.02001 0.03550 0.05914 0.09274 0.13764 0.19448 0.26320 0.34307 0.43283 0.53081 0.63516 0.74403 0.85567 0.96855 1.08135 1.19296 1.30250 1.40928 1.51276 1.61238 1.70753 1.79751 1.88155 1.95874 2.02818 2.08878 2.13948 2.17936 2.20763 2.22346 2.22585 2.21354 2.18497 2.13807 2.07017 1.97792 1.85728 1.70384 1.51369 1.28537 1.02333 0.74238 0.47061 0.24497 0.09521 0.02367 0.00286 0.00010 0.00000 0.00000 0.00000 0.00000 0.00000 -0.00000 0.00000 -0.00000 0.00000 -0.00000 -0.00000 0.00000 -0.00000 0.00000 -0.00000 -0.00000 0.00000
0.22944 0.29247 0.36729 0.45372 0.55102 0.65802 0.77322 0.89489 1.02123 1.15046 1.28088 1.41097 1.53935 1.66483 1.78639 1.90324 2.01478 2.12059 2.22038 2.31402 2.40150 2.48283 2.55791 2.62651 2.68803 2.74160 2.78602 2.82022 2.84330 2.85426 2.85198 2.83536 2.80315 2.75376 2.68512 2.59452 2.47840 2.33227 2.15077 1.92828 1.66070 1.34926 1.00646 0.66196 0.36144 0.14949 0.04041 0.00551 0.00024 0.00000 0.00000 0.00000 0.00000 -0.00000 0.00000 -0.00000 0.00000 -0.00000 0.00000 -0.00000 0.00000 -0.00000 0.00000 -0.00000 0.00000
0.92489 1.03010 1.14438 1.26643 1.39472 1.52764 1.66350 1.80072 1.93781 2.07347 2.20656 2.33615 2.46148 2.58196 2.69713 2.80662 2.91012 3.00735 3.09802 3.18177 3.25818 3.32679 3.38723 3.43920 3.48241 3.51658 3.54131 3.55640 3.56167 3.55662 3.54042 3.51190 3.46963 3.41195 3.33692 3.24210 3.12443 2.98021 2.80463 2.59164 2.33428 2.02630 1.66608 1.26376 0.84980 0.47723 0.20443 0.05780 0.00837 0.00039 0.00000 0.00000 0.00000 0.00000 0.00000 -0.00000 0.00000 0.00000 -0.00000 -0.00000 0.00000 -0.00000 0.00000 -0.00000 -0.00000
2.14727 2.26404 2.38542 2.51018 2.63700 2.76458 2.89166 3.01710 3.13993 3.25930 3.37456 3.48517 3.59076 3.69103 3.78577 3.87482 3.95807 4.03539 4.10665 4.17168 4.23027 4.28213 4.32687 4.36396 4.39272 4.41221 4.42146 4.41961 4.40598 4.37997 4.34108 4.28881 4.22262 4.14186 4.04570 3.93305 3.80205 3.64964 3.47152 3.26191 3.01336 2.71742 2.36608 1.95555 1.49433 1.01428 0.57567 0.24926 0.07115 0.01037 0.00048 0.00000 0.00000 0.00000 0.00000 0.00000 -0.00000 0.00000 -0.00000 -0.00000 0.00000 -0.00000 0.00000 0.00000 -0.00000
3.68155 3.79411 3.90627 4.01726 4.12630 4.23269 4.33582 4.43515 4.53027 4.62085 4.70666 4.78754 4.86339 4.93415 4.99981 5.06034 5.11573 5.16593 5.21087 5.25042 5.28439 5.31253 5.33446 5.34971 5.35764 5.35749 5.34828 5.32925 5.29972 5.25885 5.20568 5.13914 5.05801 4.96094 4.84652 4.71316 4.55939 4.38369 4.18414 3.95814 3.70168 3.40775 3.06647 2.66697 2.20272 1.68163 1.13869 0.64249 0.27472 0.07653 0.01065 0.00045 0.00000 0.00000 0.00000 0.00000 0.00000 0.00000 -0.00000 -0.00000 0.00000 -0.00000 -0.00000 0.00000 0.00000
5.32006 5.42527 5.52558 5.62048 5.70965 5.79290 5.87016 5.94146 6.00688 6.06658 6.12074 6.16955 6.21323 6.25195 6.28587 6.31512 6.33980 6.35994 6.37551 6.38643 6.39253 6.39357 6.38919 6.37894 6.36222 6.33827 6.30623 6.26533 6.21485 6.15401 6.08189 5.99748 5.89966 5.78722 5.65882 5.51296 5.34788 5.16143 4.95087 4.71258 4.44205 4.13416 3.78298 3.38161 2.92151 2.39597 1.81238 1.21008 0.66756 0.27523 0.07222 0.00907 0.00032 0.00000 0.00000 0.00000 0.00000 0.00000 -0.00000 0.00000 -0.00000 -0.00000 0.00000 -0.00000 0.00000
6.93926 7.03775 7.12794 7.20945 7.28218 7.34619 7.40174 7.44920 7.48901 7.52168 7.54770 7.56757 7.58174 7.59062 7.59457 7.59387 7.58874 7.57932 7.56565 7.54772 7.52542 7.49852 7.46673 7.42961 7.38662 7.33707 7.28013 7.21507 7.14126 7.05793 6.96420 6.85908 6.74147 6.61019 6.46394 6.30133 6.12082 5.92066 5.69872 5.45225 5.17755 4.86936 4.52024 4.12024 3.65883 3.12835 2.52918 1.87706 1.21988 0.64614 0.25021 0.05943 0.00631 0.00016 0.00000 0.00000 0.00000 0.00000 -0.00000 0.00000 -0.00000 0.00000 -0.00000 -0.00000 0.00000
8.47350 8.56628 8.64861 8.72013 8.78076 8.83065 8.87017 8.89980 8.92017 8.93191 8.93573 8.93227 8.92219 8.90605 8.88436 8.85754 8.82594 8.78980 8.74927 8.70441 8.65519 8.60145 8.54296 8.47936 8.41016 8.33474 8.25239 8.16246 8.06434 7.95734 7.84062 7.71327 7.57423 7.42236 7.25641 7.07505 6.87685 6.66021 6.42328 6.16380 5.87884 5.56436 5.21475 4.82202 4.37522 3.86058 3.26561 2.59154 1.86845 1.16415 0.57964 0.20442 0.04188 0.00346 0.00006 0.00000 0.00000 0.00000 0.00000 0.00000 -0.00000 0.00000 0.00000 -0.00000 0.00000
9.88903 9.97684 10.05311 10.11744 10.16972 10.21006 10.23877 10.25633 10.26333 10.26043 10.24836 10.22783 10.19953 10.16413 10.12222 10.07431 10.02083 9.96213 9.89844 9.82992 9.75661 9.67844 9.59527 9.50683 9.41271 9.31242 9.20533 9.09087 8.96856 8.83776 8.69774 8.54766 8.38654 8.21330 8.02677 7.82566 7.60862 7.37416 7.12060 6.84597 6.54781 6.22282 5.86647 5.47234 5.03144 4.53172 3.95895 3.30087 2.55970 1.77639 1.04332 0.47599 0.14712 0.02442 0.00141 0.00001 0.00000 0.00000 0.00000 0.00000 -0.00000 0.00000 0.00000 -0.00000 -0.00000
11.16941 11.25278 11.32429 11.38353 11.43030 11.46464 11.48673 11.49693 11.49570 11.48363 11.46134 11.42950 11.38875 11.33976 11.28311 11.21935 11.14896 11.07232 10.98976 10.90149 10.80764 10.70824 10.60321 10.49239 10.37549 10.25215 10.12182 9.98409 9.83856 9.68472 9.52193 9.34945 9.16641 8.97182 8.76458 8.54350 8.30728 8.05451 7.78366 7.49294 7.18018 6.84259 6.47638 6.07624 5.63465 5.14121 4.58256 3.94434 3.21794 2.41549 1.59332 0.86443 0.34988 0.09008 0.01110 0.00038 0.00000 0.00000 0.00000 0.00000 0.00000 0.00000 -0.00000 0.00000 -0.00000
12.30785 12.38723 12.45495 12.51060 12.55393 12.58484 12.60339 12.60978 12.60430 12.58736 12.55945 12.52107 12.47279 12.41516 12.34871 12.27396 12.19136 12.10133 12.00419 11.90022 11.78960 11.67245 11.54877 11.41850 11.28147 11.13741 10.98597 10.82684 10.65972 10.48423 10.29986 10.10599 9.90186 9.68661 9.45922 9.21860 8.96351 8.69265 8.40457 8.09761 7.76984 7.41878 7.04118 6.63250 6.18637 5.69379 5.14271 4.51863 3.80854 3.01134 2.15683 1.32591 0.64616 0.22213 0.04430 0.00356 0.00006 0.00000 0.00000 0.00000 0.00000 0.00000 -0.00000 0.00000 -0.00000
13.30291 13.37872 13.44342 13.49658 13.53790 13.56718 13.58434 13.58940 13.58250 13.56384 13.53372 13.49249 13.44052 13.37824 13.30607 13.22443 13.13372 13.03432 12.92654 12.81067 12.68693 12.55548 12.41642 12.26978 12.11547 11.95339 11.78328 11.60499 11.41835 11.22310 11.01887 10.80517 10.58136 10.34670 10.10029 9.84113 9.56808 9.27990 8.97524 8.65256 8.31006 7.94551 7.55604 7.13767 6.68486 6.18976 5.64158 5.02657 4.33014 3.54392 2.68088 1.79681 1.00068 0.42059 0.11524 0.01594 0.00068 0.00000 0.00000 0.00000 0.00000 0.00000 -0.00000 0.00000 0.00000
14.15592 14.22865 14.29096 14.34243 14.38272 14.41154 14.42869 14.43406 14.42760 14.40932 14.37934 14.33781 14.28494 14.22097 14.14618 14.06087 13.96535 13.85991 13.74483 13.62039 13.48680 13.34427 13.19294 13.03292 12.86424 12.68688 12.50075 12.30581 12.10202 11.88925 11.66727 11.43571 11.19408 10.94174 10.67793 10.40173 10.11211 9.80791 9.48784 9.15047 8.79410 8.41670 8.01563 7.58736 7.12694 6.62741 6.07907 5.46913 4.78280 4.00803 3.14722 2.23687 1.36564 0.66208 0.22604 0.04473 0.00358 0.00006 0.00000 0.00000 0.00000 0.00000 0.00000 0.00000 0.00000
14.86942 14.93954 15.00001 15.05038 15.09029 15.11938 15.13735 15.14396 15.13901 15.12236 15.09394 15.05372 15.00173 14.93805 14.86280 14.77614 14.67825 14.56935 14.44964 14.31936 14.17871 14.02791 13.86713 13.69654 13.51626 13.32637 13.12690 12.91793 12.69955 12.47175 12.23442 11.98732 11.73009 11.46221 11.18302 10.89171 10.58735 10.26884 9.93499 9.58441 9.21552 8.82641 8.41462 7.97694 7.50885 7.00407 6.45376 5.84606 5.16653 4.40147 3.54692 2.62578 1.70831 0.91416 0.36414 0.09209 0.01119 0.00038 0.00000 0.00000 0.00000 0.00000 0.00000 0.00000 0.00000
