tests/data/gray99/saval2D/outputs/resuqu8.asc
north:     17.44
south:      0.00
east:      60.51
west:       0.00
rows:   68
cols:  236
[rows 29 to 57 of 68, columns 0 to 64 of 236]
0.00000 0.00000 0.00000 0.00000 0.00004 0.00014 0.00036 0.00072 0.00127 0.00206 0.00314 0.00458 0.00645 0.00882 0.01177 0.01539 0.01978 0.02505 0.03133 0.03874 0.04744 0.05761 0.06943 0.08313 0.09895 0.11718 0.13813 0.16218 0.18972 0.22122 0.25716 0.29811 0.34463 0.39736 0.45695 0.52406 0.59935 0.68343 0.77691 0.88032 0.99414 1.11880 1.25463 1.40187 1.56069 1.73108 1.91290 2.10587 2.30968 2.52402 2.74856 2.98295 3.22677 3.47950 3.74048 4.00898 4.28431 4.56586 4.85313 5.14570 5.44313 5.74502 6.05082 6.35995 6.67176
0.00000 0.00000 0.00000 0.00000 0.00005 0.00019 0.00044 0.00086 0.00148 0.00237 0.00359 0.00520 0.00729 0.00993 0.01323 0.01729 0.02223 0.02819 0.03531 0.04376 0.05374 0.06545 0.07916 0.09512 0.11365 0.13511 0.15988 0.18840 0.22116 0.25867 0.30150 0.35024 0.40553 0.46801 0.53834 0.61714 0.70505 0.80264 0.91044 1.02889 1.15839 1.29923 1.45164 1.61573 1.79154 1.97898 2.17785 2.38782 2.60852 2.83952 3.08040 3.33070 3.58996 3.85765 4.13320 4.41594 4.70524 5.00047 5.30105 5.60648 5.91626 6.22994 6.54706 6.86708 7.18946
0.00000 0.00000 0.00000 0.00001 0.00007 0.00023 0.00052 0.00098 0.00168 0.00266 0.00399 0.00575 0.00801 0.01089 0.01448 0.01890 0.02430 0.03082 0.03863 0.04794 0.05896 0.07195 0.08718 0.10498 0.12569 0.14971 0.17748 0.20949 0.24626 0.28836 0.33639 0.39097 0.45275 0.52237 0.60049 0.68772 0.78466 0.89185 1.00976 1.13879 1.27925 1.43138 1.59529 1.77105 1.95858 2.15777 2.36835 2.58997 2.82222 3.06463 3.31671 3.57794 3.84781 4.12580 4.41134 4.70385 5.00272 5.30733 5.61709 5.93144 6.24986 6.57183 6.89688 7.22452 7.55425
0.00000 0.00000 0.00000 0.00001 0.00009 0.00027 0.00058 0.00108 0.00182 0.00287 0.00428 0.00614 0.00853 0.01156 0.01535 0.02002 0.02571 0.03260 0.04087 0.05073 0.06242 0.07621 0.09240 0.11132 0.13336 0.15894 0.18852 0.22262 0.26177 0.30656 0.35761 0.41554 0.48102 0.55470 0.63721 0.72918 0.83117 0.94371 1.06721 1.20206 1.34852 1.50678 1.67694 1.85901 2.05291 2.25844 2.47534 2.70323 2.94167 3.19019 3.44826 3.71535 3.99096 4.27455 4.56555 4.86340 5.16750 5.47725 5.79205 6.11133 6.43454 6.76117 7.09072 7.42266 7.75651
0.00000 0.00000 0.00000 0.00002 0.00010 0.00028 0.00061 0.00113 0.00189 0.00296 0.00441 0.00631 0.00876 0.01185 0.01571 0.02047 0.02627 0.03328 0.04170 0.05173 0.06361 0.07762 0.09405 0.11325 0.13560 0.16152 0.19148 0.22598 0.26558 0.31084 0.36238 0.42083 0.48684 0.56105 0.64410 0.73659 0.83907 0.95205 1.07596 1.21115 1.35789 1.51636 1.68666 1.86880 2.06269 2.26815 2.48490 2.71261 2.95084 3.19912 3.45695 3.72382 3.99922 4.28262 4.57349 4.87127 5.17539 5.48524 5.80021 6.11967 6.44307 6.76985 7.09949 7.43151 7.76541
0.00000 0.00000 0.00000 0.00002 0.00010 0.00028 0.00060 0.00112 0.00187 0.00293 0.00435 0.00623 0.00865 0.01171 0.01551 0.02020 0.02589 0.03277 0.04100 0.05078 0.06235 0.07595 0.09188 0.11046 0.13204 0.15702 0.18584 0.21899 0.25699 0.30039 0.34978 0.40578 0.46901 0.54009 0.61966 0.70830 0.80657 0.91498 1.03400 1.16399 1.30524 1.45798 1.62232 1.79832 1.98591 2.18498 2.39528 2.61651 2.84827 3.09013 3.34162 3.60226 3.87157 4.14907 4.43425 4.72656 5.02541 5.33019 5.64029 5.95511 6.27409 6.59669 6.92237 7.25059 7.58086
0.00000 0.00000 0.00000 0.00001 0.00009 0.00026 0.00056 0.00104 0.00176 0.00277 0.00413 0.00593 0.00824 0.01116 0.01478 0.01923 0.02464 0.03113 0.03888 0.04805 0.05886 0.07152 0.08629 0.10345 0.12332 0.14625 0.17263 0.20291 0.23756 0.27708 0.32203 0.37298 0.43054 0.49531 0.56790 0.64891 0.73892 0.83847 0.94804 1.06806 1.19888 1.34078 1.49398 1.65858 1.83462 2.02203 2.22063 2.43013 2.65021 2.88049 3.12058 3.37009 3.62860 3.89566 4.17078 4.45335 4.74274 5.03830 5.33940 5.64544 5.95588 6.27023 6.58807 6.90896 7.23227
0.00000 0.00000 0.00000 0.00001 0.00007 0.00022 0.00049 0.00094 0.00160 0.00253 0.00379 0.00546 0.00760 0.01030 0.01365 0.01774 0.02269 0.02861 0.03565 0.04394 0.05366 0.06497 0.07810 0.09327 0.11074 0.13079 0.15376 0.18000 0.20993 0.24396 0.28261 0.32637 0.37580 0.43149 0.49402 0.56401 0.64205 0.72873 0.82459 0.93013 1.04582 1.17202 1.30905 1.45717 1.61651 1.78708 1.96875 2.16131 2.36451 2.57810 2.80182 3.03536 3.27840 3.53052 3.79118 4.05967 4.33530 4.61740 4.90536 5.19868 5.49689 5.79955 6.10621 6.41633 6.72949
0.00000 0.00000 0.00000 0.00000 0.00005 0.00018 0.00042 0.00081 0.00140 0.00224 0.00339 0.00489 0.00682 0.00925 0.01225 0.01591 0.02031 0.02556 0.03175 0.03901 0.04745 0.05722 0.06847 0.08136 0.09608 0.11285 0.13189 0.15348 0.17792 0.20553 0.23670 0.27186 0.31148 0.35606 0.40617 0.46240 0.52537 0.59571 0.67403 0.76096 0.85705 0.96286 1.07883 1.20539 1.34283 1.49125 1.65058 1.82073 2.00164 2.19322 2.39535 2.60787 2.83057 3.06299 3.30441 3.55403 3.81109 4.07503 4.34538 4.62177 4.90385 5.19121 5.48333 5.77952 6.07903
0.00000 0.00000 0.00000 0.00000 0.00004 0.00014 0.00034 0.00068 0.00120 0.00194 0.00295 0.00428 0.00598 0.00812 0.01075 0.01395 0.01777 0.02231 0.02763 0.03383 0.04098 0.04919 0.05855 0.06917 0.08116 0.09466 0.10979 0.12673 0.14563 0.16672 0.19024 0.21647 0.24576 0.27848 0.31510 0.35611 0.40210 0.45371 0.51160 0.57650 0.64913 0.73019 0.82038 0.92030 1.03048 1.15113 1.28227 1.42408 1.57675 1.74043 1.91520 2.10103 2.29782 2.50495 2.72137 2.94623 3.17899 3.41933 3.66705 3.92193 4.18374 4.45189 4.72557 5.00383 5.28569
0.00000 0.00000 0.00000 0.00000 0.00002 0.00010 0.00027 0.00056 0.00101 0.00165 0.00252 0.00367 0.00514 0.00698 0.00925 0.01198 0.01524 0.01909 0.02356 0.02873 0.03464 0.04136 0.04892 0.05738 0.06680 0.07722 0.08869 0.10125 0.11495 0.12984 0.14598 0.16344 0.18231 0.20276 0.22500 0.24934 0.27622 0.30621 0.34005 0.37868 0.42323 0.47502 0.53558 0.60657 0.68912 0.77996 0.87986 0.98951 1.10942 1.24004 1.38172 1.53470 1.69910 1.87399 2.05798 2.25069 2.45215 2.66249 2.88175 3.10976 3.34635 3.59019 3.83993 4.09441 4.35277
0.00000 0.00000 0.00000 0.00000 0.00001 0.00007 0.00021 0.00045 0.00082 0.00137 0.00211 0.00310 0.00436 0.00594 0.00788 0.01023 0.01302 0.01631 0.02013 0.02452 0.02954 0.03522 0.04159 0.04870 0.05657 0.06524 0.07471 0.08502 0.09618 0.10819 0.12105 0.13477 0.14933 0.16473 0.18096 0.19799 0.21581 0.23442 0.25381 0.27396 0.29490 0.31662 0.33917 0.36260 0.38771 0.42025 0.46238 0.51621 0.58372 0.66674 0.76686 0.88552 1.02398 1.16760 1.31807 1.47650 1.64374 1.82035 2.00659 2.20244 2.40796 2.62004 2.83740 3.05961 3.28665
0.00000 0.00000 0.00000 0.00000 0.00000 0.00005 0.00016 0.00035 0.00066 0.00112 0.00175 0.00258 0.00366 0.00502 0.00669 0.00870 0.01110 0.01392 0.01719 0.02095 0.02523 0.03006 0.03547 0.04148 0.04811 0.05537 0.06327 0.07182 0.08102 0.09086 0.10134 0.11243 0.12412 0.13639 0.14922 0.16258 0.17645 0.19081 0.20564 0.22092 0.23664 0.25280 0.26940 0.28644 0.30393 0.32188 0.34031 0.35925 0.37872 0.39876 0.41941 0.44071 0.46272 0.50247 0.56189 0.64225 0.74407 0.86750 1.01248 1.17892 1.35456 1.53372 1.71605 1.90306 2.09602
0.00000 0.00000 0.00000 0.00000 0.00000 0.00003 0.00011 0.00026 0.00051 0.00088 0.00140 0.00210 0.00301 0.00416 0.00558 0.00729 0.00934 0.01174 0.01453 0.01773 0.02137 0.02547 0.03005 0.03512 0.04070 0.04679 0.05339 0.06050 0.06812 0.07622 0.08480 0.09383 0.10330 0.11317 0.12343 0.13404 0.14499 0.15625 0.16780 0.17962 0.19171 0.20405 0.21664 0.22947 0.24256 0.25589 0.26948 0.28334 0.29747 0.31188 0.32660 0.34162 0.35698 0.37267 0.38873 0.40518 0.42204 0.43935 0.45713 0.47544 0.50600 0.55802 0.63384 0.73283 0.85395
0.00000 0.00000 0.00000 0.00000 0.00000 0.00001 0.00007 0.00018 0.00037 0.00067 0.00109 0.00167 0.00243 0.00339 0.00458 0.00602 0.00775 0.00978 0.01215 0.01486 0.01794 0.02141 0.02528 0.02955 0.03424 0.03934 0.04486 0.05077 0.05708 0.06376 0.07080 0.07818 0.08587 0.09384 0.10208 0.11055 0.11924 0.12813 0.13719 0.14641 0.15578 0.16529 0.17494 0.18472 0.19463 0.20467 0.21484 0.22514 0.23558 0.24615 0.25686 0.26771 0.27870 0.28984 0.30114 0.31260 0.32423 0.33604 0.34804 0.36025 0.37267 0.38533 0.39826 0.41146 0.42498
0.00000 0.00000 0.00000 0.00000 0.00000 0.00000 0.00004 0.00011 0.00026 0.00049 0.00082 0.00129 0.00191 0.00270 0.00369 0.00490 0.00635 0.00806 0.01005 0.01233 0.01493 0.01785 0.02111 0.02470 0.02863 0.03289 0.03748 0.04240 0.04762 0.05312 0.05889 0.06491 0.07115 0.07760 0.08421 0.09098 0.09788 0.10490 0.11202 0.11922 0.12650 0.13385 0.14127 0.14874 0.15628 0.16387 0.17151 0.17920 0.18694 0.19472 0.20255 0.21042 0.21834 0.22629 0.23428 0.24231 0.25037 0.25848 0.26663 0.27483 0.28308 0.29139 0.29977 0.30823 0.31677
0.00000 0.00000 0.00000 0.00000 0.00000 0.00000 0.00002 0.00006 0.00017 0.00034 0.00060 0.00096 0.00146 0.00211 0.00292 0.00392 0.00512 0.00655 0.00821 0.01013 0.01230 0.01475 0.01748 0.02048 0.02376 0.02731 0.03112 0.03519 0.03949 0.04401 0.04873 0.05363 0.05868 0.06387 0.06917 0.07456 0.08002 0.08555 0.09113 0.09675 0.10240 0.10807 0.11376 0.11947 0.12519 0.13091 0.13665 0.14238 0.14811 0.15383 0.15954 0.16523 0.17090 0.17654 0.18216 0.18774 0.19329 0.19881 0.20428 0.20973 0.21513 0.22050 0.22585 0.23116 0.23644
0.00000 0.00000 0.00000 0.00000 0.00000 0.00000 0.00000 0.00003 0.00010 0.00022 0.00041 0.00069 0.00109 0.00160 0.00226 0.00308 0.00407 0.00525 0.00663 0.00822 0.01003 0.01207 0.01434 0.01683 0.01956 0.02250 0.02565 0.02900 0.03253 0.03622 0.04006 0.04402 0.04809 0.05224 0.05646 0.06073 0.06504 0.06938 0.07373 0.07809 0.08245 0.08680 0.09115 0.09549 0.09982 0.10412 0.10840 0.11265 0.11686 0.12103 0.12516 0.12923 0.13325 0.13720 0.14109 0.14491 0.14866 0.15233 0.15592 0.15944 0.16287 0.16622 0.16949 0.17268 0.17578
0.00000 0.00000 0.00000 0.00000 0.00000 0.00000 0.00000 0.00001 0.00005 0.00013 0.00027 0.00048 0.00078 0.00119 0.00171 0.00237 0.00317 0.00414 0.00527 0.00658 0.00808 0.00977 0.01164 0.01370 0.01595 0.01837 0.02095 0.02369 0.02656 0.02956 0.03266 0.03584 0.03909 0.04239 0.04573 0.04909 0.05246 0.05584 0.05921 0.06257 0.06591 0.06924 0.07254 0.07582 0.07906 0.08227 0.08544 0.08856 0.09162 0.09463 0.09757 0.10044 0.10323 0.10595 0.10858 0.11112 0.11357 0.11593 0.11818 0.12034 0.12240 0.12436 0.12621 0.12796 0.12960
0.00000 0.00000 0.00000 0.00000 0.00000 0.00000 0.00000 0.00000 0.00002 0.00007 0.00016 0.00031 0.00054 0.00085 0.00126 0.00178 0.00243 0.00320 0.00413 0.00520 0.00642 0.00780 0.00934 0.01103 0.01286 0.01484 0.01694 0.01916 0.02148 0.02389 0.02637 0.02890 0.03147 0.03407 0.03669 0.03931 0.04192 0.04452 0.04711 0.04968 0.05223 0.05474 0.05723 0.05968 0.06210 0.06446 0.06678 0.06904 0.07123 0.07336 0.07541 0.07738 0.07928 0.08108 0.08279 0.08441 0.08593 0.08736 0.08868 0.08989 0.09100 0.09201 0.09290 0.09369 0.09437
0.00000 -0.00000 0.00000 0.00000 0.00000 0.00000 0.00000 0.00000 0.00000 0.00003 0.00008 0.00019 0.00035 0.00058 0.00089 0.00130 0.00181 0.00243 0.00317 0.00403 0.00502 0.00614 0.00739 0.00876 0.01024 0.01184 0.01353 0.01531 0.01717 0.01908 0.02104 0.02304 0.02505 0.02707 0.02910 0.03112 0.03312 0.03511 0.03708 0.03902 0.04094 0.04282 0.04468 0.04649 0.04826 0.04998 0.05165 0.05325 0.05479 0.05625 0.05764 0.05896 0.06019 0.06133 0.06238 0.06334 0.06420 0.06497 0.06564 0.06621 0.06668 0.06705 0.06732 0.06749 0.06755
0.00000 -0.00000 0.00000 0.00000 0.00000 0.00000 0.00000 0.00000 0.00000 0.00001 0.00004 0.00010 0.00021 0.00038 0.00061 0.00092 0.00131 0.00180 0.00238 0.00307 0.00386 0.00475 0.00575 0.00685 0.00803 0.00931 0.01066 0.01207 0.01353 0.01503 0.01656 0.01811 0.01967 0.02122 0.02277 0.02430 0.02582 0.02732 0.02880 0.03025 0.03168 0.03308 0.03444 0.03576 0.03704 0.03827 0.03944 0.04055 0.04159 0.04256 0.04347 0.04430 0.04505 0.04571 0.04629 0.04679 0.04720 0.04752 0.04775 0.04789 0.04795 0.04791 0.04779 0.04758 0.04728
0.00000 -0.00000 -0.00000 0.00000 0.00000 0.00000 0.00000 0.00000 0.00000 0.00000 0.00001 0.00004 0.00011 0.00023 0.00039 0.00062 0.00092 0.00129 0.00174 0.00228 0.00290 0.00360 0.00439 0.00525 0.00619 0.00719 0.00825 0.00935 0.01049 0.01165 0.01283 0.01401 0.01519 0.01637 0.01753 0.01869 0.01982 0.02094 0.02203 0.02311 0.02415 0.02517 0.02616 0.02710 0.02801 0.02886 0.02966 0.03039 0.03107 0.03168 0.03223 0.03271 0.03312 0.03344 0.03370 0.03388 0.03399 0.03402 0.03397 0.03384 0.03364 0.03338 0.03303 0.03261 0.03212
0.00000 -0.00000 -0.00000 0.00000 0.00000 0.00000 0.00000 0.00000 0.00000 0.00000 0.00000 0.00001 0.00005 0.00012 0.00023 0.00039 0.00061 0.00089 0.00123 0.00164 0.00212 0.00266 0.00327 0.00395 0.00467 0.00545 0.00626 0.00711 0.00798 0.00886 0.00974 0.01063 0.01151 0.01239 0.01325 0.01410 0.01494 0.01576 0.01656 0.01734 0.01809 0.01882 0.01952 0.02018 0.02080 0.02137 0.02189 0.02235 0.02275 0.02310 0.02340 0.02364 0.02381 0.02391 0.02394 0.02392 0.02384 0.02370 0.02348 0.02321 0.02287 0.02249 0.02205 0.02154 0.02098
0.00000 0.00000 -0.00000 -0.00000 0.00000 0.00000 0.00000 0.00000 0.00000 0.00000 0.00000 0.00000 0.00002 0.00006 0.00012 0.00023 0.00038 0.00058 0.00083 0.00114 0.00150 0.00191 0.00237 0.00288 0.00344 0.00402 0.00464 0.00527 0.00592 0.00658 0.00723 0.00788 0.00853 0.00917 0.00980 0.01041 0.01102 0.01161 0.01219 0.01274 0.01328 0.01378 0.01427 0.01471 0.01512 0.01548 0.01579 0.01605 0.01626 0.01643 0.01656 0.01663 0.01664 0.01659 0.01650 0.01636 0.01618 0.01594 0.01564 0.01530 0.01492 0.01452 0.01406 0.01355 0.01301
0.00000 0.00000 -0.00000 -0.00000 0.00000 0.00000 0.00000 0.00000 0.00000 0.00000 0.00000 0.00000 0.00000 0.00002 0.00006 0.00012 0.00022 0.00036 0.00053 0.00075 0.00101 0.00132 0.00166 0.00204 0.00245 0.00288 0.00333 0.00380 0.00427 0.00474 0.00522 0.00569 0.00615 0.00660 0.00705 0.00749 0.00792 0.00834 0.00875 0.00913 0.00950 0.00985 0.01016 0.01045 0.01071 0.01091 0.01107 0.01119 0.01127 0.01132 0.01134 0.01131 0.01122 0.01109 0.01092 0.01073 0.01051 0.01024 0.00992 0.00957 0.00921 0.00884 0.00842 0.00796 0.00749
0.00000 -0.00000 -0.00000 -0.00000 -0.00000 0.00000 0.00000 0.00000 0.00000 0.00000 0.00000 0.00000 0.00000 0.00000 0.00002 0.00005 0.00011 0.00020 0.00032 0.00047 0.00065 0.00087 0.00111 0.00138 0.00168 0.00199 0.00231 0.00264 0.00297 0.00330 0.00363 0.00396 0.00429 0.00460 0.00492 0.00523 0.00552 0.00581 0.00609 0.00635 0.00659 0.00682 0.00702 0.00719 0.00733 0.00743 0.00749 0.00751 0.00751 0.00749 0.00744 0.00735 0.00721 0.00704 0.00685 0.00666 0.00644 0.00617 0.00587 0.00556 0.00526 0.00495 0.00461 0.00423 0.00387
0.00000 -0.00000 0.00000 -0.00000 -0.00000 0.00000 0.00000 0.00000 0.00000 0.00000 0.00000 0.00000 0.00000 0.00000 0.00000 0.00002 0.00005 0.00010 0.00017 0.00027 0.00039 0.00053 0.00070 0.00089 0.00109 0.00130 0.00152 0.00175 0.00197 0.00220 0.00242 0.00265 0.00287 0.00308 0.00330 0.00351 0.00371 0.00390 0.00408 0.00425 0.00440 0.00454 0.00466 0.00475 0.00481 0.00484 0.00482 0.00479 0.00474 0.00469 0.00462 0.00450 0.00434 0.00416 0.00399 0.00382 0.00363 0.00340 0.00314 0.00290 0.00268 0.00245 0.00219 0.00190 0.00166
0.00000 -0.00000 -0.00000 -0.00000 -0.00000 -0.00000 0.00000 0.00000 0.00000 0.00000 0.00000 0.00000 0.00000 0.00000 0.00000 0.00000 0.00001 0.00004 0.00007 0.00013 0.00021 0.00030 0.00041 0.00053 0.00066 0.00080 0.00094 0.00109 0.00123 0.00138 0.00153 0.00167 0.00182 0.00196 0.00210 0.00224 0.00237 0.00250 0.00261 0.00271 0.00280 0.00287 0.00293 0.00297 0.00298 0.00296 0.00291 0.00284 0.00278 0.00272 0.00264 0.00253 0.00237 0.00221 0.00208 0.00195 0.00181 0.00162 0.00142 0.00125 0.00112 0.00099 0.00081 0.00062 0.00048
