tests/data/gray99/saval2D/outputs/resuqv4.asc
north:     17.44
south:      0.00
east:      60.51
west:       0.00
rows:   68
cols:  236
[rows 28 to 55 of 68, columns 0 to 62 of 236]
0.00000 0.00000 0.00000 0.00000 0.00003 0.00028 0.00106 0.00285 0.00659 0.01371 0.02557 0.04257 0.06378 0.08730 0.11107 0.13348 0.15358 0.17095 0.18559 0.19775 0.20781 0.21619 0.22324 0.22926 0.23443 0.23883 0.24252 0.24551 0.24780 0.24941 0.25034 0.25064 0.25032 0.24944 0.24803 0.24613 0.24378 0.24105 0.23796 0.23459 0.23100 0.22723 0.22336 0.21945 0.21555 0.21172 0.20802 0.20450 0.20119 0.19815 0.19540 0.19300 0.19097 0.18935 0.18819 0.18752 0.18737 0.18779 0.18881 0.19047 0.19281 0.19585 0.19964
0.00000 0.00000 0.00000 0.00000 0.00005 0.00033 0.00108 0.00268 0.00584 0.01157 0.02075 0.03362 0.04947 0.06690 0.08441 0.10078 0.11527 0.12755 0.13761 0.14566 0.15202 0.15705 0.16107 0.16432 0.16698 0.16913 0.17079 0.17196 0.17263 0.17279 0.17245 0.17163 0.17035 0.16864 0.16656 0.16414 0.16141 0.15843 0.15523 0.15185 0.14835 0.14477 0.14115 0.13755 0.13401 0.13057 0.12727 0.12414 0.12122 0.11855 0.11616 0.11406 0.11230 0.11090 0.10988 0.10927 0.10911 0.10940 0.11019 0.11150 0.11335 0.11577 0.11877
0.00000 0.00000 0.00000 0.00000 0.00006 0.00032 0.00095 0.00219 0.00449 0.00842 0.01445 0.02264 0.03257 0.04341 0.05425 0.06431 0.07309 0.08033 0.08599 0.09020 0.09317 0.09516 0.09643 0.09717 0.09750 0.09750 0.09719 0.09656 0.09559 0.09428 0.09262 0.09064 0.08835 0.08580 0.08301 0.08002 0.07688 0.07361 0.07026 0.06685 0.06342 0.06000 0.05663 0.05334 0.05017 0.04713 0.04425 0.04157 0.03909 0.03685 0.03486 0.03316 0.03175 0.03065 0.02987 0.02944 0.02936 0.02966 0.03035 0.03144 0.03295 0.03489 0.03727
0.00000 0.00000 0.00000 0.00000 0.00006 0.00025 0.00067 0.00142 0.00264 0.00450 0.00704 0.01024 0.01393 0.01787 0.02176 0.02529 0.02823 0.03041 0.03174 0.03226 0.03204 0.03123 0.02996 0.02836 0.02651 0.02446 0.02222 0.01979 0.01715 0.01432 0.01130 0.00811 0.00477 0.00132 -0.00220 -0.00578 -0.00937 -0.01295 -0.01649 -0.01997 -0.02335 -0.02662 -0.02974 -0.03271 -0.03552 -0.03816 -0.04060 -0.04284 -0.04485 -0.04662 -0.04815 -0.04942 -0.05043 -0.05117 -0.05164 -0.05184 -0.05176 -0.05138 -0.05071 -0.04974 -0.04847 -0.04690 -0.04505
0.00000 0.00000 0.00000 0.00000 0.00003 0.00013 0.00028 0.00044 0.00044 0.00003 -0.00110 -0.00307 -0.00574 -0.00882 -0.01197 -0.01505 -0.01801 -0.02092 -0.02388 -0.02698 -0.03029 -0.03381 -0.03751 -0.04137 -0.04534 -0.04941 -0.05356 -0.05778 -0.06208 -0.06645 -0.07087 -0.07532 -0.07976 -0.08415 -0.08845 -0.09262 -0.09666 -0.10055 -0.10428 -0.10783 -0.11117 -0.11431 -0.11722 -0.11989 -0.12231 -0.12451 -0.12649 -0.12825 -0.12979 -0.13111 -0.13219 -0.13302 -0.13360 -0.13393 -0.13405 -0.13396 -0.13367 -0.13319 -0.13252 -0.13165 -0.13059 -0.12934 -0.12791
0.00000 -0.00000 -0.00000 -0.00000 -0.00001 -0.00004 -0.00018 -0.00065 -0.00194 -0.00474 -0.00967 -0.01689 -0.02592 -0.03590 -0.04596 -0.05551 -0.06428 -0.07225 -0.07954 -0.08631 -0.09273 -0.09894 -0.10505 -0.11112 -0.11719 -0.12328 -0.12938 -0.13547 -0.14149 -0.14743 -0.15325 -0.15893 -0.16442 -0.16972 -0.17479 -0.17963 -0.18417 -0.18840 -0.19230 -0.19587 -0.19911 -0.20204 -0.20468 -0.20705 -0.20915 -0.21099 -0.21254 -0.21382 -0.21484 -0.21562 -0.21618 -0.21654 -0.21673 -0.21674 -0.21657 -0.21622 -0.21570 -0.21506 -0.21430 -0.21346 -0.21258 -0.21169 -0.21078
0.00000 -0.00000 -0.00000 -0.00000 -0.00005 -0.00021 -0.00064 -0.00176 -0.00436 -0.00956 -0.01830 -0.03072 -0.04597 -0.06263 -0.07934 -0.09512 -0.10952 -0.12242 -0.13396 -0.14439 -0.15398 -0.16299 -0.17164 -0.18005 -0.18833 -0.19650 -0.20454 -0.21245 -0.22017 -0.22767 -0.23491 -0.24185 -0.24844 -0.25467 -0.26049 -0.26587 -0.27081 -0.27530 -0.27933 -0.28292 -0.28609 -0.28886 -0.29125 -0.29328 -0.29497 -0.29635 -0.29743 -0.29824 -0.29880 -0.29913 -0.29926 -0.29920 -0.29897 -0.29859 -0.29808 -0.29746 -0.29677 -0.29604 -0.29531 -0.29460 -0.29395 -0.29337 -0.29290
0.00000 0.00000 -0.00000 -0.00000 -0.00008 -0.00035 -0.00105 -0.00276 -0.00662 -0.01416 -0.02661 -0.04404 -0.06522 -0.08821 -0.11118 -0.13287 -0.15264 -0.17033 -0.18610 -0.20024 -0.21312 -0.22508 -0.23640 -0.24728 -0.25785 -0.26816 -0.27822 -0.28798 -0.29742 -0.30647 -0.31510 -0.32324 -0.33087 -0.33795 -0.34444 -0.35034 -0.35563 -0.36033 -0.36445 -0.36801 -0.37104 -0.37358 -0.37567 -0.37735 -0.37864 -0.37960 -0.38024 -0.38060 -0.38072 -0.38061 -0.38032 -0.37985 -0.37926 -0.37856 -0.37779 -0.37698 -0.37617 -0.37541 -0.37473 -0.37417 -0.37379 -0.37361 -0.37367
0.00000 -0.00000 -0.00000 -0.00000 -0.00009 -0.00043 -0.00134 -0.00355 -0.00852 -0.01817 -0.03403 -0.05610 -0.08280 -0.11169 -0.14054 -0.16783 -0.19277 -0.21515 -0.23515 -0.25309 -0.26939 -0.28445 -0.29862 -0.31213 -0.32512 -0.33766 -0.34975 -0.36139 -0.37252 -0.38308 -0.39303 -0.40232 -0.41090 -0.41875 -0.42583 -0.43215 -0.43771 -0.44254 -0.44667 -0.45013 -0.45297 -0.45526 -0.45703 -0.45834 -0.45924 -0.45978 -0.46001 -0.45996 -0.45967 -0.45918 -0.45853 -0.45774 -0.45685 -0.45591 -0.45496 -0.45404 -0.45320 -0.45249 -0.45196 -0.45166 -0.45164 -0.45196 -0.45266
0.00000 -0.00000 -0.00000 -0.00000 -0.00008 -0.00045 -0.00149 -0.00404 -0.00983 -0.02117 -0.03989 -0.06603 -0.09770 -0.13204 -0.16645 -0.19912 -0.22912 -0.25620 -0.28050 -0.30237 -0.32227 -0.34064 -0.35783 -0.37410 -0.38962 -0.40445 -0.41863 -0.43212 -0.44490 -0.45691 -0.46811 -0.47844 -0.48788 -0.49638 -0.50394 -0.51058 -0.51631 -0.52117 -0.52523 -0.52853 -0.53115 -0.53314 -0.53459 -0.53555 -0.53608 -0.53626 -0.53612 -0.53572 -0.53510 -0.53431 -0.53338 -0.53236 -0.53129 -0.53022 -0.52920 -0.52829 -0.52753 -0.52700 -0.52674 -0.52683 -0.52732 -0.52827 -0.52972
0.00000 -0.00000 -0.00000 -0.00000 -0.00006 -0.00042 -0.00149 -0.00418 -0.01038 -0.02278 -0.04357 -0.07297 -0.10893 -0.14826 -0.18794 -0.22588 -0.26097 -0.29285 -0.32161 -0.34763 -0.37135 -0.39323 -0.41362 -0.43281 -0.45095 -0.46814 -0.48440 -0.49974 -0.51413 -0.52752 -0.53988 -0.55115 -0.56132 -0.57036 -0.57829 -0.58512 -0.59093 -0.59575 -0.59967 -0.60277 -0.60514 -0.60685 -0.60800 -0.60865 -0.60888 -0.60876 -0.60835 -0.60770 -0.60686 -0.60587 -0.60480 -0.60368 -0.60257 -0.60151 -0.60057 -0.59981 -0.59930 -0.59911 -0.59930 -0.59994 -0.60110 -0.60285 -0.60522
0.00000 0.00000 -0.00000 -0.00000 -0.00004 -0.00035 -0.00136 -0.00396 -0.01010 -0.02276 -0.04461 -0.07625 -0.11567 -0.15943 -0.20412 -0.24729 -0.28757 -0.32444 -0.35792 -0.38835 -0.41616 -0.44177 -0.46557 -0.48782 -0.50869 -0.52830 -0.54670 -0.56389 -0.57987 -0.59459 -0.60803 -0.62015 -0.63095 -0.64043 -0.64862 -0.65558 -0.66139 -0.66613 -0.66990 -0.67282 -0.67496 -0.67645 -0.67737 -0.67782 -0.67786 -0.67756 -0.67701 -0.67625 -0.67534 -0.67433 -0.67328 -0.67223 -0.67124 -0.67038 -0.66971 -0.66931 -0.66924 -0.66958 -0.67042 -0.67182 -0.67386 -0.67658 -0.68005
0.00000 0.00000 -0.00000 -0.00000 -0.00002 -0.00027 -0.00115 -0.00352 -0.00918 -0.02123 -0.04289 -0.07547 -0.11732 -0.16483 -0.21420 -0.26253 -0.30812 -0.35022 -0.38871 -0.42385 -0.45603 -0.48565 -0.51307 -0.53856 -0.56233 -0.58450 -0.60512 -0.62423 -0.64183 -0.65788 -0.67238 -0.68532 -0.69670 -0.70657 -0.71500 -0.72207 -0.72790 -0.73260 -0.73629 -0.73909 -0.74114 -0.74254 -0.74339 -0.74379 -0.74381 -0.74354 -0.74304 -0.74237 -0.74160 -0.74077 -0.73994 -0.73918 -0.73854 -0.73810 -0.73793 -0.73811 -0.73872 -0.73984 -0.74155 -0.74393 -0.74705 -0.75095 -0.75565
0.00000 -0.00000 -0.00000 -0.00000 -0.00000 -0.00019 -0.00092 -0.00294 -0.00785 -0.01863 -0.03890 -0.07085 -0.11369 -0.16398 -0.21751 -0.27084 -0.32180 -0.36932 -0.41310 -0.45325 -0.49009 -0.52399 -0.55530 -0.58430 -0.61121 -0.63614 -0.65918 -0.68037 -0.69970 -0.71718 -0.73281 -0.74661 -0.75864 -0.76897 -0.77772 -0.78502 -0.79100 -0.79582 -0.79962 -0.80254 -0.80472 -0.80627 -0.80730 -0.80791 -0.80819 -0.80820 -0.80801 -0.80770 -0.80732 -0.80693 -0.80659 -0.80637 -0.80634 -0.80658 -0.80717 -0.80819 -0.80973 -0.81187 -0.81469 -0.81827 -0.82263 -0.82782 -0.83383
0.00000 -0.00000 -0.00000 -0.00000 -0.00000 -0.00011 -0.00066 -0.00228 -0.00629 -0.01537 -0.03329 -0.06314 -0.10524 -0.15683 -0.21362 -0.27155 -0.32779 -0.38082 -0.43007 -0.47548 -0.51726 -0.55575 -0.59127 -0.62411 -0.65447 -0.68249 -0.70824 -0.73176 -0.75308 -0.77219 -0.78915 -0.80401 -0.81689 -0.82792 -0.83726 -0.84506 -0.85152 -0.85680 -0.86107 -0.86447 -0.86716 -0.86923 -0.87082 -0.87201 -0.87288 -0.87352 -0.87399 -0.87435 -0.87467 -0.87502 -0.87547 -0.87608 -0.87695 -0.87815 -0.87976 -0.88189 -0.88460 -0.88798 -0.89209 -0.89697 -0.90264 -0.90908 -0.91623
0.00000 -0.00000 -0.00000 -0.00000 -0.00000 -0.00004 -0.00041 -0.00162 -0.00471 -0.01190 -0.02685 -0.05332 -0.09295 -0.14406 -0.20265 -0.26425 -0.32537 -0.38383 -0.43862 -0.48944 -0.53641 -0.57979 -0.61987 -0.65692 -0.69114 -0.72263 -0.75147 -0.77769 -0.80132 -0.82241 -0.84104 -0.85735 -0.87148 -0.88365 -0.89403 -0.90285 -0.91031 -0.91658 -0.92186 -0.92629 -0.93000 -0.93312 -0.93576 -0.93799 -0.93991 -0.94159 -0.94310 -0.94450 -0.94588 -0.94730 -0.94884 -0.95059 -0.95263 -0.95505 -0.95793 -0.96136 -0.96540 -0.97011 -0.97553 -0.98164 -0.98841 -0.99576 -1.00353
0.00000 -0.00000 -0.00000 -0.00000 -0.00000 -0.00001 -0.00021 -0.00103 -0.00327 -0.00863 -0.02031 -0.04244 -0.07794 -0.12662 -0.18522 -0.24912 -0.31419 -0.37761 -0.43781 -0.49415 -0.54649 -0.59503 -0.64001 -0.68165 -0.72011 -0.75549 -0.78783 -0.81716 -0.84354 -0.86706 -0.88787 -0.90615 -0.92213 -0.93606 -0.94817 -0.95870 -0.96786 -0.97586 -0.98285 -0.98897 -0.99437 -0.99916 -1.00341 -1.00724 -1.01070 -1.01388 -1.01684 -1.01968 -1.02246 -1.02527 -1.02820 -1.03134 -1.03477 -1.03857 -1.04283 -1.04761 -1.05294 -1.05883 -1.06527 -1.07219 -1.07946 -1.08690 -1.09429
0.00000 -0.00000 -0.00000 -0.00000 -0.00000 -0.00000 -0.00007 -0.00055 -0.00206 -0.00581 -0.01434 -0.03162 -0.06157 -0.10575 -0.16221 -0.22662 -0.29437 -0.36190 -0.42705 -0.48874 -0.54655 -0.60047 -0.65061 -0.69715 -0.74020 -0.77982 -0.81604 -0.84890 -0.87850 -0.90499 -0.92856 -0.94949 -0.96804 -0.98451 -0.99915 -1.01222 -1.02391 -1.03442 -1.04390 -1.05248 -1.06027 -1.06736 -1.07384 -1.07979 -1.08529 -1.09041 -1.09523 -1.09984 -1.10432 -1.10877 -1.11327 -1.11792 -1.12281 -1.12798 -1.13351 -1.13940 -1.14564 -1.15220 -1.15897 -1.16578 -1.17244 -1.17865 -1.18410
0.00000 -0.00000 -0.00000 -0.00000 -0.00000 -0.00000 -0.00001 -0.00022 -0.00113 -0.00360 -0.00940 -0.02189 -0.04539 -0.08308 -0.13491 -0.19754 -0.26622 -0.33670 -0.40607 -0.47270 -0.53581 -0.59513 -0.65060 -0.70225 -0.75012 -0.79425 -0.83466 -0.87144 -0.90471 -0.93469 -0.96165 -0.98591 -1.00779 -1.02758 -1.04556 -1.06197 -1.07699 -1.09079 -1.10349 -1.11520 -1.12600 -1.13598 -1.14521 -1.15375 -1.16167 -1.16907 -1.17603 -1.18262 -1.18897 -1.19514 -1.20124 -1.20733 -1.21348 -1.21972 -1.22605 -1.23245 -1.23883 -1.24507 -1.25097 -1.25628 -1.26073 -1.26392 -1.26547
0.00000 -0.00000 -0.00000 -0.00000 -0.00000 -0.00000 -0.00000 -0.00004 -0.00050 -0.00199 -0.00568 -0.01400 -0.03093 -0.06066 -0.10528 -0.16328 -0.23049 -0.30220 -0.37470 -0.44560 -0.51362 -0.57812 -0.63883 -0.69563 -0.74846 -0.79727 -0.84211 -0.88309 -0.92041 -0.95435 -0.98523 -1.01342 -1.03925 -1.06303 -1.08502 -1.10541 -1.12438 -1.14205 -1.15851 -1.17385 -1.18811 -1.20136 -1.21366 -1.22507 -1.23566 -1.24550 -1.25469 -1.26331 -1.27146 -1.27922 -1.28666 -1.29382 -1.30072 -1.30737 -1.31368 -1.31956 -1.32486 -1.32936 -1.33279 -1.33485 -1.33516 -1.33333 -1.32890
0.00000 -0.00000 0.00000 -0.00000 -0.00000 -0.00000 -0.00000 -0.00000 -0.00014 -0.00092 -0.00310 -0.00824 -0.01933 -0.04066 -0.07598 -0.12619 -0.18874 -0.25914 -0.33299 -0.40702 -0.47923 -0.54847 -0.61416 -0.67595 -0.73366 -0.78721 -0.83663 -0.88203 -0.92367 -0.96188 -0.99706 -1.02958 -1.05978 -1.08796 -1.11434 -1.13909 -1.16234 -1.18419 -1.20468 -1.22385 -1.24176 -1.25843 -1.27389 -1.28821 -1.30145 -1.31367 -1.32495 -1.33538 -1.34503 -1.35395 -1.36217 -1.36971 -1.37652 -1.38254 -1.38763 -1.39163 -1.39431 -1.39539 -1.39456 -1.39147 -1.38572 -1.37692 -1.36465
0.00000 -0.00000 -0.00000 0.00000 0.00000 -0.00000 -0.00000 -0.00000 -0.00000 -0.00030 -0.00146 -0.00440 -0.01104 -0.02480 -0.04999 -0.08968 -0.14384 -0.20936 -0.28176 -0.35698 -0.43210 -0.50525 -0.57536 -0.64179 -0.70418 -0.76237 -0.81634 -0.86625 -0.91235 -0.95501 -0.99464 -1.03164 -1.06634 -1.09902 -1.12988 -1.15904 -1.18660 -1.21260 -1.23708 -1.26004 -1.28150 -1.30146 -1.31993 -1.33696 -1.35258 -1.36686 -1.37985 -1.39159 -1.40214 -1.41150 -1.41966 -1.42657 -1.43214 -1.43623 -1.43867 -1.43921 -1.43762 -1.43357 -1.42675 -1.41679 -1.40334 -1.38603 -1.36454
0.00000 -0.00000 -0.00000 -0.00000 -0.00000 -0.00000 -0.00000 0.00000 -0.00000 -0.00003 -0.00051 -0.00206 -0.00574 -0.01375 -0.02969 -0.05766 -0.10011 -0.15643 -0.22334 -0.29659 -0.37237 -0.44793 -0.52147 -0.59188 -0.65851 -0.72103 -0.77936 -0.83362 -0.88409 -0.93114 -0.97518 -1.01657 -1.05565 -1.09265 -1.12777 -1.16110 -1.19270 -1.22260 -1.25078 -1.27720 -1.30187 -1.32474 -1.34582 -1.36511 -1.38263 -1.39839 -1.41243 -1.42475 -1.43534 -1.44416 -1.45116 -1.45622 -1.45921 -1.45996 -1.45825 -1.45383 -1.44642 -1.43574 -1.42148 -1.40333 -1.38100 -1.35423 -1.32277
0.00000 -0.00000 -0.00000 -0.00000 -0.00000 -0.00000 -0.00000 -0.00000 -0.00000 -0.00000 -0.00008 -0.00075 -0.00264 -0.00693 -0.01593 -0.03322 -0.06252 -0.10584 -0.16237 -0.22901 -0.30178 -0.37710 -0.45224 -0.52538 -0.59537 -0.66161 -0.72383 -0.78207 -0.83654 -0.88761 -0.93568 -0.98110 -1.02416 -1.06511 -1.10406 -1.14110 -1.17627 -1.20956 -1.24092 -1.27030 -1.29763 -1.32286 -1.34594 -1.36682 -1.38550 -1.40196 -1.41617 -1.42809 -1.43766 -1.44481 -1.44941 -1.45134 -1.45043 -1.44647 -1.43926 -1.42856 -1.41414 -1.39571 -1.37307 -1.34598 -1.31424 -1.27766 -1.23614
0.00000 -0.00000 -0.00000 -0.00000 -0.00000 -0.00000 -0.00000 -0.00000 -0.00000 -0.00000 0.00000 -0.00015 -0.00097 -0.00312 -0.00777 -0.01721 -0.03473 -0.06365 -0.10577 -0.16041 -0.22489 -0.29560 -0.36909 -0.44263 -0.51434 -0.58309 -0.64827 -0.70970 -0.76748 -0.82190 -0.87330 -0.92204 -0.96839 -1.01256 -1.05468 -1.09479 -1.13290 -1.16894 -1.20283 -1.23448 -1.26376 -1.29058 -1.31485 -1.33650 -1.35545 -1.37165 -1.38502 -1.39545 -1.40286 -1.40713 -1.40814 -1.40574 -1.39975 -1.38998 -1.37626 -1.35840 -1.33619 -1.30946 -1.27807 -1.24188 -1.20079 -1.15475 -1.10379
0.00000 -0.00000 0.00000 -0.00000 0.00000 0.00000 -0.00000 -0.00000 -0.00000 -0.00000 -0.00000 -0.00000 -0.00022 -0.00114 -0.00340 -0.00812 -0.01730 -0.03384 -0.06064 -0.09941 -0.14992 -0.21005 -0.27666 -0.34648 -0.41683 -0.48579 -0.55217 -0.61536 -0.67522 -0.73185 -0.78555 -0.83658 -0.88523 -0.93165 -0.97598 -1.01823 -1.05835 -1.09628 -1.13185 -1.16493 -1.19533 -1.22289 -1.24746 -1.26892 -1.28715 -1.30206 -1.31352 -1.32141 -1.32557 -1.32591 -1.32233 -1.31466 -1.30275 -1.28645 -1.26564 -1.24023 -1.21007 -1.17503 -1.13515 -1.09039 -1.04071 -0.98621 -0.92714
0.00000 -0.00000 -0.00000 0.00000 -0.00000 -0.00000 -0.00000 -0.00000 -0.00000 -0.00000 0.00000 -0.00000 -0.00000 -0.00026 -0.00121 -0.00343 -0.00786 -0.01614 -0.03060 -0.05370 -0.08716 -0.13122 -0.18447 -0.24439 -0.30812 -0.37309 -0.43738 -0.49972 -0.55950 -0.61652 -0.67086 -0.72272 -0.77227 -0.81967 -0.86498 -0.90819 -0.94923 -0.98793 -1.02411 -1.05754 -1.08799 -1.11523 -1.13906 -1.15930 -1.17582 -1.18847 -1.19711 -1.20154 -1.20160 -1.19723 -1.18840 -1.17499 -1.15679 -1.13373 -1.10585 -1.07313 -1.03543 -0.99274 -0.94527 -0.89320 -0.83646 -0.77533 -0.71046
0.00000 -0.00000 -0.00000 -0.00000 -0.00000 -0.00000 0.00000 -0.00000 -0.00000 0.00000 -0.00000 -0.00000 -0.00000 -0.00000 -0.00026 -0.00117 -0.00318 -0.00703 -0.01388 -0.02548 -0.04379 -0.07043 -0.10596 -0.14972 -0.19998 -0.25449 -0.31103 -0.36782 -0.42363 -0.47782 -0.53011 -0.58048 -0.62893 -0.67552 -0.72019 -0.76288 -0.80341 -0.84155 -0.87705 -0.90961 -0.93891 -0.96467 -0.98661 -1.00454 -1.01831 -1.02779 -1.03277 -1.03301 -1.02835 -1.01884 -1.00455 -0.98538 -0.96108 -0.93159 -0.89723 -0.85816 -0.81413 -0.76510 -0.71176 -0.65457 -0.59316 -0.52786 -0.46023
