tests/data/gray99/saval2D/outputs/resuqv3.asc
north:     17.44
south:      0.00
east:      60.51
west:       0.00
rows:   68
cols:  236
[rows 0 to 27 of 68, columns 0 to 62 of 236]
0.00000 0.00000 0.00000 0.00000 0.00000 0.00000 0.00000 0.00000 0.00000 0.00000 0.00000 0.00000 0.00000 0.00000 0.00000 0.00000 0.00000 0.00000 0.00000 0.00000 0.00000 0.00000 0.00000 0.00000 0.00000 0.00000 0.00000 0.00000 0.00000 0.00000 0.00000 0.00000 0.00000 0.00000 0.00000 0.00000 0.00000 0.00000 0.00000 0.00000 0.00000 0.00000 0.00000 0.00000 0.00000 0.00000 0.00000 0.00000 0.00000 0.00000 0.00000 0.00000 0.00000 0.00000 0.00000 0.00000 0.00000 0.00000 0.00000 0.00000 0.00000 0.00000 0.00000
0.00000 0.00000 0.00000 0.00000 0.00000 0.00000 0.00000 0.00000 0.00000 0.00000 0.00000 0.00000 0.00000 0.00000 0.00000 0.00000 0.00000 0.00000 0.00000 0.00000 0.00000 0.00000 0.00000 0.00000 0.00000 0.00000 0.00000 0.00000 0.00000 0.00000 0.00000 0.00000 0.00000 0.00000 0.00000 0.00000 0.00000 0.00000 0.00000 0.00000 0.00000 0.00000 0.00000 0.00000 0.00000 0.00000 0.00000 0.00000 0.00000 0.00000 0.00000 0.00000 0.00000 0.00000 0.00000 0.00000 0.00000 0.00000 0.00000 0.00000 0.00000 0.00000 0.00000
0.00000 0.00000 0.00000 0.00000 0.00000 0.00000 0.00000 0.00000 0.00000 0.00000 0.00000 0.00000 0.00000 0.00000 0.00000 0.00000 0.00000 0.00000 0.00000 0.00000 0.00000 0.00000 0.00000 0.00000 0.00000 0.00000 0.00000 0.00000 0.00000 0.00000 0.00000 0.00000 0.00000 0.00000 0.00000 0.00000 0.00000 0.00000 0.00000 0.00000 0.00000 0.00000 0.00000 0.00000 0.00000 0.00000 0.00000 0.00000 0.00000 0.00000 0.00000 0.00000 0.00000 0.00000 0.00000 0.00000 0.00000 0.00000 0.00000 0.00000 0.00000 0.00000 0.00000
0.00000 0.00000 0.00000 0.00000 0.00000 0.00000 0.00000 0.00000 0.00000 0.00000 0.00000 0.00000 0.00000 0.00000 0.00000 0.00000 0.00000 0.00000 0.00000 0.00000 0.00000 0.00000 0.00000 0.00000 0.00000 0.00000 0.00000 0.00000 0.00000 0.00000 0.00000 0.00000 0.00000 0.00000 0.00000 0.00000 0.00000 0.00000 0.00000 0.00000 0.00000 0.00000 0.00000 0.00000 0.00000 0.00000 0.00000 0.00000 0.00000 0.00000 0.00000 0.00000 0.00000 0.00000 0.00000 0.00000 0.00000 0.00000 0.00000 0.00000 0.00000 0.00000 0.00000
0.00000 0.00000 0.00000 0.00000 0.00000 0.00000 0.00000 0.00000 0.00000 0.00000 0.00000 0.00000 0.00000 0.00000 0.00000 0.00000 0.00000 0.00000 0.00000 0.00000 0.00000 0.00000 0.00000 0.00000 0.00000 0.00000 0.00000 0.00000 0.00000 0.00001 0.00001 0.00003 0.00005 0.00006 0.00006 0.00005 0.00003 0.00002 0.00001 0.00000 0.00000 0.00000 0.00000 0.00000 0.00000 0.00000 0.00000 0.00000 0.00000 0.00000 0.00000 0.00000 0.00000 0.00000 0.00000 0.00000 0.00000 0.00000 0.00000 0.00000 0.00000 0.00000 0.00000
0.00000 0.00000 0.00000 0.00000 0.00000 0.00000 0.00000 0.00000 0.00000 0.00000 0.00000 0.00000 0.00000 0.00000 0.00000 0.00000 0.00000 0.00000 0.00000 0.00000 0.00000 0.00000 0.00000 0.00000 0.00003 0.00018 0.00061 0.00134 0.00243 0.00391 0.00578 0.00797 0.01036 0.01270 0.01466 0.01587 0.01594 0.01466 0.01213 0.00882 0.00547 0.00280 0.00113 0.00035 0.00008 0.00001 0.00000 0.00000 0.00000 0.00000 0.00000 0.00000 0.00000 0.00000 0.00000 0.00000 0.00000 0.00000 0.00000 0.00000 0.00000 0.00000 0.00000
0.00000 0.00000 0.00000 0.00000 0.00000 0.00000 0.00000 0.00000 0.00000 0.00000 0.00000 0.00000 0.00000 0.00000 0.00000 0.00000 0.00000 0.00000 0.00000 0.00000 0.00000 0.00003 0.00028 0.00130 0.00371 0.00825 0.01536 0.02475 0.03555 0.04684 0.05795 0.06856 0.07850 0.08746 0.09510 0.10098 0.10459 0.10547 0.10331 0.09800 0.08959 0.07823 0.06431 0.04862 0.03272 0.01873 0.00859 0.00293 0.00068 0.00010 0.00001 0.00000 0.00000 0.00000 0.00000 0.00000 0.00000 0.00000 0.00000 0.00000 0.00000 0.00000 0.00000
0.00000 0.00000 0.00000 0.00000 0.00000 0.00000 0.00000 0.00000 0.00000 0.00000 0.00000 0.00000 0.00000 0.00000 0.00000 0.00000 0.00000 0.00000 0.00000 0.00004 0.00071 0.00301 0.00822 0.01789 0.03238 0.05039 0.06993 0.08882 0.10581 0.12054 0.13328 0.14446 0.15448 0.16367 0.17204 0.17939 0.18535 0.18947 0.19134 0.19055 0.18682 0.17995 0.16988 0.15670 0.14062 0.12185 0.10047 0.07684 0.05238 0.03006 0.01343 0.00418 0.00079 0.00008 0.00000 0.00000 0.00000 0.00000 0.00000 0.00000 0.00000 0.00000 0.00000
0.00000 0.00000 0.00000 0.00000 0.00000 0.00000 0.00000 0.00000 0.00000 0.00000 0.00000 0.00000 0.00000 0.00000 0.00000 0.00000 0.00000 0.00001 0.00043 0.00293 0.00995 0.02360 0.04260 0.06374 0.08425 0.10313 0.12002 0.13497 0.14802 0.15938 0.16942 0.17858 0.18725 0.19567 0.20390 0.21180 0.21912 0.22554 0.23064 0.23405 0.23539 0.23436 0.23073 0.22438 0.21527 0.20335 0.18859 0.17099 0.15064 0.12757 0.10178 0.07384 0.04608 0.02283 0.00800 0.00168 0.00017 0.00001 0.00000 0.00000 0.00000 0.00000 0.00000
0.00000 0.00000 0.00000 0.00000 0.00000 0.00000 0.00000 0.00000 0.00000 0.00000 0.00000 0.00000 0.00000 0.00000 0.00000 0.00000 0.00005 0.00139 0.00695 0.02030 0.04124 0.06457 0.08547 0.10270 0.11691 0.12908 0.13988 0.14953 0.15817 0.16604 0.17342 0.18061 0.18784 0.19524 0.20280 0.21043 0.21799 0.22526 0.23202 0.23799 0.24289 0.24643 0.24831 0.24828 0.24612 0.24162 0.23458 0.22482 0.21220 0.19659 0.17793 0.15628 0.13185 0.10484 0.07583 0.04704 0.02289 0.00770 0.00147 0.00012 0.00000 0.00000 0.00000
0.00000 0.00000 0.00000 0.00000 0.00000 0.00000 0.00000 0.00000 0.00000 0.00000 0.00000 0.00000 0.00000 0.00000 0.00000 0.00017 0.00273 0.01197 0.03069 0.05464 0.07751 0.09593 0.10959 0.11983 0.12790 0.13467 0.14053 0.14551 0.14984 0.15386 0.15789 0.16221 0.16698 0.17224 0.17794 0.18402 0.19036 0.19690 0.20354 0.21020 0.21673 0.22297 0.22868 0.23361 0.23748 0.23997 0.24075 0.23945 0.23566 0.22896 0.21899 0.20547 0.18835 0.16777 0.14416 0.11817 0.09045 0.06200 0.03545 0.01522 0.00420 0.00058 0.00003
0.00000 0.00000 0.00000 0.00000 0.00000 0.00000 0.00000 0.00000 0.00000 0.00000 0.00000 0.00000 0.00000 0.00000 0.00027 0.00403 0.01652 0.03830 0.06259 0.08356 0.09949 0.11052 0.11779 0.12269 0.12606 0.12834 0.12966 0.13005 0.12982 0.12945 0.12934 0.12979 0.13094 0.13283 0.13541 0.13864 0.14246 0.14685 0.15185 0.15750 0.16382 0.17077 0.17827 0.18616 0.19418 0.20204 0.20938 0.21574 0.22060 0.22338 0.22342 0.22011 0.21286 0.20131 0.18535 0.16533 0.14203 0.11658 0.09022 0.06393 0.03916 0.01890 0.00627
0.00000 0.00000 0.00000 0.00000 0.00000 0.00000 0.00000 0.00000 0.00000 0.00000 0.00000 0.00000 0.00000 0.00028 0.00460 0.01925 0.04319 0.06741 0.08644 0.09976 0.10852 0.11354 0.11579 0.11624 0.11541 0.11344 0.11034 0.10619 0.10135 0.09635 0.09166 0.08760 0.08438 0.08206 0.08065 0.08013 0.08048 0.08174 0.08400 0.08737 0.09200 0.09797 0.10534 0.11406 0.12401 0.13497 0.14665 0.15864 0.17042 0.18136 0.19074 0.19773 0.20150 0.20123 0.19621 0.18604 0.17069 0.15073 0.12739 0.10243 0.07769 0.05451 0.03377
0.00000 0.00000 0.00000 0.00000 0.00000 0.00000 0.00000 0.00000 0.00000 0.00000 0.00000 0.00000 0.00020 0.00438 0.02002 0.04574 0.07047 0.08830 0.09951 0.10589 0.10872 0.10868 0.10649 0.10282 0.09798 0.09195 0.08466 0.07619 0.06692 0.05738 0.04806 0.03934 0.03148 0.02462 0.01882 0.01413 0.01055 0.00816 0.00707 0.00742 0.00941 0.01320 0.01895 0.02673 0.03655 0.04833 0.06190 0.07696 0.09310 0.10977 0.12628 0.14181 0.15544 0.16614 0.17291 0.17481 0.17109 0.16140 0.14592 0.12559 0.10217 0.07811 0.05588
0.00000 0.00000 0.00000 0.00000 0.00000 0.00000 0.00000 0.00000 0.00000 0.00000 0.00000 0.00008 0.00353 0.01890 0.04612 0.07213 0.08997 0.09997 0.10439 0.10500 0.10278 0.09824 0.09195 0.08439 0.07576 0.06595 0.05481 0.04238 0.02901 0.01521 0.00149 -0.01171 -0.02408 -0.03541 -0.04556 -0.05444 -0.06200 -0.06816 -0.07279 -0.07576 -0.07685 -0.07588 -0.07264 -0.06697 -0.05877 -0.04799 -0.03467 -0.01895 -0.00109 0.01851 0.03932 0.06063 0.08157 0.10114 0.11822 0.13165 0.14029 0.14316 0.13958 0.12936 0.11303 0.09206 0.06890
0.00000 0.00000 0.00000 0.00000 0.00000 0.00000 0.00000 0.00000 0.00000 0.00000 0.00002 0.00231 0.01596 0.04376 0.07199 0.09129 0.10139 0.10469 0.10351 0.09927 0.09269 0.08414 0.07408 0.06289 0.05075 0.03749 0.02290 0.00696 -0.01005 -0.02767 -0.04537 -0.06268 -0.07922 -0.09470 -0.10892 -0.12176 -0.13311 -0.14288 -0.15097 -0.15723 -0.16148 -0.16352 -0.16315 -0.16017 -0.15441 -0.14575 -0.13412 -0.11953 -0.10209 -0.08201 -0.05965 -0.03551 -0.01029 0.01517 0.03981 0.06247 0.08188 0.09674 0.10589 0.10839 0.10371 0.09200 0.07432
0.00000 0.00000 0.00000 0.00000 0.00000 0.00000 0.00000 0.00000 0.00000 0.00000 0.00111 0.01165 0.03830 0.06882 0.09124 0.10309 0.10661 0.10446 0.09868 0.09040 0.08008 0.06798 0.05449 0.03999 0.02465 0.00834 -0.00922 -0.02814 -0.04826 -0.06916 -0.09033 -0.11125 -0.13150 -0.15072 -0.16866 -0.18512 -0.19998 -0.21312 -0.22444 -0.23381 -0.24107 -0.24605 -0.24855 -0.24838 -0.24535 -0.23929 -0.23008 -0.21765 -0.20198 -0.18314 -0.16132 -0.13680 -0.11006 -0.08173 -0.05264 -0.02382 0.00353 0.02808 0.04844 0.06329 0.07147 0.07220 0.06529
0.00000 0.00000 0.00000 0.00000 0.00000 0.00000 0.00000 0.00000 0.00000 0.00032 0.00697 0.03023 0.06184 0.08805 0.10355 0.10903 0.10724 0.10072 0.09122 0.07962 0.06616 0.05102 0.03452 0.01705 -0.00113 -0.02010 -0.04013 -0.06143 -0.08399 -0.10750 -0.13150 -0.15548 -0.17894 -0.20149 -0.22278 -0.24257 -0.26066 -0.27692 -0.29124 -0.30348 -0.31353 -0.32123 -0.32641 -0.32892 -0.32855 -0.32515 -0.31857 -0.30870 -0.29544 -0.27877 -0.25875 -0.23550 -0.20927 -0.18049 -0.14971 -0.11774 -0.08557 -0.05438 -0.02555 -0.00052 0.01927 0.03251 0.03818
0.00000 0.00000 0.00000 0.00000 0.00000 0.00000 0.00000 0.00000 0.00004 0.00312 0.02060 0.05142 0.08062 0.10065 0.11006 0.11038 0.10438 0.09444 0.08204 0.06781 0.05184 0.03421 0.01520 -0.00480 -0.02543 -0.04660 -0.06846 -0.09126 -0.11511 -0.13989 -0.16526 -0.19077 -0.21596 -0.24039 -0.26370 -0.28560 -0.30584 -0.32426 -0.34072 -0.35510 -0.36729 -0.37716 -0.38456 -0.38934 -0.39136 -0.39045 -0.38647 -0.37928 -0.36878 -0.35488 -0.33755 -0.31682 -0.29277 -0.26564 -0.23576 -0.20366 -0.17005 -0.13589 -0.10233 -0.07070 -0.04249 -0.01920 -0.00226
0.00000 0.00000 0.00000 0.00000 0.00000 0.00000 0.00000 0.00000 0.00092 0.01128 0.03834 0.06942 0.09327 0.10741 0.11177 0.10797 0.09872 0.08622 0.07172 0.05563 0.03794 0.01866 -0.00197 -0.02360 -0.04583 -0.06839 -0.09126 -0.11458 -0.13851 -0.16307 -0.18809 -0.21328 -0.23827 -0.26270 -0.28621 -0.30851 -0.32936 -0.34857 -0.36597 -0.38144 -0.39485 -0.40608 -0.41501 -0.42150 -0.42540 -0.42657 -0.42489 -0.42021 -0.41242 -0.40142 -0.38715 -0.36956 -0.34867 -0.32457 -0.29745 -0.26760 -0.23549 -0.20177 -0.16732 -0.13323 -0.10077 -0.07141 -0.04665
0.00000 0.00000 0.00000 0.00000 0.00000 0.00000 0.00000 0.00015 0.00439 0.02413 0.05482 0.08209 0.10014 0.10916 0.10936 0.10230 0.09064 0.07648 0.06081 0.04382 0.02540 0.00552 -0.01562 -0.03769 -0.06032 -0.08320 -0.10614 -0.12917 -0.15236 -0.17581 -0.19947 -0.22321 -0.24680 -0.26996 -0.29243 -0.31395 -0.33427 -0.35321 -0.37059 -0.38628 -0.40013 -0.41202 -0.42182 -0.42939 -0.43462 -0.43737 -0.43750 -0.43490 -0.42945 -0.42105 -0.40962 -0.39511 -0.37749 -0.35681 -0.33313 -0.30664 -0.27762 -0.24649 -0.21384 -0.18047 -0.14739 -0.11582 -0.08714
0.00000 0.00000 0.00000 0.00000 0.00000 0.00000 0.00001 0.00107 0.01156 0.03778 0.06729 0.08928 0.10199 0.10658 0.10326 0.09357 0.08018 0.06511 0.04915 0.03224 0.01413 -0.00529 -0.02585 -0.04725 -0.06919 -0.09138 -0.11358 -0.13572 -0.15780 -0.17986 -0.20194 -0.22397 -0.24584 -0.26736 -0.28834 -0.30857 -0.32784 -0.34597 -0.36280 -0.37818 -0.39196 -0.40400 -0.41418 -0.42236 -0.42844 -0.43227 -0.43374 -0.43273 -0.42914 -0.42286 -0.41382 -0.40196 -0.38726 -0.36972 -0.34938 -0.32634 -0.30079 -0.27299 -0.24335 -0.21240 -0.18090 -0.14978 -0.12017
0.00000 0.00000 0.00000 0.00000 0.00000 0.00000 0.00014 0.00355 0.02071 0.04912 0.07488 0.09160 0.09975 0.10067 0.09451 0.08283 0.06827 0.05280 0.03707 0.02089 0.00380 -0.01440 -0.03363 -0.05369 -0.07429 -0.09519 -0.11619 -0.13714 -0.15797 -0.17870 -0.19931 -0.21979 -0.24007 -0.26002 -0.27952 -0.29840 -0.31649 -0.33364 -0.34968 -0.36447 -0.37786 -0.38974 -0.39996 -0.40840 -0.41494 -0.41948 -0.42188 -0.42205 -0.41987 -0.41526 -0.40815 -0.39846 -0.38618 -0.37131 -0.35386 -0.33392 -0.31161 -0.28711 -0.26068 -0.23273 -0.20375 -0.17445 -0.14570
0.00000 0.00000 0.00000 0.00000 0.00000 0.00000 0.00061 0.00772 0.02921 0.05639 0.07745 0.08957 0.09411 0.09226 0.08413 0.07127 0.05618 0.04072 0.02548 0.01019 -0.00569 -0.02246 -0.04016 -0.05866 -0.07773 -0.09718 -0.11681 -0.13648 -0.15608 -0.17557 -0.19490 -0.21406 -0.23297 -0.25157 -0.26974 -0.28736 -0.30430 -0.32043 -0.33559 -0.34967 -0.36251 -0.37401 -0.38403 -0.39247 -0.39920 -0.40412 -0.40714 -0.40813 -0.40701 -0.40369 -0.39809 -0.39015 -0.37985 -0.36717 -0.35216 -0.33486 -0.31536 -0.29381 -0.27040 -0.24539 -0.21916 -0.19221 -0.16519
0.00000 0.00000 0.00000 0.00000 0.00000 0.00004 0.00156 0.01220 0.03489 0.05875 0.07523 0.08367 0.08556 0.08185 0.07264 0.05940 0.04441 0.02935 0.01472 0.00025 -0.01456 -0.03009 -0.04643 -0.06351 -0.08116 -0.09923 -0.11754 -0.13597 -0.15440 -0.17274 -0.19092 -0.20891 -0.22664 -0.24404 -0.26103 -0.27750 -0.29335 -0.30846 -0.32272 -0.33600 -0.34819 -0.35916 -0.36881 -0.37704 -0.38373 -0.38881 -0.39216 -0.39370 -0.39334 -0.39098 -0.38654 -0.37999 -0.37129 -0.36043 -0.34744 -0.33236 -0.31528 -0.29629 -0.27555 -0.25325 -0.22967 -0.20517 -0.18023
0.00000 0.00000 0.00000 0.00000 0.00000 0.00013 0.00288 0.01512 0.03598 0.05555 0.06815 0.07396 0.07415 0.06941 0.05987 0.04688 0.03247 0.01809 0.00417 -0.00954 -0.02350 -0.03803 -0.05327 -0.06918 -0.08562 -0.10247 -0.11959 -0.13687 -0.15417 -0.17143 -0.18854 -0.20544 -0.22207 -0.23837 -0.25424 -0.26963 -0.28442 -0.29853 -0.31185 -0.32428 -0.33571 -0.34604 -0.35518 -0.36303 -0.36951 -0.37453 -0.37800 -0.37984 -0.37997 -0.37829 -0.37474 -0.36928 -0.36186 -0.35250 -0.34120 -0.32800 -0.31298 -0.29623 -0.27785 -0.25801 -0.23689 -0.21478 -0.19204
0.00000 0.00000 0.00000 0.00000 0.00000 0.00036 0.00424 0.01592 0.03262 0.04728 0.05650 0.06042 0.05965 0.05457 0.04529 0.03302 0.01951 0.00602 -0.00710 -0.02007 -0.03327 -0.04698 -0.06132 -0.07625 -0.09166 -0.10745 -0.12350 -0.13970 -0.15594 -0.17212 -0.18818 -0.20402 -0.21957 -0.23478 -0.24957 -0.26386 -0.27759 -0.29066 -0.30300 -0.31451 -0.32511 -0.33471 -0.34321 -0.35055 -0.35665 -0.36144 -0.36483 -0.36676 -0.36716 -0.36593 -0.36303 -0.35840 -0.35202 -0.34388 -0.33400 -0.32242 -0.30920 -0.29441 -0.27815 -0.26054 -0.24174 -0.22193 -0.20140
0.00000 0.00000 0.00000 0.00000 0.00001 0.00077 0.00528 0.01493 0.02641 0.03588 0.04173 0.04389 0.04241 0.03733 0.02864 0.01736 0.00496 -0.00751 -0.01975 -0.03195 -0.04443 -0.05740 -0.07093 -0.08500 -0.09949 -0.11432 -0.12936 -0.14453 -0.15973 -0.17485 -0.18983 -0.20458 -0.21903 -0.23313 -0.24679 -0.25997 -0.27259 -0.28458 -0.29588 -0.30641 -0.31609 -0.32485 -0.33262 -0.33932 -0.34490 -0.34930 -0.35245 -0.35430 -0.35476 -0.35379 -0.35132 -0.34732 -0.34176 -0.33464 -0.32597 -0.31580 -0.30418 -0.29117 -0.27685 -0.26131 -0.24469 -0.22713 -0.20882
