tests/data/gray99/saval2D/outputs/resuh1.asc
north:     17.44
south:      0.00
east:      60.51
west:       0.00
rows:   68
cols:  236
[rows 29 to 57 of 68, columns 0 to 66 of 236]
0.00001 0.00001 0.00001 0.00001 0.00002 0.00051 0.00728 0.03906 0.11248 0.22019 0.34292 0.46859 0.59547 0.73164 1.09359 1.34897 1.58393 1.80941 2.02602 2.23352 2.43130 2.61847 2.79316 2.95411 3.10029 3.23059 3.34409 3.44004 3.51767 3.57629 3.61532 3.63427 3.63270 3.61026 3.56669 3.50186 3.41593 3.30917 3.18185 3.02737 2.84344 2.63180 2.38410 2.09833 1.83263 1.59337 1.37653 1.17679 0.98921 0.80963 0.63535 0.46659 0.30892 0.17434 0.07719 0.02365 0.00410 0.00029 0.00001 0.00001 0.00001 0.00001 0.00001 0.00001 0.00001 0.00001 0.00001
0.00001 0.00001 0.00001 0.00001 0.00004 0.00130 0.01310 0.05607 0.14001 0.25162 0.37316 0.49625 0.62139 0.75726 1.13230 1.39318 1.63114 1.85882 2.07762 2.28736 2.48741 2.67639 2.85268 3.01502 3.16233 3.29354 3.40772 3.50416 3.58211 3.64094 3.68013 3.69921 3.69778 3.67549 3.63207 3.56739 3.48151 3.37465 3.24713 3.09322 2.90908 2.69764 2.45184 2.15496 1.88129 1.63691 1.41675 1.21486 1.02599 0.84571 0.67085 0.50082 0.33996 0.19924 0.09341 0.03123 0.00621 0.00055 0.00002 0.00001 0.00001 0.00001 0.00001 0.00001 0.00001 0.00001 0.00001
0.00001 0.00001 0.00001 0.00001 0.00010 0.00257 0.01993 0.07236 0.16343 0.27700 0.39736 0.51856 0.64246 0.77820 1.16115 1.42612 1.66665 1.89622 2.11683 2.32841 2.53022 2.72064 2.89819 3.06161 3.20981 3.34171 3.45640 3.55317 3.63132 3.69029 3.72956 3.74871 3.74736 3.72517 3.68189 3.61732 3.53149 3.42457 3.29688 3.14342 2.95917 2.74777 2.50368 2.19789 1.91843 1.67056 1.44823 1.24498 1.05527 0.87444 0.69900 0.52781 0.36444 0.21914 0.10680 0.03790 0.00827 0.00084 0.00003 0.00001 0.00001 0.00001 0.00001 0.00001 0.00001 0.00001 0.00001
0.00001 0.00001 0.00001 0.00001 0.00020 0.00393 0.02585 0.08475 0.18006 0.29457 0.41411 0.53415 0.65733 0.79306 1.18068 1.44842 1.69086 1.92187 2.14383 2.35675 2.55982 2.75127 2.92971 3.09390 3.24272 3.37512 3.49021 3.58722 3.66552 3.72456 3.76386 3.78302 3.78169 3.75956 3.71636 3.65190 3.56612 3.45917 3.33133 3.17816 2.99379 2.78228 2.53942 2.22717 1.94384 1.69378 1.47015 1.26611 1.07588 0.89463 0.71868 0.54656 0.38142 0.23305 0.11636 0.04285 0.00991 0.00110 0.00005 0.00001 0.00001 0.00001 0.00001 0.00001 0.00001 0.00001 0.00001
0.00001 0.00001 0.00001 0.00001 0.00028 0.00483 0.02932 0.09148 0.18874 0.30363 0.42277 0.54231 0.66520 0.80103 1.19116 1.46045 1.70404 1.93592 2.15866 2.37238 2.57619 2.76825 2.94724 3.11190 3.26110 3.39382 3.50914 3.60633 3.68473 3.74382 3.78315 3.80233 3.80101 3.77890 3.73573 3.67131 3.58553 3.47851 3.35053 3.19748 3.01298 2.80125 2.55902 2.24284 1.95734 1.70613 1.48188 1.27747 1.08699 0.90552 0.72925 0.55660 0.39048 0.24048 0.12152 0.04558 0.01085 0.00127 0.00006 0.00001 0.00001 0.00001 0.00001 0.00001 0.00001 0.00001 0.00001
0.00001 0.00001 0.00001 0.00001 0.00028 0.00488 0.02947 0.09168 0.18896 0.30387 0.42309 0.54275 0.66579 0.80181 1.19272 1.46237 1.70633 1.93843 2.16136 2.37525 2.57923 2.77148 2.95065 3.11549 3.26486 3.39772 3.51316 3.61044 3.68892 3.74807 3.78744 3.80665 3.80535 3.78324 3.74005 3.67558 3.58974 3.48262 3.35450 3.20139 3.01669 2.80459 2.56242 2.24490 1.95877 1.70732 1.48300 1.27860 1.08816 0.90670 0.73041 0.55768 0.39142 0.24123 0.12203 0.04584 0.01094 0.00128 0.00006 0.00001 0.00001 0.00001 0.00001 0.00001 0.00001 0.00001 0.00001
0.00001 0.00001 0.00001 0.00001 0.00021 0.00402 0.02614 0.08520 0.18060 0.29526 0.41507 0.53553 0.65917 0.79547 1.18537 1.45418 1.69768 1.92936 2.15187 2.36530 2.56888 2.76085 2.93982 3.10452 3.25382 3.38666 3.50214 3.59948 3.67802 3.73720 3.77659 3.79580 3.79450 3.77236 3.72914 3.66461 3.57868 3.47145 3.34316 3.18981 3.00477 2.79212 2.54942 2.23323 1.94801 1.69720 1.47336 1.26934 1.07920 0.89801 0.72201 0.54971 0.38419 0.23527 0.11787 0.04364 0.01018 0.00115 0.00005 0.00001 0.00001 0.00001 0.00001 0.00001 0.00001 0.00001 0.00001
0.00001 0.00001 0.00001 0.00001 0.00011 0.00267 0.02030 0.07296 0.16417 0.27799 0.39882 0.52075 0.64546 0.78217 1.16876 1.43550 1.67778 1.90842 2.12991 2.34229 2.54489 2.73615 2.91456 3.07881 3.22782 3.36049 3.47590 3.57323 3.65178 3.71099 3.75040 3.76962 3.76830 3.74612 3.70283 3.63819 3.55213 3.44474 3.31627 3.16249 2.97698 2.76357 2.51983 2.20773 1.92506 1.67581 1.45303 1.24977 1.06023 0.87955 0.70411 0.53271 0.36885 0.22272 0.10925 0.03916 0.00869 0.00091 0.00004 0.00001 0.00001 0.00001 0.00001 0.00001 0.00001 0.00001 0.00001
0.00001 0.00001 0.00001 0.00001 0.00004 0.00138 0.01344 0.05669 0.14079 0.25271 0.37495 0.49915 0.62554 0.76282 1.14260 1.40588 1.64620 1.87522 2.09514 2.30594 2.50700 2.69714 2.87462 3.03813 3.18662 3.31894 3.43415 3.53138 3.60988 3.66908 3.70847 3.72767 3.72631 3.70408 3.66069 3.59592 3.50970 3.40216 3.27353 3.11912 2.93305 2.71863 2.47350 2.16825 1.88990 1.64329 1.42224 1.22020 1.03157 0.85167 0.67709 0.50706 0.34574 0.20401 0.09665 0.03286 0.00671 0.00061 0.00002 0.00001 0.00001 0.00001 0.00001 0.00001 0.00001 0.00001 0.00001
0.00001 0.00001 0.00001 0.00001 0.00002 0.00054 0.00747 0.03946 0.11308 0.22130 0.34512 0.47238 0.60104 0.73910 1.10626 1.36453 1.60232 1.82924 2.04714 2.25590 2.45491 2.64353 2.81975 2.98222 3.12994 3.26171 3.37656 3.47356 3.55192 3.61101 3.65033 3.66947 3.66804 3.64573 3.60222 3.53732 3.45096 3.34331 3.21457 3.05931 2.87265 2.65693 2.41027 2.11461 1.84260 1.59995 1.38149 1.18123 0.99386 0.81493 0.64142 0.47321 0.31545 0.17987 0.08092 0.02542 0.00458 0.00035 0.00002 0.00001 0.00001 0.00001 0.00001 0.00001 0.00001 0.00001 0.00001
0.00001 0.00001 0.00001 0.00001 0.00001 0.00020 0.00385 0.02605 0.08771 0.18989 0.31392 0.44356 0.57410 0.71286 1.05804 1.31018 1.54540 1.77001 1.98553 2.19188 2.38836 2.57506 2.74969 2.91079 3.05747 3.18844 3.30274 3.39934 3.47741 3.53629 3.57545 3.59446 3.59292 3.57049 3.52688 3.46186 3.37539 3.26773 3.13895 2.98263 2.79539 2.57806 2.33018 2.04663 1.78329 1.54625 1.33152 1.13378 0.94810 0.77036 0.59806 0.43207 0.27898 0.15156 0.06335 0.01778 0.00268 0.00016 0.00001 0.00001 0.00001 0.00001 0.00001 0.00001 0.00001 0.00001 0.00001
0.00001 0.00001 0.00001 0.00001 0.00001 0.00008 0.00217 0.01817 0.07004 0.16443 0.28482 0.41361 0.54460 0.68402 0.99590 1.24257 1.47543 1.69736 1.91006 2.11357 2.30707 2.49142 2.66413 2.82351 2.96888 3.09878 3.21228 3.30828 3.38587 3.44437 3.48325 3.50205 3.50036 3.47780 3.43408 3.36899 3.28252 3.17502 3.04624 2.88863 2.70092 2.48169 2.23358 1.96421 1.71206 1.48271 1.27323 1.07907 0.89574 0.71953 0.54865 0.38539 0.23824 0.12111 0.04577 0.01099 0.00130 0.00006 0.00001 0.00001 0.00001 0.00001 0.00001 0.00001 0.00001 0.00001 0.00001
0.00001 0.00001 0.00001 0.00001 0.00001 0.00002 0.00061 0.00812 0.04218 0.11992 0.23409 0.36555 0.50232 0.64617 0.91921 1.16208 1.39203 1.61067 1.82007 2.02036 2.21064 2.39222 2.56272 2.72004 2.86380 2.99233 3.10478 3.19991 3.27679 3.33473 3.37319 3.39169 3.38979 3.36711 3.32332 3.25825 3.17191 3.06479 2.93599 2.77691 2.58892 2.36772 2.12134 1.86743 1.62890 1.40963 1.20737 1.01831 0.83845 0.66459 0.49588 0.33635 0.19677 0.09187 0.03049 0.00599 0.00052 0.00002 0.00001 0.00001 0.00001 0.00001 0.00001 0.00001 0.00001 0.00001 0.00001
0.00001 0.00001 0.00001 0.00001 0.00001 0.00001 0.00018 0.00375 0.02624 0.09033 0.19797 0.32901 0.46604 0.60747 0.83378 1.06991 1.29477 1.50935 1.71503 1.91175 2.09868 2.27713 2.44508 2.60001 2.74188 2.86871 2.97982 3.07380 3.14971 3.20688 3.24477 3.26288 3.26075 3.23796 3.19419 3.12927 3.04325 2.93682 2.80775 2.64715 2.45922 2.23647 1.99504 1.75686 1.53348 1.32639 1.13345 0.95138 0.77680 0.60728 0.44321 0.29036 0.16100 0.06928 0.02028 0.00327 0.00021 0.00001 0.00001 0.00001 0.00001 0.00001 0.00001 0.00001 0.00001 0.00001 0.00001
0.00001 0.00001 0.00001 0.00001 0.00001 0.00001 0.00003 0.00106 0.01176 0.05422 0.14252 0.26461 0.40023 0.54113 0.73205 0.96144 1.18117 1.39189 1.59381 1.78683 1.97054 2.14572 2.31081 2.46302 2.60275 2.72754 2.83702 2.92956 3.00423 3.06042 3.09760 3.11525 3.11287 3.09003 3.04639 2.98180 2.89634 2.79097 2.66102 2.49911 2.31169 2.08874 1.85702 1.63491 1.42723 1.23345 1.05115 0.87725 0.70885 0.54449 0.38622 0.24197 0.12525 0.04849 0.01204 0.00149 0.00007 0.00001 0.00001 0.00001 0.00001 0.00001 0.00001 0.00001 0.00001 0.00001 0.00001
0.00001 0.00001 0.00001 0.00001 0.00001 0.00001 0.00001 0.00017 0.00360 0.02578 0.08895 0.19410 0.32179 0.45728 0.61958 0.83486 1.05080 1.25737 1.45524 1.64442 1.82536 1.99754 2.15942 2.30859 2.44597 2.56838 2.67599 2.76681 2.83999 2.89501 2.93136 2.94850 2.94591 2.92311 2.87977 2.81573 2.73111 2.62706 2.49543 2.33257 2.14650 1.92625 1.70807 1.50256 1.31061 1.13045 0.95932 0.79410 0.63210 0.47276 0.32040 0.18629 0.08571 0.02766 0.00518 0.00041 0.00002 0.00001 0.00001 0.00001 0.00001 0.00001 0.00001 0.00001 0.00001 0.00001 0.00001
0.00001 0.00001 0.00001 0.00001 0.00001 0.00001 0.00001 0.00002 0.00064 0.00872 0.04512 0.12645 0.24263 0.37280 0.51470 0.69844 0.90285 1.10466 1.29662 1.48245 1.66215 1.83210 1.99031 2.13609 2.27099 2.39073 2.49633 2.58521 2.65667 2.71035 2.74579 2.76244 2.75970 2.73709 2.69426 2.63107 2.54757 2.44475 2.31075 2.14753 1.96439 1.75331 1.55049 1.36103 1.18375 1.01627 0.85591 0.69988 0.54616 0.39550 0.25439 0.13608 0.05493 0.01444 0.00195 0.00010 0.00001 0.00001 0.00001 0.00001 0.00001 0.00001 0.00001 0.00001 0.00001 0.00001 0.00001
0.00001 0.00001 0.00001 0.00001 0.00001 0.00001 0.00001 0.00001 0.00006 0.00173 0.01629 0.06636 0.15980 0.27948 0.40891 0.56105 0.72964 0.90401 1.09688 1.29405 1.47870 1.64801 1.80202 1.94428 2.07674 2.19372 2.29744 2.38427 2.45386 2.50609 2.54057 2.55674 2.55398 2.53175 2.48971 2.42770 2.34556 2.24322 2.10675 1.94396 1.76661 1.57188 1.38600 1.21174 1.04709 0.88936 0.73590 0.58464 0.43541 0.29259 0.16726 0.07449 0.02267 0.00384 0.00026 0.00001 0.00001 0.00001 0.00001 0.00001 0.00001 0.00001 0.00001 0.00001 0.00001 0.00001 0.00001
0.00001 0.00001 0.00001 0.00001 0.00001 0.00001 0.00001 0.00001 0.00001 0.00016 0.00349 0.02504 0.08580 0.18608 0.30792 0.44874 0.61079 0.77160 0.93702 1.11431 1.28921 1.44914 1.59379 1.73247 1.86217 1.97639 2.07875 2.16345 2.23092 2.28150 2.31491 2.33060 2.32791 2.30630 2.26539 2.20502 2.12414 2.02137 1.88296 1.72247 1.55758 1.38380 1.21646 1.05760 0.90545 0.75753 0.61156 0.46658 0.32513 0.19619 0.09459 0.03237 0.00656 0.00059 0.00002 0.00001 0.00001 0.00001 0.00001 0.00001 0.00001 0.00001 0.00001 0.00001 0.00001 0.00001 0.00001
0.00001 0.00001 0.00001 0.00001 0.00001 0.00001 0.00001 0.00001 0.00001 0.00001 0.00034 0.00566 0.03326 0.10110 0.20533 0.33409 0.48560 0.63582 0.77861 0.91449 1.03999 1.17850 1.33786 1.48992 1.61922 1.73391 1.83745 1.92031 1.98537 2.03392 2.06598 2.08105 2.07850 2.05776 2.01849 1.96048 1.87960 1.77752 1.63808 1.48747 1.33858 1.18659 1.03878 0.89615 0.75699 0.61918 0.48143 0.34510 0.21721 0.11151 0.04188 0.00975 0.00108 0.00004 0.00001 0.00001 0.00001 0.00001 0.00001 0.00001 0.00001 0.00001 0.00001 0.00001 0.00001 0.00001 0.00001
0.00001 0.00001 0.00001 0.00001 0.00001 0.00001 0.00001 0.00001 0.00001 0.00001 0.00002 0.00058 0.00775 0.03959 0.11134 0.21938 0.35634 0.49980 0.63642 0.76760 0.87454 0.97114 1.06993 1.18151 1.31706 1.45587 1.56729 1.64745 1.70832 1.75312 1.78245 1.79599 1.79317 1.77347 1.73663 1.68213 1.60018 1.50353 1.37333 1.23565 1.09759 0.95785 0.82253 0.69447 0.57236 0.45271 0.33337 0.21780 0.11753 0.04718 0.01204 0.00152 0.00007 0.00001 0.00001 0.00001 0.00001 0.00001 0.00001 0.00001 0.00001 0.00001 0.00001 0.00001 0.00001 0.00001 0.00001
0.00001 0.00001 0.00001 0.00001 0.00001 0.00001 0.00001 0.00001 0.00001 0.00001 0.00001 0.00003 0.00082 0.00926 0.04316 0.11630 0.22786 0.35996 0.49174 0.62145 0.71899 0.80625 0.89454 0.97326 1.03167 1.06996 1.09861 1.12862 1.16000 1.18822 1.20925 1.22016 1.21896 1.20452 1.17474 1.12802 1.06240 1.00416 0.92842 0.85242 0.77775 0.69893 0.61423 0.52287 0.42430 0.31940 0.21343 0.11833 0.04923 0.01320 0.00179 0.00009 0.00001 0.00001 0.00001 0.00001 0.00001 0.00001 0.00001 0.00001 0.00001 0.00001 0.00001 0.00001 0.00001 0.00001 0.00001
0.00001 0.00001 0.00001 0.00001 0.00001 0.00001 0.00001 0.00001 0.00001 0.00001 0.00001 0.00001 0.00003 0.00097 0.00984 0.04343 0.11556 0.22250 0.34361 0.47001 0.55936 0.64199 0.72917 0.80236 0.85693 0.89494 0.92449 0.95644 0.98961 1.01956 1.04233 1.05496 1.05548 1.04255 1.01303 0.96636 0.89810 0.84645 0.77775 0.70640 0.63513 0.56030 0.47936 0.39096 0.29570 0.19852 0.11067 0.04640 0.01258 0.00173 0.00009 0.00001 0.00001 0.00001 0.00001 0.00001 0.00001 0.00001 0.00001 0.00001 0.00001 0.00001 0.00001 0.00001 0.00001 0.00001 0.00001
0.00001 0.00001 0.00001 0.00001 0.00001 0.00001 0.00001 0.00001 0.00001 0.00001 0.00001 0.00001 0.00001 0.00004 0.00098 0.00930 0.04024 0.10625 0.20160 0.31493 0.39508 0.47597 0.56594 0.63675 0.68920 0.72727 0.75727 0.79143 0.82686 0.85884 0.88341 0.89771 0.89986 0.88791 0.85925 0.81325 0.74296 0.69530 0.63351 0.56673 0.49789 0.42467 0.34502 0.25927 0.17230 0.09466 0.03889 0.01025 0.00136 0.00007 0.00001 0.00001 0.00001 0.00001 0.00001 0.00001 0.00001 0.00001 0.00001 0.00001 0.00001 0.00001 0.00001 0.00001 0.00001 0.00001 0.00001
0.00001 0.00001 0.00001 0.00001 0.00001 0.00001 0.00001 0.00001 0.00001 0.00001 0.00001 0.00001 0.00001 0.00001 0.00003 0.00084 0.00776 0.03354 0.08840 0.17161 0.23675 0.31265 0.40346 0.47146 0.52333 0.56198 0.59247 0.62992 0.66841 0.70275 0.72906 0.74479 0.74815 0.73671 0.70946 0.66473 0.59440 0.54741 0.49086 0.42785 0.36063 0.28858 0.21250 0.13735 0.07266 0.02835 0.00696 0.00083 0.00004 0.00001 0.00001 0.00001 0.00001 0.00001 0.00001 0.00001 0.00001 0.00001 0.00001 0.00001 0.00001 0.00001 0.00001 0.00001 0.00001 0.00001 0.00001
0.00001 0.00001 0.00001 0.00001 0.00001 0.00001 0.00001 0.00001 0.00001 0.00001 0.00001 0.00001 0.00001 0.00001 0.00001 0.00003 0.00060 0.00559 0.02450 0.06697 0.10839 0.16758 0.24830 0.30900 0.35974 0.39811 0.42855 0.47002 0.51176 0.54815 0.57566 0.59220 0.59566 0.58530 0.55961 0.51676 0.44913 0.40057 0.34723 0.28789 0.22446 0.15944 0.09816 0.04866 0.01739 0.00378 0.00038 0.00002 0.00001 0.00001 0.00001 0.00001 0.00001 0.00001 0.00001 0.00001 0.00001 0.00001 0.00001 0.00001 0.00001 0.00001 0.00001 0.00001 0.00001 0.00001 0.00001
0.00001 0.00001 0.00001 0.00001 0.00001 0.00001 0.00001 0.00001 0.00001 0.00001 0.00001 0.00001 0.00001 0.00001 0.00001 0.00001 0.00002 0.00035 0.00338 0.01567 0.03257 0.06462 0.11950 0.16485 0.20910 0.24315 0.27110 0.31446 0.35733 0.39385 0.42088 0.43676 0.44044 0.43097 0.40710 0.36718 0.30576 0.25689 0.20772 0.15626 0.10542 0.06044 0.02721 0.00854 0.00155 0.00013 0.00001 0.00001 0.00001 0.00001 0.00001 0.00001 0.00001 0.00001 0.00001 0.00001 0.00001 0.00001 0.00001 0.00001 0.00001 0.00001 0.00001 0.00001 0.00001 0.00001 0.00001
0.00001 0.00001 0.00001 0.00001 0.00001 0.00001 0.00001 0.00001 0.00001 0.00001 0.00001 0.00001 0.00001 0.00001 0.00001 0.00001 0.00001 0.00001 0.00017 0.00170 0.00517 0.01497 0.03896 0.06324 0.09249 0.11625 0.13726 0.17523 0.21318 0.24542 0.26918 0.28304 0.28607 0.27753 0.25651 0.22200 0.17197 0.12980 0.09188 0.05768 0.03003 0.01185 0.00311 0.00045 0.00003 0.00001 0.00001 0.00001 0.00001 0.00001 0.00001 0.00001 0.00001 0.00001 0.00001 0.00001 0.00001 0.00001 0.00001 0.00001 0.00001 0.00001 0.00001 0.00001 0.00001 0.00001 0.00001
0.00001 0.00001 0.00001 0.00001 0.00001 0.00001 0.00001 0.00001 0.00001 0.00001 0.00001 0.00001 0.00001 0.00001 0.00001 0.00001 0.00001 0.00001 0.00001 0.00006 0.00031 0.00160 0.00702 0.01460 0.02665 0.03753 0.04885 0.07246 0.09790 0.12045 0.13740 0.14722 0.14895 0.14203 0.12610 0.10132 0.06901 0.04318 0.02405 0.01094 0.00363 0.00076 0.00009 0.00001 0.00001 0.00001 0.00001 0.00001 0.00001 0.00001 0.00001 0.00001 0.00001 0.00001 0.00001 0.00001 0.00001 0.00001 0.00001 0.00001 0.00001 0.00001 0.00001 0.00001 0.00001 0.00001 0.00001
