tests/data/gray99/saval2D/outputs/resuqv2.asc
north:     17.44
south:      0.00
east:      60.51
west:       0.00
rows:   68
cols:  236
[rows 28 to 55 of 68, columns 0 to 63 of 236]
0.00000 0.00000 0.00000 0.00000 0.00011 0.00014 -0.01456 -0.04856 -0.09003 -0.13224 -0.17493 -0.21949 -0.26693 -0.31786 -0.38095 -0.44472 -0.51162 -0.57782 -0.64309 -0.70657 -0.76770 -0.82602 -0.88175 -0.93532 -0.98690 -1.03646 -1.08384 -1.12878 -1.17097 -1.20986 -1.24521 -1.27684 -1.30450 -1.32797 -1.34706 -1.36156 -1.37125 -1.37591 -1.37532 -1.36930 -1.35772 -1.34058 -1.31787 -1.28931 -1.25454 -1.21345 -1.16634 -1.11392 -1.05709 -0.99684 -0.93411 -0.86974 -0.80449 -0.73903 -0.67395 -0.60987 -0.54738 -0.48713 -0.42972 -0.37553 -0.32447 -0.27559 -0.22703 -0.17679
0.00000 0.00000 0.00000 0.00000 0.00023 -0.00209 -0.02106 -0.05382 -0.08953 -0.12471 -0.16041 -0.19810 -0.23850 -0.28191 -0.33508 -0.38975 -0.44740 -0.50468 -0.56124 -0.61633 -0.66947 -0.72035 -0.76913 -0.81612 -0.86145 -0.90505 -0.94678 -0.98642 -1.02369 -1.05812 -1.08951 -1.11768 -1.14241 -1.16354 -1.18087 -1.19422 -1.20339 -1.20816 -1.20834 -1.20375 -1.19429 -1.17994 -1.16072 -1.13637 -1.10655 -1.07115 -1.03048 -0.98518 -0.93609 -0.88411 -0.83005 -0.77466 -0.71859 -0.66238 -0.60653 -0.55153 -0.49787 -0.44606 -0.39661 -0.34987 -0.30581 -0.26367 -0.22183 -0.17820
0.00000 0.00000 0.00000 0.00000 0.00024 -0.00485 -0.02565 -0.05534 -0.08532 -0.11406 -0.14317 -0.17407 -0.20736 -0.24320 -0.28684 -0.33251 -0.38087 -0.42906 -0.47667 -0.52311 -0.56797 -0.61106 -0.65253 -0.69257 -0.73125 -0.76851 -0.80421 -0.83814 -0.87009 -0.89964 -0.92664 -0.95091 -0.97229 -0.99061 -1.00573 -1.01752 -1.02576 -1.03027 -1.03088 -1.02742 -1.01980 -1.00799 -0.99204 -0.97173 -0.94676 -0.91706 -0.88293 -0.84496 -0.80390 -0.76052 -0.71552 -0.66950 -0.62299 -0.57644 -0.53023 -0.48472 -0.44028 -0.39729 -0.35613 -0.31706 -0.28002 -0.24440 -0.20881 -0.17141
0.00000 0.00000 0.00000 0.00000 -0.00010 -0.00748 -0.02754 -0.05279 -0.07721 -0.10023 -0.12332 -0.14772 -0.17396 -0.20220 -0.23666 -0.27341 -0.31247 -0.35143 -0.38992 -0.42748 -0.46384 -0.49890 -0.53274 -0.56552 -0.59722 -0.62780 -0.65713 -0.68506 -0.71135 -0.73571 -0.75795 -0.77797 -0.79561 -0.81076 -0.82332 -0.83318 -0.84018 -0.84413 -0.84489 -0.84231 -0.83632 -0.82687 -0.81401 -0.79758 -0.77739 -0.75341 -0.72594 -0.69549 -0.66270 -0.62819 -0.59252 -0.55616 -0.51952 -0.48292 -0.44663 -0.41089 -0.37594 -0.34201 -0.30933 -0.27801 -0.24794 -0.21860 -0.18888 -0.15732
0.00000 0.00000 0.00000 0.00000 -0.00081 -0.00938 -0.02679 -0.04694 -0.06601 -0.08377 -0.10128 -0.11944 -0.13872 -0.15938 -0.18494 -0.21287 -0.24262 -0.27223 -0.30140 -0.32990 -0.35756 -0.38438 -0.41042 -0.43571 -0.46025 -0.48393 -0.50662 -0.52818 -0.54850 -0.56735 -0.58460 -0.60014 -0.61386 -0.62566 -0.63544 -0.64305 -0.64844 -0.65153 -0.65221 -0.65035 -0.64587 -0.63873 -0.62893 -0.61634 -0.60082 -0.58251 -0.56173 -0.53894 -0.51462 -0.48924 -0.46317 -0.43674 -0.41018 -0.38370 -0.35748 -0.33166 -0.30634 -0.28160 -0.25749 -0.23396 -0.21080 -0.18752 -0.16335 -0.13730
0.00000 -0.00000 -0.00000 -0.00000 -0.00163 -0.01024 -0.02396 -0.03879 -0.05275 -0.06563 -0.07786 -0.08994 -0.10230 -0.11532 -0.13207 -0.15114 -0.17151 -0.19168 -0.21154 -0.23094 -0.24980 -0.26821 -0.28621 -0.30378 -0.32086 -0.33738 -0.35330 -0.36852 -0.38284 -0.39608 -0.40812 -0.41891 -0.42840 -0.43652 -0.44323 -0.44858 -0.45242 -0.45464 -0.45515 -0.45386 -0.45070 -0.44564 -0.43870 -0.42988 -0.41921 -0.40680 -0.39291 -0.37790 -0.36214 -0.34593 -0.32953 -0.31311 -0.29683 -0.28071 -0.26477 -0.24899 -0.23335 -0.21777 -0.20214 -0.18629 -0.16991 -0.15261 -0.13384 -0.11309
0.00000 -0.00000 -0.00000 -0.00001 -0.00222 -0.01021 -0.01995 -0.02958 -0.03861 -0.04672 -0.05373 -0.05978 -0.06524 -0.07064 -0.07856 -0.08878 -0.09973 -0.11033 -0.12061 -0.13069 -0.14063 -0.15056 -0.16051 -0.17035 -0.18002 -0.18941 -0.19843 -0.20703 -0.21512 -0.22260 -0.22939 -0.23544 -0.24073 -0.24525 -0.24895 -0.25180 -0.25382 -0.25499 -0.25526 -0.25455 -0.25283 -0.25000 -0.24607 -0.24106 -0.23511 -0.22848 -0.22148 -0.21437 -0.20736 -0.20057 -0.19405 -0.18782 -0.18183 -0.17603 -0.17032 -0.16458 -0.15863 -0.15225 -0.14514 -0.13692 -0.12721 -0.11565 -0.10203 -0.08641
0.00000 0.00000 -0.00000 -0.00001 -0.00234 -0.00972 -0.01578 -0.02042 -0.02461 -0.02795 -0.02971 -0.02966 -0.02814 -0.02581 -0.02462 -0.02579 -0.02716 -0.02806 -0.02874 -0.02950 -0.03048 -0.03192 -0.03378 -0.03588 -0.03809 -0.04032 -0.04252 -0.04462 -0.04658 -0.04837 -0.04991 -0.05121 -0.05226 -0.05311 -0.05377 -0.05426 -0.05463 -0.05489 -0.05501 -0.05495 -0.05465 -0.05405 -0.05309 -0.05192 -0.05083 -0.05017 -0.05021 -0.05112 -0.05292 -0.05557 -0.05893 -0.06288 -0.06724 -0.07182 -0.07639 -0.08071 -0.08443 -0.08716 -0.08842 -0.08767 -0.08445 -0.07848 -0.06990 -0.05933
0.00000 -0.00000 -0.00000 -0.00000 -0.00196 -0.00915 -0.01251 -0.01254 -0.01184 -0.01020 -0.00647 -0.00017 0.00845 0.01864 0.02941 0.03760 0.04602 0.05495 0.06392 0.07250 0.08044 0.08743 0.09355 0.09908 0.10421 0.10902 0.11355 0.11783 0.12188 0.12568 0.12924 0.13256 0.13558 0.13824 0.14047 0.14217 0.14331 0.14382 0.14369 0.14297 0.14168 0.13993 0.13774 0.13491 0.13102 0.12563 0.11847 0.10951 0.09886 0.08676 0.07349 0.05937 0.04469 0.02978 0.01497 0.00068 -0.01264 -0.02439 -0.03391 -0.04051 -0.04364 -0.04313 -0.03951 -0.03396
0.00000 -0.00000 -0.00000 -0.00000 -0.00127 -0.00857 -0.01090 -0.00710 -0.00139 0.00566 0.01523 0.02802 0.04387 0.06209 0.08310 0.10102 0.11944 0.13830 0.15693 0.17478 0.19155 0.20684 0.22077 0.23376 0.24603 0.25770 0.26876 0.27923 0.28909 0.29827 0.30673 0.31444 0.32132 0.32725 0.33210 0.33578 0.33818 0.33921 0.33884 0.33709 0.33401 0.32968 0.32413 0.31711 0.30806 0.29647 0.28214 0.26509 0.24562 0.22412 0.20104 0.17683 0.15194 0.12681 0.10191 0.07776 0.05501 0.03438 0.01676 0.00298 -0.00635 -0.01124 -0.01262 -0.01223
0.00000 -0.00000 -0.00000 -0.00000 -0.00065 -0.00792 -0.01120 -0.00478 0.00610 0.01911 0.03495 0.05448 0.07774 0.10416 0.13612 0.16417 0.19275 0.22155 0.24976 0.27672 0.30217 0.32554 0.34703 0.36722 0.38639 0.40465 0.42198 0.43835 0.45374 0.46800 0.48105 0.49285 0.50326 0.51214 0.51932 0.52464 0.52798 0.52921 0.52828 0.52521 0.52005 0.51287 0.50372 0.49224 0.47782 0.45992 0.43835 0.41325 0.38504 0.35425 0.32150 0.28738 0.25246 0.21732 0.18254 0.14878 0.11682 0.08760 0.06214 0.04143 0.02606 0.01579 0.00928 0.00432
0.00000 -0.00000 -0.00000 -0.00000 -0.00028 -0.00699 -0.01244 -0.00482 0.01096 0.03017 0.05253 0.07898 0.10980 0.14466 0.18826 0.22674 0.26551 0.30414 0.34171 0.37756 0.41143 0.44261 0.47135 0.49840 0.52415 0.54868 0.57195 0.59388 0.61442 0.63340 0.65066 0.66615 0.67971 0.69114 0.70024 0.70681 0.71070 0.71175 0.70989 0.70513 0.69755 0.68720 0.67411 0.65788 0.63787 0.61353 0.58470 0.55161 0.51480 0.47493 0.43277 0.38901 0.34437 0.29953 0.25520 0.21218 0.17139 0.13394 0.10101 0.07364 0.05237 0.03669 0.02484 0.01441
0.00000 -0.00000 -0.00000 -0.00000 -0.00007 -0.00514 -0.01283 -0.00552 0.01415 0.03921 0.06811 0.10160 0.14017 0.18365 0.23934 0.28838 0.33714 0.38530 0.43189 0.47629 0.51828 0.55691 0.59252 0.62609 0.65804 0.68846 0.71726 0.74434 0.76961 0.79285 0.81386 0.83261 0.84886 0.86239 0.87296 0.88033 0.88432 0.88473 0.88151 0.87467 0.86429 0.85041 0.83301 0.81171 0.78586 0.75493 0.71884 0.67789 0.63270 0.58407 0.53285 0.47987 0.42595 0.37188 0.31851 0.26675 0.21769 0.17255 0.13263 0.09898 0.07194 0.05070 0.03326 0.01752
0.00000 -0.00000 0.00000 -0.00000 -0.00001 -0.00275 -0.01094 -0.00575 0.01599 0.04631 0.08178 0.12247 0.16892 0.22122 0.28900 0.34846 0.40680 0.46402 0.51919 0.57171 0.62143 0.66712 0.70919 0.74886 0.78661 0.82249 0.85638 0.88813 0.91763 0.94464 0.96891 0.99039 1.00885 1.02399 1.03554 1.04322 1.04682 1.04614 1.04108 1.03172 1.01812 1.00029 0.97821 0.95147 0.91950 0.88187 0.83856 0.78993 0.73668 0.67971 0.61993 0.55828 0.49568 0.43304 0.37132 0.31157 0.25500 0.20295 0.15673 0.11727 0.08464 0.05773 0.03465 0.01436
0.00000 -0.00000 -0.00000 -0.00000 -0.00000 -0.00127 -0.00955 -0.00751 0.01553 0.05132 0.09372 0.14180 0.19610 0.25720 0.33649 0.40595 0.47327 0.53899 0.60220 0.66234 0.71936 0.77168 0.81977 0.86512 0.90825 0.94915 0.98762 1.02351 1.05669 1.08693 1.11393 1.13764 1.15780 1.17406 1.18609 1.19358 1.19629 1.19402 1.18667 1.17432 1.15705 1.13486 1.10767 1.07513 1.03680 0.99236 0.94188 0.88581 0.82490 0.76008 0.69235 0.62273 0.55221 0.48182 0.41264 0.34586 0.28280 0.22486 0.17326 0.12870 0.09089 0.05859 0.03055 0.00749
0.00000 -0.00000 -0.00000 -0.00000 -0.00000 -0.00026 -0.00585 -0.00651 0.01604 0.05610 0.10468 0.15948 0.22107 0.29060 0.38019 0.45912 0.53481 0.60846 0.67914 0.74635 0.81021 0.86872 0.92244 0.97311 1.02120 1.06664 1.10917 1.14863 1.18494 1.21785 1.24706 1.27251 1.29389 1.31080 1.32285 1.32968 1.33102 1.32669 1.31657 1.30074 1.27936 1.25237 1.21966 1.18099 1.13606 1.08474 1.02721 0.96399 0.89587 0.82381 0.74885 0.67205 0.59451 0.51735 0.44178 0.36914 0.30085 0.23829 0.18252 0.13383 0.09160 0.05476 0.02339 0.00033
0.00000 0.00000 -0.00000 -0.00000 -0.00000 -0.00001 -0.00240 -0.00546 0.01346 0.05595 0.11034 0.17180 0.24061 0.31845 0.41724 0.50538 0.58907 0.67013 0.74768 0.82137 0.89167 0.95608 1.01515 1.07086 1.12355 1.17307 1.21913 1.26161 1.30050 1.33556 1.36650 1.39327 1.41547 1.43264 1.44431 1.45006 1.44961 1.44277 1.42943 1.40970 1.38373 1.35150 1.31288 1.26777 1.21608 1.15786 1.09345 1.02344 0.94864 0.87002 0.78863 0.70558 0.62203 0.53924 0.45855 0.38144 0.30940 0.24374 0.18514 0.13342 0.08768 0.04759 0.01526 -0.00471
0.00000 -0.00000 -0.00000 -0.00000 -0.00000 -0.00000 -0.00042 -0.00405 0.00741 0.04845 0.10767 0.17585 0.25190 0.33782 0.44470 0.54194 0.63324 0.72102 0.80471 0.88441 0.96103 1.03130 1.09566 1.15627 1.21330 1.26647 1.31557 1.36055 1.40155 1.43835 1.47071 1.49850 1.52125 1.53841 1.54939 1.55374 1.55114 1.54144 1.52449 1.50041 1.46943 1.43156 1.38671 1.33492 1.27635 1.21129 1.14023 1.06383 0.98293 0.89848 0.81154 0.72324 0.63481 0.54763 0.46321 0.38315 0.30894 0.24163 0.18138 0.12748 0.07919 0.03776 0.00770 -0.00635
0.00000 -0.00000 -0.00000 -0.00000 -0.00000 -0.00000 -0.00001 -0.00172 0.00124 0.03406 0.09486 0.16918 0.25222 0.34557 0.45917 0.56507 0.66321 0.75672 0.84601 0.93183 1.01522 1.09176 1.16160 1.22714 1.28829 1.34475 1.39647 1.44362 1.48649 1.52484 1.55850 1.58725 1.61046 1.62747 1.63762 1.64036 1.63535 1.62250 1.60162 1.57282 1.53645 1.49260 1.44128 1.38271 1.31729 1.24554 1.16811 1.08576 0.99934 0.90980 0.81818 0.72564 0.63349 0.54321 0.45647 0.37490 0.29983 0.23180 0.17037 0.11463 0.06508 0.02561 0.00201 -0.00479
0.00000 -0.00000 -0.00000 -0.00000 -0.00000 -0.00000 -0.00000 -0.00016 -0.00148 0.01610 0.07014 0.14721 0.23558 0.33413 0.45119 0.56423 0.66976 0.77078 0.86783 0.96143 1.05261 1.13573 1.21100 1.28128 1.34625 1.40568 1.45985 1.50915 1.55399 1.59408 1.62928 1.65916 1.68296 1.69986 1.70913 1.71015 1.70254 1.68636 1.66131 1.62753 1.58550 1.53546 1.47760 1.41232 1.34022 1.26205 1.17861 1.09075 0.99934 0.90534 0.80980 0.71391 0.61909 0.52695 0.43917 0.35722 0.28191 0.21308 0.14991 0.09259 0.04457 0.01221 -0.00138 -0.00233
0.00000 -0.00000 -0.00000 -0.00000 -0.00000 -0.00000 -0.00000 -0.00000 -0.00061 0.00303 0.03887 0.11122 0.20301 0.30647 0.42643 0.54662 0.66046 0.76974 0.87477 0.97564 1.07360 1.16191 1.24135 1.31559 1.38396 1.44634 1.50332 1.55539 1.60289 1.64537 1.68267 1.71410 1.73870 1.75559 1.76395 1.76317 1.75281 1.73316 1.70383 1.66497 1.61720 1.56101 1.49680 1.42512 1.34675 1.26257 1.17351 1.08049 0.98445 0.88637 0.78737 0.68879 0.59216 0.49918 0.41137 0.32967 0.25407 0.18382 0.11906 0.06318 0.02300 0.00307 -0.00130 -0.00049
0.00000 0.00000 -0.00000 -0.00000 -0.00000 -0.00000 -0.00000 -0.00000 -0.00001 -0.00059 0.01219 0.06572 0.15378 0.26004 0.38190 0.50767 0.62838 0.74369 0.85379 0.95924 1.06315 1.15793 1.24363 1.32363 1.39656 1.46289 1.52384 1.57987 1.63091 1.67662 1.71656 1.74975 1.77516 1.79186 1.79907 1.79624 1.78292 1.75966 1.72607 1.68226 1.62903 1.56710 1.49707 1.41962 1.33560 1.24595 1.15167 1.05373 0.95316 0.85110 0.74887 0.64803 0.55031 0.45732 0.37009 0.28866 0.21238 0.14140 0.07920 0.03288 0.00778 0.00018 -0.00025 -0.00002
0.00000 -0.00000 -0.00000 -0.00000 -0.00000 -0.00000 -0.00000 -0.00000 -0.00000 -0.00004 0.00065 0.02419 0.09288 0.19481 0.31668 0.44670 0.57384 0.69493 0.80942 0.91767 1.02457 1.12192 1.21040 1.29492 1.37384 1.44704 1.51485 1.57662 1.63207 1.68123 1.72321 1.75701 1.78176 1.79672 1.80135 1.79527 1.77812 1.75078 1.71295 1.66467 1.60676 1.54005 1.46521 1.38292 1.29399 1.19936 1.10008 0.99731 0.89236 0.78674 0.68219 0.58058 0.48355 0.39214 0.30639 0.22574 0.15067 0.08511 0.03640 0.00968 0.00095 -0.00008 -0.00001 -0.00000
0.00000 -0.00000 -0.00000 -0.00000 -0.00000 -0.00000 -0.00000 -0.00000 -0.00000 -0.00000 -0.00011 0.00293 0.03622 0.11692 0.23160 0.36273 0.49528 0.62208 0.74110 0.85210 0.96140 1.05970 1.14729 1.22966 1.30450 1.37209 1.43352 1.48855 1.53786 1.58167 1.61914 1.64913 1.67052 1.68241 1.68413 1.67520 1.65516 1.62503 1.58462 1.53394 1.47375 1.40501 1.32861 1.24536 1.15617 1.06206 0.96418 0.86387 0.76262 0.66213 0.56414 0.47013 0.38091 0.29645 0.21645 0.14215 0.07833 0.03241 0.00833 0.00087 -0.00002 -0.00000 -0.00000 -0.00000
0.00000 -0.00000 -0.00000 -0.00000 -0.00000 -0.00000 -0.00000 0.00000 -0.00000 -0.00000 -0.00000 -0.00013 0.00533 0.04548 0.13473 0.25740 0.39158 0.52311 0.64681 0.76111 0.87310 0.97224 1.05829 1.13766 1.20776 1.26968 1.32515 1.37441 1.41872 1.45809 1.49168 1.51828 1.53666 1.54582 1.54499 1.53363 1.51115 1.47877 1.43655 1.38440 1.32296 1.25320 1.17616 1.09283 1.00425 0.91161 0.81626 0.71977 0.62380 0.53000 0.43967 0.35343 0.27130 0.19353 0.12245 0.06377 0.02426 0.00550 0.00048 -0.00000 -0.00000 -0.00000 -0.00000 -0.00000
0.00000 -0.00000 -0.00000 -0.00000 -0.00000 -0.00000 -0.00000 -0.00000 -0.00000 -0.00000 -0.00000 -0.00000 -0.00008 0.00681 0.04981 0.14217 0.26578 0.39731 0.52455 0.64272 0.75798 0.85824 0.94275 1.01907 1.08459 1.14142 1.19168 1.23639 1.27680 1.31278 1.34339 1.36736 1.38339 1.39043 1.38767 1.37449 1.35016 1.31616 1.27283 1.22006 1.15826 1.08837 1.01153 0.92895 0.84193 0.75193 0.66057 0.56953 0.48037 0.39422 0.31166 0.23300 0.15946 0.09470 0.04483 0.01476 0.00266 0.00015 -0.00000 -0.00000 -0.00000 -0.00000 -0.00000 0.00000
0.00000 -0.00000 -0.00000 -0.00000 0.00000 -0.00000 -0.00000 -0.00000 -0.00000 -0.00000 -0.00000 -0.00000 -0.00000 -0.00003 0.00692 0.04771 0.13519 0.25134 0.37540 0.49570 0.61387 0.71534 0.79869 0.87264 0.93445 0.98729 1.03351 1.07516 1.11294 1.14669 1.17546 1.19788 1.21260 1.21851 1.21472 1.20054 1.17507 1.14003 1.09614 1.04334 0.98190 0.91268 0.83693 0.75614 0.67195 0.58612 0.50037 0.41624 0.33483 0.25692 0.18361 0.11742 0.06304 0.02565 0.00669 0.00083 0.00002 -0.00000 -0.00000 -0.00000 -0.00000 -0.00000 -0.00000 -0.00000
0.00000 -0.00000 -0.00000 -0.00000 -0.00000 -0.00000 -0.00000 -0.00000 -0.00000 -0.00000 -0.00000 -0.00000 -0.00000 -0.00000 -0.00004 0.00562 0.03892 0.11216 0.21337 0.32550 0.44146 0.54207 0.62428 0.69706 0.75662 0.80701 0.85079 0.89095 0.92746 0.96023 0.98838 1.01056 1.02535 1.03148 1.02791 1.01379 0.98808 0.95258 0.90850 0.85603 0.79547 0.72769 0.65412 0.57652 0.49682 0.41690 0.33843 0.26285 0.19165 0.12712 0.07290 0.03334 0.01068 0.00193 0.00013 0.00000 -0.00000 -0.00000 -0.00000 -0.00000 -0.00000 -0.00000 -0.00000 -0.00000
