tests/data/gray99/saval2D/outputs/resuqu6.asc
north:     17.44
south:      0.00
east:      60.51
west:       0.00
rows:   68
cols:  236
[rows 0 to 28 of 68, columns 65 to 129 of 236]
0.00000 0.00000 0.00000 0.00000 0.00000 0.00000 0.00000 0.00000 0.00000 0.00000 0.00000 0.00000 0.00000 0.00000 0.00000 0.00000 0.00000 0.00000 0.00000 0.00000 0.00000 0.00000 0.00000 0.00000 0.00000 0.00000 0.00000 0.00000 0.00000 0.00000 0.00000 0.00000 0.00000 0.00000 0.00000 0.00000 0.00000 0.00000 0.00000 0.00000 0.00000 0.00000 0.00000 0.00000 0.00000 0.00000 0.00000 0.00000 0.00000 0.00000 0.00000 0.00000 0.00000 0.00000 0.00000 0.00000 0.00000 0.00000 0.00000 0.00000 0.00000 0.00000 0.00000 0.00000 0.00000
0.00000 0.00000 0.00000 0.00000 0.00000 0.00000 0.00000 0.00000 0.00000 0.00000 0.00000 0.00000 0.00000 0.00000 0.00000 0.00000 0.00000 0.00000 0.00000 0.00000 0.00000 0.00000 0.00000 0.00000 0.00000 0.00000 0.00000 0.00000 0.00000 0.00000 0.00000 0.00000 0.00000 0.00000 0.00000 0.00000 0.00000 0.00000 0.00000 0.00000 0.00000 0.00000 0.00000 0.00000 0.00000 0.00000 0.00000 0.00000 0.00000 0.00000 0.00000 0.00000 0.00000 0.00000 0.00000 0.00000 0.00000 0.00000 0.00000 0.00000 0.00000 0.00000 0.00000 0.00000 0.00000
0.00000 0.00000 0.00000 0.00000 0.00000 0.00000 0.00000 0.00000 0.00000 0.00000 0.00000 0.00000 0.00000 0.00000 0.00000 0.00000 0.00000 0.00000 0.00000 0.00000 0.00000 0.00000 0.00000 0.00000 0.00000 0.00000 0.00000 0.00000 0.00000 0.00000 0.00000 0.00000 0.00000 0.00000 0.00000 0.00000 0.00000 0.00000 0.00000 0.00000 0.00000 0.00000 0.00000 0.00000 0.00000 0.00000 0.00000 0.00000 0.00000 0.00000 0.00000 0.00000 0.00000 0.00000 0.00000 0.00000 0.00000 0.00000 0.00000 0.00000 0.00000 0.00000 0.00000 0.00000 0.00000
0.00000 0.00000 0.00000 0.00000 0.00000 0.00000 0.00000 0.00000 0.00000 0.00000 0.00000 0.00000 0.00000 0.00000 0.00000 0.00000 0.00000 0.00000 0.00000 0.00000 0.00000 0.00000 0.00000 0.00000 0.00000 0.00000 0.00000 0.00000 0.00000 0.00000 0.00000 0.00000 0.00000 0.00000 0.00000 0.00000 0.00000 0.00000 0.00000 0.00000 0.00000 0.00000 0.00000 0.00000 0.00000 0.00000 0.00000 0.00000 0.00000 0.00000 0.00000 0.00000 0.00000 0.00000 0.00000 0.00000 0.00000 0.00000 0.00000 0.00000 0.00000 0.00000 0.00000 0.00000 0.00000
0.00000 0.00000 0.00000 0.00000 0.00000 0.00000 0.00000 0.00000 0.00000 0.00000 0.00000 0.00000 0.00000 0.00000 0.00000 0.00000 0.00000 0.00000 0.00000 0.00000 0.00000 0.00000 0.00000 0.00000 0.00000 0.00000 0.00000 0.00000 0.00000 0.00000 0.00000 0.00000 0.00000 0.00000 0.00000 0.00000 0.00000 0.00000 0.00000 0.00000 0.00000 0.00000 0.00000 0.00000 0.00000 0.00000 0.00000 0.00000 0.00000 0.00000 0.00000 0.00000 0.00000 0.00000 0.00000 0.00000 0.00000 0.00000 0.00000 0.00000 0.00000 0.00000 0.00000 0.00000 0.00000
0.00000 0.00000 0.00000 0.00000 0.00000 0.00000 0.00000 0.00000 0.00000 0.00000 0.00000 0.00000 0.00000 0.00000 0.00000 0.00000 0.00000 0.00000 0.00000 0.00000 0.00000 0.00000 0.00000 0.00000 0.00000 0.00000 0.00000 0.00000 0.00000 0.00000 0.00000 0.00000 0.00000 0.00000 0.00000 0.00000 0.00000 0.00000 0.00000 0.00000 0.00000 0.00000 0.00000 0.00000 0.00000 0.00000 0.00000 0.00000 0.00000 0.00000 0.00000 0.00000 0.00000 0.00000 0.00000 0.00000 0.00000 0.00000 0.00000 0.00000 0.00000 0.00000 0.00000 0.00000 0.00000
0.00000 0.00000 0.00000 0.00000 0.00000 0.00000 0.00000 0.00000 0.00000 0.00000 0.00000 0.00000 0.00000 0.00000 0.00000 0.00000 0.00000 0.00000 0.00000 0.00000 0.00000 0.00000 0.00000 0.00000 0.00000 0.00000 0.00000 0.00000 0.00000 0.00000 0.00000 0.00000 0.00000 0.00000 0.00000 0.00000 0.00000 0.00000 0.00000 0.00000 0.00000 0.00000 0.00000 0.00000 0.00000 0.00000 0.00000 0.00000 0.00000 0.00000 0.00000 0.00000 0.00000 0.00000 0.00000 0.00000 0.00000 0.00000 0.00000 0.00000 0.00000 0.00000 0.00000 0.00000 0.00000
0.00000 0.00000 0.00000 0.00000 0.00000 0.00000 0.00000 0.00000 0.00000 0.00000 0.00000 0.00000 0.00000 0.00000 0.00000 0.00000 0.00000 0.00000 0.00000 0.00000 0.00000 0.00000 0.00000 0.00000 0.00000 0.00000 0.00000 0.00000 0.00000 0.00000 0.00000 0.00000 0.00000 0.00000 0.00000 0.00000 0.00000 0.00000 0.00000 0.00000 0.00000 0.00000 0.00000 0.00000 0.00000 0.00000 0.00000 0.00000 0.00000 0.00000 0.00000 0.00000 0.00000 0.00000 0.00000 0.00000 0.00000 0.00000 0.00000 0.00000 0.00000 0.00000 0.00000 0.00000 0.00000
0.00000 0.00000 0.00000 0.00000 0.00000 0.00000 0.00000 0.00000 0.00000 0.00000 0.00000 0.00000 0.00000 0.00000 0.00000 0.00000 0.00000 0.00000 0.00000 0.00000 0.00000 0.00000 0.00000 0.00000 0.00000 0.00000 0.00000 0.00000 0.00000 0.00000 0.00000 0.00000 0.00000 0.00000 0.00000 0.00000 0.00000 0.00000 0.00000 0.00000 0.00000 0.00000 0.00000 0.00000 0.00000 0.00000 0.00000 0.00000 0.00000 0.00000 0.00000 0.00000 0.00000 0.00000 0.00000 0.00000 0.00000 0.00000 0.00000 0.00000 0.00000 0.00000 0.00000 0.00000 0.00000
0.00343 0.00267 0.00162 0.00053 0.00005 0.00000 0.00000 0.00000 0.00000 0.00000 0.00000 0.00000 0.00000 0.00000 0.00000 0.00000 0.00000 0.00000 0.00000 0.00000 0.00000 0.00000 0.00000 0.00000 0.00000 0.00000 0.00000 0.00000 0.00000 0.00000 0.00000 0.00000 0.00000 0.00000 0.00000 0.00000 0.00000 0.00000 0.00000 0.00000 0.00000 0.00000 0.00000 0.00000 0.00000 0.00000 0.00000 0.00000 0.00000 0.00000 0.00000 0.00000 0.00000 0.00000 0.00000 0.00000 0.00000 0.00000 0.00000 0.00000 0.00000 0.00000 0.00000 0.00000 0.00000
0.01646 0.01445 0.01199 0.00945 0.00749 0.00602 0.00454 0.00267 0.00087 0.00009 0.00000 0.00000 0.00000 0.00000 0.00000 0.00000 0.00000 0.00000 0.00000 0.00000 0.00000 0.00000 0.00000 0.00000 0.00000 0.00000 0.00000 0.00000 0.00000 0.00000 0.00000 0.00000 0.00000 0.00000 0.00000 0.00000 0.00000 0.00000 0.00000 0.00000 0.00000 0.00000 0.00000 0.00000 0.00000 0.00000 0.00000 0.00000 0.00000 0.00000 0.00000 0.00000 0.00000 0.00000 0.00000 0.00000 0.00000 0.00000 0.00000 0.00000 0.00000 0.00000 0.00000 0.00000 0.00000
0.05045 0.04723 0.04337 0.03914 0.03506 0.03120 0.02711 0.02238 0.01759 0.01379 0.01080 0.00783 0.00436 0.00132 0.00013 0.00000 0.00000 0.00000 0.00000 0.00000 0.00000 0.00000 0.00000 0.00000 0.00000 0.00000 0.00000 0.00000 0.00000 0.00000 0.00000 0.00000 0.00000 0.00000 0.00000 0.00000 0.00000 0.00000 0.00000 0.00000 0.00000 0.00000 0.00000 0.00000 0.00000 0.00000 0.00000 0.00000 0.00000 0.00000 0.00000 0.00000 0.00000 0.00000 0.00000 0.00000 0.00000 0.00000 0.00000 0.00000 0.00000 0.00000 0.00000 0.00000 0.00000
0.12230 0.11898 0.11473 0.10967 0.10416 0.09832 0.09180 0.08424 0.07607 0.06811 0.06039 0.05218 0.04298 0.03392 0.02658 0.02054 0.01448 0.00782 0.00236 0.00024 0.00001 0.00000 0.00000 0.00000 0.00000 0.00000 0.00000 0.00000 0.00000 0.00000 0.00000 0.00000 0.00000 0.00000 0.00000 0.00000 0.00000 0.00000 0.00000 0.00000 0.00000 0.00000 0.00000 0.00000 0.00000 0.00000 0.00000 0.00000 0.00000 0.00000 0.00000 0.00000 0.00000 0.00000 0.00000 0.00000 0.00000 0.00000 0.00000 0.00000 0.00000 0.00000 0.00000 0.00000 0.00000
0.25283 0.25193 0.24981 0.24647 0.24207 0.23670 0.23011 0.22201 0.21254 0.20224 0.19120 0.17888 0.16481 0.14978 0.13498 0.12028 0.10443 0.08685 0.06961 0.05518 0.04278 0.03026 0.01699 0.00599 0.00095 0.00005 0.00000 0.00000 0.00000 0.00000 0.00000 0.00000 0.00000 0.00000 0.00000 0.00000 0.00000 0.00000 0.00000 0.00000 0.00000 0.00000 0.00000 0.00000 0.00000 0.00000 0.00000 0.00000 0.00000 0.00000 0.00000 0.00000 0.00000 0.00000 0.00000 0.00000 0.00000 0.00000 0.00000 0.00000 0.00000 0.00000 0.00000 0.00000 0.00000
0.46238 0.46767 0.47155 0.47391 0.47477 0.47416 0.47190 0.46771 0.46159 0.45378 0.44435 0.43292 0.41911 0.40324 0.38603 0.36743 0.34649 0.32266 0.29722 0.27181 0.24590 0.21734 0.18539 0.15326 0.12494 0.09954 0.07349 0.04594 0.02158 0.00684 0.00155 0.00039 0.00015 0.00007 0.00004 0.00002 0.00001 0.00001 0.00000 0.00000 0.00000 0.00000 0.00000 0.00000 0.00000 0.00000 0.00000 0.00000 0.00000 0.00000 0.00000 0.00000 0.00000 0.00000 0.00000 0.00000 0.00000 0.00000 0.00000 0.00000 0.00000 0.00000 0.00000 0.00000 0.00000
0.76558 0.78136 0.79562 0.80820 0.81904 0.82809 0.83520 0.84015 0.84283 0.84331 0.84160 0.83746 0.83060 0.82110 0.80930 0.79522 0.77826 0.75802 0.73507 0.71029 0.68332 0.65266 0.61765 0.58004 0.54174 0.50143 0.45563 0.40327 0.34862 0.29694 0.24732 0.19431 0.13691 0.08286 0.04313 0.02151 0.01111 0.00581 0.00307 0.00161 0.00081 0.00038 0.00016 0.00006 0.00002 0.00001 0.00000 0.00000 0.00000 0.00000 0.00000 0.00000 0.00000 0.00000 0.00000 0.00000 0.00000 0.00000 0.00000 0.00000 0.00000 0.00000 0.00000 0.00000 0.00000
1.16892 1.19920 1.22788 1.25480 1.27982 1.30286 1.32376 1.34232 1.35841 1.37198 1.38298 1.39127 1.39664 1.39904 1.39863 1.39542 1.38911 1.37946 1.36669 1.35124 1.33300 1.31121 1.28549 1.25661 1.22535 1.19086 1.15120 1.10574 1.05558 1.00120 0.94000 0.86813 0.78616 0.70006 0.61249 0.51664 0.40902 0.29928 0.20462 0.13240 0.08070 0.04665 0.02587 0.01375 0.00685 0.00309 0.00121 0.00039 0.00010 0.00002 0.00000 0.00000 0.00000 0.00000 0.00000 0.00000 0.00000 0.00000 0.00000 0.00000 0.00000 0.00000 0.00000 0.00000 0.00000
1.67265 1.72083 1.76734 1.81202 1.85468 1.89518 1.93336 1.96903 2.00205 2.03230 2.05972 2.08417 2.10548 2.12360 2.13856 2.15037 2.15889 2.16399 2.16575 2.16437 2.15983 2.15172 2.13977 2.12394 2.10306 2.07582 2.04111 1.99872 1.95019 1.89692 1.83824 1.77300 1.70156 1.62501 1.54227 1.44998 1.34648 1.23134 1.09918 0.94726 0.78467 0.62415 0.47027 0.33047 0.21444 0.12810 0.07060 0.03559 0.01590 0.00599 0.00177 0.00037 0.00005 0.00000 0.00000 0.00000 0.00000 0.00000 0.00000 0.00000 0.00000 0.00000 0.00000 0.00000 0.00000
2.27540 2.34458 2.41204 2.47759 2.54104 2.60222 2.66096 2.71710 2.77047 2.82097 2.86848 2.91294 2.95425 2.99238 3.02734 3.05919 3.08789 3.11337 3.13538 3.15214 3.16238 3.16533 3.16044 3.14763 3.12826 3.10296 3.07168 3.03445 2.99169 2.94369 2.89026 2.83110 2.76641 2.69655 2.62110 2.53910 2.45000 2.35319 2.24657 2.12651 1.98628 1.81676 1.62321 1.41585 1.19537 0.96231 0.72451 0.50014 0.31112 0.17214 0.08320 0.03375 0.01072 0.00237 0.00031 0.00002 0.00000 0.00000 0.00000 0.00000 0.00000 0.00000 0.00000 0.00000 0.00000
2.97957 3.07327 3.16534 3.25557 3.34382 3.42992 3.51374 3.59520 3.67421 3.75073 3.82482 3.89650 3.96564 4.03028 4.08885 4.14053 4.18467 4.22066 4.24824 4.26875 4.28294 4.29087 4.29251 4.28786 4.27699 4.25992 4.23661 4.20711 4.17164 4.13037 4.08329 4.03036 3.97172 3.90746 3.83746 3.76145 3.67923 3.59051 3.49458 3.39026 3.27558 3.14686 2.99628 2.81415 2.60345 2.36597 2.09962 1.80147 1.47093 1.11721 0.76794 0.46378 0.23864 0.10016 0.03183 0.00675 0.00077 0.00004 0.00000 0.00000 0.00000 0.00000 0.00000 0.00000 0.00000
3.79896 3.92299 4.04607 4.16815 4.28926 4.40948 4.52792 4.64200 4.75047 4.85247 4.94724 5.03405 5.11229 5.18322 5.24777 5.30607 5.35809 5.40369 5.44276 5.47522 5.50105 5.52014 5.53248 5.53806 5.53697 5.52926 5.51495 5.49413 5.46693 5.43347 5.39381 5.34799 5.29607 5.23811 5.17405 5.10374 5.02705 4.94375 4.85344 4.75557 4.64933 4.53345 4.40554 4.26053 4.08845 3.88633 3.65331 3.38396 3.07100 2.70732 2.28808 1.81591 1.31267 0.83134 0.44021 0.18346 0.05472 0.01002 0.00087 0.00003 0.00000 0.00000 0.00000 0.00000 0.00000
4.78234 4.94319 5.09922 5.24949 5.39308 5.52901 5.65726 5.77952 5.89615 6.00708 6.11211 6.21104 6.30365 6.38980 6.46934 6.54213 6.60806 6.66704 6.71895 6.76377 6.80145 6.83199 6.85537 6.87166 6.88089 6.88313 6.87848 6.86698 6.84877 6.82393 6.79256 6.75470 6.71038 6.65959 6.60226 6.53826 6.46742 6.38946 6.30407 6.21079 6.10901 5.99797 5.87654 5.74285 5.59311 5.41903 5.21659 4.98296 4.71182 4.39373 4.01672 3.56830 3.03931 2.43087 1.76745 1.11527 0.57485 0.22382 0.05839 0.00833 0.00046 0.00001 0.00000 0.00000 0.00000
5.85339 6.02378 6.18981 6.35124 6.50775 6.65904 6.80480 6.94477 7.07873 7.20642 7.32769 7.44230 7.55010 7.65095 7.74468 7.83122 7.91044 7.98227 8.04667 8.10361 8.15309 8.19512 8.22972 8.25692 8.27682 8.28946 8.29493 8.29334 8.28476 8.26929 8.24696 8.21779 8.18176 8.13880 8.08879 8.03159 7.96692 7.89451 7.81396 7.72478 7.62640 7.51810 7.39902 7.26804 7.12346 6.96181 6.77609 6.56302 6.31844 6.03550 5.70409 5.31048 4.83779 4.26847 3.59082 2.81133 1.97419 1.18071 0.56004 0.19015 0.03910 0.00362 0.00009 0.00000 0.00000
6.92903 7.11829 7.30273 7.48200 7.65581 7.82388 7.98594 8.14175 8.29110 8.43381 8.56965 8.69848 8.82013 8.93447 9.04138 9.14078 9.23259 9.31678 9.39333 9.46219 9.52338 9.57695 9.62291 9.66130 9.69220 9.71569 9.73184 9.74072 9.74237 9.73681 9.72406 9.70403 9.67667 9.64185 9.59938 9.54901 9.49043 9.42326 9.34703 9.26121 9.16517 9.05823 8.93960 8.80835 8.66331 8.50274 8.32268 8.11813 7.88567 7.62035 7.31484 6.95853 6.53661 6.02977 5.41548 4.67342 3.80070 2.83414 1.85646 1.00174 0.40586 0.10717 0.01439 0.00062 0.00001
8.02311 8.22819 8.42800 8.62228 8.81073 8.99312 9.16920 9.33879 9.50165 9.65762 9.80652 9.94820 10.08252 10.20935 10.32864 10.44028 10.54425 10.64049 10.72899 10.80975 10.88274 10.94802 11.00559 11.05552 11.09786 11.13263 11.15986 11.17957 11.19175 11.19634 11.19324 11.18237 11.16355 11.13657 11.10115 11.05694 11.00355 10.94053 10.86733 10.78341 10.68814 10.58084 10.46075 10.32700 10.17865 10.01447 9.83245 9.62832 9.39858 9.13924 8.84472 8.50704 8.11470 7.65162 7.09631 6.42290 5.61195 4.65904 3.58440 2.46247 1.42850 0.64309 0.19762 0.03344 0.00208
9.10467 9.32272 9.53528 9.74211 9.94299 10.13766 10.32595 10.50764 10.68255 10.85049 11.01133 11.16491 11.31113 11.44991 11.58112 11.70474 11.82070 11.92894 12.02945 12.12218 12.20717 12.28438 12.35384 12.41556 12.46949 12.51566 12.55399 12.58443 12.60684 12.62114 12.62714 12.62464 12.61337 12.59299 12.56316 12.52348 12.47345 12.41258 12.34034 12.25616 12.15943 12.04948 11.92561 11.78705 11.63296 11.46234 11.27390 11.06489 10.83194 10.57144 10.27886 9.94785 9.56943 9.13067 8.61365 7.99457 7.25384 6.36966 5.32780 4.14781 2.90402 1.73660 0.82022 0.27105 0.05131
10.14643 10.37535 10.59875 10.81644 11.02816 11.23375 11.43300 11.62570 11.81172 11.99088 12.16303 12.32806 12.48586 12.63631 12.77934 12.91486 13.04278 13.16306 13.27560 13.38041 13.47740 13.56654 13.64777 13.72102 13.78620 13.84320 13.89187 13.93206 13.96360 13.98623 13.99972 14.00373 13.99792 13.98191 13.95526 13.91750 13.86817 13.80676 13.73275 13.64560 13.54471 13.42951 13.29937 13.15361 12.99151 12.81226 12.61488 12.39755 12.15744 11.89134 11.59526 11.26392 10.88989 10.46259 9.96723 9.38358 8.69588 7.87718 6.90056 5.75606 4.46834 3.12000 1.86242 0.88028 0.29233
11.12516 11.36365 11.59674 11.82421 12.04587 12.26154 12.47104 12.67420 12.87084 13.06083 13.24401 13.42026 13.58944 13.75144 13.90612 14.05339 14.19311 14.32518 14.44952 14.56598 14.67448 14.77487 14.86702 14.95074 15.02587 15.09220 15.14948 15.19750 15.23594 15.26450 15.28283 15.29057 15.28729 15.27258 15.24596 15.20703 15.15531 15.09032 15.01159 14.91862 14.81094 14.68803 14.54934 14.39435 14.22243 14.03292 13.82499 13.59738 13.34779 13.07340 12.77069 12.43498 12.05993 11.63650 11.15211 10.58980 9.93699 9.16670 8.24936 7.16250 5.90288 4.50748 3.07708 1.78074 0.80649
12.01825 12.26556 12.50762 12.74425 12.97529 13.20056 13.41988 13.63307 13.83997 14.04045 14.23431 14.42140 14.60157 14.77465 14.94047 15.09887 15.24970 15.39275 15.52786 15.65486 15.77350 15.88359 15.98486 16.07708 16.15995 16.23319 16.29650 16.34953 16.39194 16.42333 16.44335 16.45156 16.44754 16.43091 16.40124 16.35810 16.30109 16.22980 16.14383 16.04277 15.92624 15.79380 15.64505 15.47954 15.29676 15.09614 14.87699 14.63832 14.37828 14.09441 13.78353 13.44149 13.06258 12.63881 12.15907 11.60890 10.97741 10.23965 9.36698 8.33255 7.11956 5.73739 4.24505 2.77161 1.50579
