tests/data/gray99/saval2D/outputs/resuqv3.asc
north:     17.44
south:      0.00
east:      60.51
west:       0.00
rows:   68
cols:  236
[rows 28 to 55 of 68, columns 0 to 62 of 236]
0.00000 0.00000 0.00000 0.00000 0.00005 0.00120 0.00550 0.01221 0.01856 0.02312 0.02558 0.02578 0.02343 0.01830 0.01023 -0.00001 -0.01126 -0.02267 -0.03401 -0.04543 -0.05718 -0.06943 -0.08220 -0.09545 -0.10908 -0.12298 -0.13705 -0.15120 -0.16534 -0.17938 -0.19325 -0.20686 -0.22017 -0.23309 -0.24558 -0.25758 -0.26903 -0.27988 -0.29007 -0.29954 -0.30823 -0.31606 -0.32298 -0.32894 -0.33389 -0.33777 -0.34054 -0.34214 -0.34253 -0.34164 -0.33944 -0.33589 -0.33098 -0.32471 -0.31709 -0.30817 -0.29799 -0.28662 -0.27411 -0.26056 -0.24604 -0.23068 -0.21461
0.00000 0.00000 0.00000 0.00000 0.00010 0.00136 0.00446 0.00768 0.00945 0.00986 0.00918 0.00729 0.00380 -0.00164 -0.00927 -0.01862 -0.02882 -0.03924 -0.04972 -0.06039 -0.07143 -0.08297 -0.09500 -0.10744 -0.12021 -0.13318 -0.14627 -0.15939 -0.17245 -0.18537 -0.19807 -0.21050 -0.22258 -0.23427 -0.24552 -0.25627 -0.26649 -0.27613 -0.28514 -0.29348 -0.30109 -0.30791 -0.31391 -0.31902 -0.32323 -0.32649 -0.32876 -0.33000 -0.33018 -0.32924 -0.32717 -0.32394 -0.31954 -0.31398 -0.30729 -0.29951 -0.29067 -0.28085 -0.27008 -0.25843 -0.24598 -0.23280 -0.21900
0.00000 0.00000 0.00000 0.00000 0.00016 0.00115 0.00232 0.00179 -0.00053 -0.00362 -0.00707 -0.01101 -0.01581 -0.02179 -0.02923 -0.03789 -0.04722 -0.05679 -0.06651 -0.07649 -0.08687 -0.09771 -0.10900 -0.12064 -0.13254 -0.14458 -0.15667 -0.16872 -0.18066 -0.19241 -0.20390 -0.21508 -0.22588 -0.23627 -0.24620 -0.25565 -0.26457 -0.27293 -0.28070 -0.28783 -0.29429 -0.30003 -0.30502 -0.30922 -0.31260 -0.31515 -0.31683 -0.31762 -0.31748 -0.31640 -0.31435 -0.31133 -0.30734 -0.30241 -0.29656 -0.28984 -0.28228 -0.27393 -0.26485 -0.25507 -0.24466 -0.23367 -0.22218
0.00000 0.00000 0.00000 0.00000 0.00016 0.00059 -0.00046 -0.00466 -0.01075 -0.01705 -0.02310 -0.02906 -0.03524 -0.04189 -0.04930 -0.05744 -0.06604 -0.07488 -0.08395 -0.09331 -0.10308 -0.11326 -0.12382 -0.13466 -0.14567 -0.15674 -0.16780 -0.17877 -0.18956 -0.20010 -0.21032 -0.22019 -0.22966 -0.23868 -0.24723 -0.25531 -0.26288 -0.26991 -0.27638 -0.28226 -0.28750 -0.29210 -0.29600 -0.29921 -0.30172 -0.30350 -0.30453 -0.30479 -0.30428 -0.30297 -0.30086 -0.29797 -0.29433 -0.28996 -0.28491 -0.27920 -0.27288 -0.26599 -0.25857 -0.25065 -0.24226 -0.23347 -0.22432
0.00000 0.00000 0.00000 0.00000 0.00009 -0.00024 -0.00348 -0.01110 -0.02079 -0.03026 -0.03893 -0.04692 -0.05449 -0.06186 -0.06930 -0.07700 -0.08497 -0.09316 -0.10161 -0.11040 -0.11957 -0.12913 -0.13899 -0.14904 -0.15919 -0.16931 -0.17930 -0.18910 -0.19867 -0.20793 -0.21686 -0.22539 -0.23350 -0.24115 -0.24832 -0.25495 -0.26108 -0.26670 -0.27180 -0.27637 -0.28038 -0.28382 -0.28665 -0.28885 -0.29039 -0.29131 -0.29161 -0.29129 -0.29036 -0.28880 -0.28664 -0.28388 -0.28055 -0.27668 -0.27236 -0.26763 -0.26254 -0.25710 -0.25136 -0.24533 -0.23902 -0.23244 -0.22562
0.00000 -0.00000 -0.00000 -0.00000 -0.00006 -0.00117 -0.00645 -0.01724 -0.03051 -0.04327 -0.05465 -0.06471 -0.07364 -0.08165 -0.08905 -0.09627 -0.10360 -0.11119 -0.11912 -0.12740 -0.13603 -0.14495 -0.15407 -0.16329 -0.17251 -0.18164 -0.19061 -0.19931 -0.20768 -0.21567 -0.22322 -0.23033 -0.23698 -0.24316 -0.24887 -0.25413 -0.25888 -0.26312 -0.26682 -0.27001 -0.27268 -0.27484 -0.27650 -0.27766 -0.27833 -0.27848 -0.27808 -0.27715 -0.27572 -0.27382 -0.27151 -0.26882 -0.26584 -0.26259 -0.25910 -0.25539 -0.25151 -0.24749 -0.24336 -0.23917 -0.23492 -0.23065 -0.22631
0.00000 -0.00000 -0.00000 -0.00001 -0.00020 -0.00202 -0.00919 -0.02312 -0.04004 -0.05613 -0.07022 -0.08229 -0.09250 -0.10109 -0.10839 -0.11510 -0.12176 -0.12870 -0.13604 -0.14378 -0.15185 -0.16016 -0.16859 -0.17702 -0.18536 -0.19351 -0.20137 -0.20887 -0.21598 -0.22264 -0.22886 -0.23459 -0.23983 -0.24459 -0.24885 -0.25260 -0.25585 -0.25861 -0.26090 -0.26274 -0.26413 -0.26509 -0.26563 -0.26573 -0.26541 -0.26466 -0.26351 -0.26199 -0.26013 -0.25799 -0.25562 -0.25309 -0.25043 -0.24772 -0.24499 -0.24230 -0.23969 -0.23719 -0.23481 -0.23256 -0.23046 -0.22845 -0.22651
0.00000 -0.00000 -0.00000 -0.00001 -0.00029 -0.00265 -0.01158 -0.02880 -0.04954 -0.06896 -0.08563 -0.09952 -0.11084 -0.11984 -0.12690 -0.13299 -0.13891 -0.14517 -0.15193 -0.15914 -0.16666 -0.17435 -0.18207 -0.18968 -0.19710 -0.20423 -0.21099 -0.21733 -0.22321 -0.22859 -0.23344 -0.23778 -0.24158 -0.24487 -0.24764 -0.24991 -0.25171 -0.25303 -0.25393 -0.25440 -0.25449 -0.25422 -0.25359 -0.25264 -0.25137 -0.24980 -0.24795 -0.24588 -0.24362 -0.24125 -0.23884 -0.23646 -0.23420 -0.23211 -0.23025 -0.22867 -0.22739 -0.22644 -0.22583 -0.22556 -0.22560 -0.22592 -0.22645
0.00000 -0.00000 -0.00000 -0.00000 -0.00029 -0.00294 -0.01352 -0.03423 -0.05897 -0.08165 -0.10065 -0.11610 -0.12827 -0.13749 -0.14418 -0.14956 -0.15468 -0.16022 -0.16637 -0.17302 -0.17997 -0.18702 -0.19401 -0.20079 -0.20728 -0.21339 -0.21906 -0.22424 -0.22888 -0.23297 -0.23648 -0.23943 -0.24180 -0.24364 -0.24494 -0.24574 -0.24608 -0.24597 -0.24547 -0.24460 -0.24340 -0.24192 -0.24017 -0.23820 -0.23601 -0.23365 -0.23115 -0.22857 -0.22597 -0.22345 -0.22109 -0.21897 -0.21719 -0.21581 -0.21490 -0.21450 -0.21464 -0.21533 -0.21657 -0.21834 -0.22060 -0.22330 -0.22633
0.00000 -0.00000 -0.00000 -0.00000 -0.00023 -0.00287 -0.01472 -0.03893 -0.06786 -0.09379 -0.11491 -0.13162 -0.14440 -0.15366 -0.15987 -0.16445 -0.16872 -0.17351 -0.17901 -0.18508 -0.19142 -0.19781 -0.20404 -0.20997 -0.21551 -0.22059 -0.22516 -0.22918 -0.23259 -0.23540 -0.23758 -0.23914 -0.24011 -0.24049 -0.24034 -0.23968 -0.23857 -0.23705 -0.23516 -0.23297 -0.23052 -0.22786 -0.22503 -0.22208 -0.21903 -0.21595 -0.21287 -0.20987 -0.20704 -0.20446 -0.20226 -0.20051 -0.19933 -0.19879 -0.19895 -0.19985 -0.20151 -0.20394 -0.20712 -0.21102 -0.21557 -0.22070 -0.22626
0.00000 -0.00000 -0.00000 -0.00000 -0.00015 -0.00244 -0.01479 -0.04207 -0.07532 -0.10461 -0.12776 -0.14556 -0.15877 -0.16797 -0.17362 -0.17736 -0.18074 -0.18475 -0.18958 -0.19503 -0.20075 -0.20643 -0.21187 -0.21691 -0.22147 -0.22550 -0.22896 -0.23180 -0.23400 -0.23553 -0.23638 -0.23657 -0.23613 -0.23508 -0.23347 -0.23136 -0.22881 -0.22588 -0.22264 -0.21915 -0.21549 -0.21170 -0.20785 -0.20399 -0.20018 -0.19645 -0.19290 -0.18959 -0.18664 -0.18415 -0.18224 -0.18102 -0.18058 -0.18102 -0.18239 -0.18472 -0.18803 -0.19232 -0.19755 -0.20367 -0.21060 -0.21820 -0.22630
0.00000 0.00000 -0.00000 -0.00000 -0.00008 -0.00176 -0.01342 -0.04272 -0.08019 -0.11308 -0.13836 -0.15727 -0.17093 -0.18008 -0.18520 -0.18810 -0.19060 -0.19380 -0.19795 -0.20275 -0.20780 -0.21273 -0.21730 -0.22139 -0.22493 -0.22787 -0.23018 -0.23184 -0.23280 -0.23304 -0.23256 -0.23137 -0.22950 -0.22700 -0.22394 -0.22038 -0.21640 -0.21208 -0.20751 -0.20277 -0.19794 -0.19309 -0.18830 -0.18363 -0.17913 -0.17489 -0.17098 -0.16751 -0.16459 -0.16234 -0.16090 -0.16037 -0.16085 -0.16243 -0.16517 -0.16910 -0.17421 -0.18050 -0.18791 -0.19636 -0.20573 -0.21586 -0.22649
0.00000 -0.00000 -0.00000 -0.00000 -0.00003 -0.00109 -0.01077 -0.04038 -0.08143 -0.11809 -0.14581 -0.16609 -0.18043 -0.18974 -0.19448 -0.19662 -0.19827 -0.20069 -0.20414 -0.20827 -0.21258 -0.21666 -0.22028 -0.22332 -0.22574 -0.22752 -0.22865 -0.22908 -0.22876 -0.22768 -0.22582 -0.22320 -0.21987 -0.21589 -0.21135 -0.20632 -0.20092 -0.19523 -0.18936 -0.18341 -0.17749 -0.17166 -0.16602 -0.16064 -0.15560 -0.15098 -0.14687 -0.14341 -0.14070 -0.13889 -0.13810 -0.13845 -0.14005 -0.14297 -0.14727 -0.15296 -0.16005 -0.16849 -0.17821 -0.18910 -0.20101 -0.21370 -0.22682
0.00000 -0.00000 -0.00000 -0.00000 -0.00001 -0.00062 -0.00761 -0.03506 -0.07815 -0.11865 -0.14939 -0.17161 -0.18711 -0.19695 -0.20158 -0.20314 -0.20403 -0.20572 -0.20847 -0.21186 -0.21531 -0.21839 -0.22090 -0.22274 -0.22392 -0.22445 -0.22430 -0.22342 -0.22175 -0.21925 -0.21592 -0.21179 -0.20692 -0.20139 -0.19532 -0.18880 -0.18196 -0.17492 -0.16780 -0.16071 -0.15376 -0.14706 -0.14069 -0.13475 -0.12932 -0.12450 -0.12039 -0.11713 -0.11484 -0.11368 -0.11376 -0.11522 -0.11815 -0.12262 -0.12868 -0.13635 -0.14559 -0.15636 -0.16854 -0.18201 -0.19652 -0.21177 -0.22732
0.00000 0.00000 -0.00000 -0.00000 -0.00000 -0.00030 -0.00446 -0.02689 -0.06971 -0.11400 -0.14861 -0.17358 -0.19091 -0.20184 -0.20678 -0.20805 -0.20839 -0.20944 -0.21147 -0.21400 -0.21641 -0.21829 -0.21946 -0.21992 -0.21971 -0.21883 -0.21727 -0.21495 -0.21178 -0.20771 -0.20276 -0.19696 -0.19042 -0.18325 -0.17556 -0.16751 -0.15923 -0.15086 -0.14254 -0.13440 -0.12655 -0.11911 -0.11218 -0.10585 -0.10022 -0.09540 -0.09151 -0.08869 -0.08706 -0.08677 -0.08798 -0.09078 -0.09527 -0.10154 -0.10959 -0.11945 -0.13106 -0.14435 -0.15918 -0.17533 -0.19251 -0.21029 -0.22809
0.00000 -0.00000 -0.00000 -0.00000 -0.00000 -0.00009 -0.00207 -0.01746 -0.05681 -0.10398 -0.14310 -0.17169 -0.19163 -0.20436 -0.21028 -0.21178 -0.21195 -0.21254 -0.21384 -0.21536 -0.21648 -0.21690 -0.21651 -0.21537 -0.21358 -0.21114 -0.20799 -0.20401 -0.19911 -0.19324 -0.18643 -0.17878 -0.17039 -0.16142 -0.15204 -0.14242 -0.13271 -0.12307 -0.11364 -0.10457 -0.09598 -0.08798 -0.08068 -0.07418 -0.06859 -0.06402 -0.06060 -0.05847 -0.05777 -0.05865 -0.06123 -0.06564 -0.07197 -0.08027 -0.09058 -0.10288 -0.11710 -0.13312 -0.15075 -0.16969 -0.18954 -0.20972 -0.22949
0.00000 -0.00000 0.00000 -0.00000 -0.00000 -0.00001 -0.00074 -0.00901 -0.04094 -0.08872 -0.13248 -0.16553 -0.18898 -0.20441 -0.21218 -0.21470 -0.21522 -0.21560 -0.21617 -0.21653 -0.21618 -0.21494 -0.21282 -0.20996 -0.20644 -0.20225 -0.19727 -0.19136 -0.18441 -0.17643 -0.16748 -0.15769 -0.14726 -0.13638 -0.12524 -0.11404 -0.10296 -0.09215 -0.08178 -0.07196 -0.06285 -0.05453 -0.04712 -0.04073 -0.03545 -0.03143 -0.02878 -0.02764 -0.02817 -0.03050 -0.03476 -0.04107 -0.04952 -0.06016 -0.07300 -0.08800 -0.10507 -0.12403 -0.14459 -0.16635 -0.18873 -0.21098 -0.23213
0.00000 -0.00000 -0.00000 -0.00000 -0.00000 -0.00000 -0.00017 -0.00338 -0.02441 -0.06875 -0.11638 -0.15466 -0.18258 -0.20168 -0.21227 -0.21664 -0.21810 -0.21858 -0.21856 -0.21781 -0.21605 -0.21322 -0.20945 -0.20487 -0.19957 -0.19346 -0.18641 -0.17825 -0.16891 -0.15847 -0.14707 -0.13495 -0.12234 -0.10948 -0.09661 -0.08393 -0.07162 -0.05985 -0.04876 -0.03850 -0.02915 -0.02084 -0.01366 -0.00770 -0.00309 0.00005 0.00160 0.00140 -0.00068 -0.00480 -0.01107 -0.01962 -0.03052 -0.04381 -0.05949 -0.07748 -0.09761 -0.11963 -0.14311 -0.16747 -0.19194 -0.21552 -0.23699
0.00000 -0.00000 -0.00000 -0.00000 -0.00000 -0.00000 -0.00001 -0.00086 -0.01071 -0.04568 -0.09469 -0.13860 -0.17196 -0.19555 -0.20975 -0.21667 -0.21962 -0.22065 -0.22046 -0.21911 -0.21646 -0.21256 -0.20754 -0.20151 -0.19454 -0.18649 -0.17720 -0.16654 -0.15456 -0.14145 -0.12749 -0.11298 -0.09824 -0.08354 -0.06914 -0.05525 -0.04203 -0.02966 -0.01825 -0.00792 0.00124 0.00915 0.01570 0.02080 0.02435 0.02622 0.02626 0.02435 0.02033 0.01405 0.00539 -0.00576 -0.01947 -0.03574 -0.05453 -0.07570 -0.09896 -0.12390 -0.14991 -0.17618 -0.20166 -0.22511 -0.24507
0.00000 0.00000 -0.00000 -0.00000 -0.00000 -0.00000 -0.00000 -0.00009 -0.00297 -0.02343 -0.06810 -0.11664 -0.15616 -0.18499 -0.20342 -0.21351 -0.21859 -0.22088 -0.22137 -0.22035 -0.21776 -0.21363 -0.20805 -0.20112 -0.19283 -0.18305 -0.17163 -0.15858 -0.14410 -0.12854 -0.11231 -0.09581 -0.07939 -0.06336 -0.04796 -0.03340 -0.01985 -0.00743 0.00376 0.01362 0.02209 0.02908 0.03452 0.03832 0.04035 0.04049 0.03862 0.03456 0.02818 0.01933 0.00790 -0.00621 -0.02301 -0.04248 -0.06446 -0.08867 -0.11466 -0.14178 -0.16916 -0.19571 -0.22011 -0.24091 -0.25653
0.00000 -0.00000 -0.00000 -0.00000 -0.00000 -0.00000 -0.00000 -0.00000 -0.00044 -0.00774 -0.03914 -0.08811 -0.13382 -0.16881 -0.19235 -0.20647 -0.21454 -0.21903 -0.22119 -0.22150 -0.21992 -0.21644 -0.21112 -0.20401 -0.19510 -0.18425 -0.17140 -0.15674 -0.14066 -0.12364 -0.10621 -0.08880 -0.07178 -0.05545 -0.04004 -0.02575 -0.01270 -0.00101 0.00924 0.01799 0.02517 0.03071 0.03453 0.03654 0.03660 0.03460 0.03037 0.02377 0.01466 0.00291 -0.01155 -0.02878 -0.04870 -0.07114 -0.09580 -0.12216 -0.14952 -0.17694 -0.20326 -0.22714 -0.24709 -0.26158 -0.26911
0.00000 -0.00000 -0.00000 0.00000 -0.00000 -0.00000 -0.00000 -0.00000 -0.00001 -0.00134 -0.01500 -0.05456 -0.10399 -0.14594 -0.17586 -0.19516 -0.20724 -0.21485 -0.21953 -0.22197 -0.22217 -0.22011 -0.21586 -0.20946 -0.20092 -0.19015 -0.17726 -0.16259 -0.14667 -0.13008 -0.11331 -0.09680 -0.08088 -0.06581 -0.05179 -0.03898 -0.02751 -0.01747 -0.00894 -0.00197 0.00335 0.00695 0.00873 0.00856 0.00631 0.00183 -0.00502 -0.01437 -0.02635 -0.04102 -0.05837 -0.07832 -0.10064 -0.12495 -0.15067 -0.17702 -0.20300 -0.22740 -0.24887 -0.26594 -0.27714 -0.28112 -0.27679
0.00000 0.00000 -0.00000 -0.00000 0.00000 -0.00000 -0.00000 -0.00000 -0.00000 -0.00004 -0.00300 -0.02309 -0.06720 -0.11496 -0.15254 -0.17844 -0.19569 -0.20734 -0.21530 -0.22055 -0.22321 -0.22329 -0.22091 -0.21617 -0.20915 -0.19989 -0.18866 -0.17592 -0.16222 -0.14811 -0.13402 -0.12030 -0.10721 -0.09493 -0.08365 -0.07350 -0.06459 -0.05702 -0.05088 -0.04624 -0.04320 -0.04189 -0.04245 -0.04500 -0.04972 -0.05674 -0.06618 -0.07814 -0.09265 -0.10966 -0.12900 -0.15038 -0.17333 -0.19720 -0.22113 -0.24408 -0.26481 -0.28201 -0.29427 -0.30027 -0.29885 -0.28915 -0.27081
0.00000 -0.00000 -0.00000 -0.00000 -0.00000 -0.00000 -0.00000 -0.00000 -0.00000 -0.00000 -0.00018 -0.00515 -0.03007 -0.07564 -0.12055 -0.15459 -0.17846 -0.19527 -0.20736 -0.21612 -0.22190 -0.22478 -0.22501 -0.22280 -0.21833 -0.21179 -0.20351 -0.19403 -0.18388 -0.17352 -0.16330 -0.15345 -0.14414 -0.13553 -0.12773 -0.12088 -0.11510 -0.11048 -0.10712 -0.10514 -0.10466 -0.10585 -0.10886 -0.11386 -0.12099 -0.13036 -0.14203 -0.15599 -0.17213 -0.19022 -0.20986 -0.23051 -0.25146 -0.27177 -0.29038 -0.30611 -0.31768 -0.32383 -0.32343 -0.31553 -0.29958 -0.27557 -0.24428
0.00000 -0.00000 -0.00000 -0.00000 -0.00000 -0.00000 -0.00000 -0.00000 -0.00000 -0.00000 -0.00000 -0.00043 -0.00713 -0.03443 -0.07920 -0.12137 -0.15346 -0.17687 -0.19421 -0.20732 -0.21694 -0.22328 -0.22677 -0.22775 -0.22654 -0.22340 -0.21873 -0.21307 -0.20695 -0.20077 -0.19476 -0.18909 -0.18386 -0.17916 -0.17510 -0.17179 -0.16936 -0.16790 -0.16753 -0.16838 -0.17060 -0.17435 -0.17981 -0.18712 -0.19636 -0.20757 -0.22068 -0.23552 -0.25178 -0.26901 -0.28659 -0.30373 -0.31950 -0.33284 -0.34263 -0.34770 -0.34697 -0.33952 -0.32469 -0.30229 -0.27271 -0.23714 -0.19766
0.00000 -0.00000 -0.00000 -0.00000 -0.00000 0.00000 -0.00000 -0.00000 -0.00000 -0.00000 -0.00000 -0.00000 -0.00071 -0.00832 -0.03547 -0.07802 -0.11825 -0.14981 -0.17378 -0.19232 -0.20662 -0.21713 -0.22449 -0.22927 -0.23187 -0.23264 -0.23201 -0.23055 -0.22880 -0.22708 -0.22558 -0.22436 -0.22346 -0.22293 -0.22284 -0.22329 -0.22438 -0.22623 -0.22893 -0.23262 -0.23745 -0.24357 -0.25111 -0.26014 -0.27065 -0.28252 -0.29554 -0.30932 -0.32335 -0.33697 -0.34939 -0.35967 -0.36682 -0.36983 -0.36768 -0.35951 -0.34466 -0.32282 -0.29419 -0.25958 -0.22053 -0.17914 -0.13759
0.00000 -0.00000 -0.00000 -0.00000 -0.00000 -0.00000 -0.00000 -0.00000 -0.00000 -0.00000 -0.00000 -0.00000 -0.00000 -0.00089 -0.00843 -0.03322 -0.07257 -0.11160 -0.14356 -0.16882 -0.18886 -0.20432 -0.21614 -0.22524 -0.23210 -0.23716 -0.24085 -0.24380 -0.24655 -0.24940 -0.25247 -0.25579 -0.25932 -0.26304 -0.26700 -0.27125 -0.27588 -0.28096 -0.28658 -0.29285 -0.29987 -0.30773 -0.31648 -0.32605 -0.33630 -0.34693 -0.35755 -0.36760 -0.37643 -0.38326 -0.38723 -0.38746 -0.38307 -0.37327 -0.35745 -0.33528 -0.30683 -0.27268 -0.23399 -0.19233 -0.14937 -0.10652 -0.06597
0.00000 -0.00000 -0.00000 -0.00000 -0.00000 -0.00000 -0.00000 -0.00000 -0.00000 -0.00000 -0.00000 -0.00000 -0.00000 -0.00000 -0.00088 -0.00747 -0.02828 -0.06335 -0.10115 -0.13407 -0.16109 -0.18249 -0.19946 -0.21336 -0.22483 -0.23440 -0.24253 -0.24988 -0.25700 -0.26422 -0.27164 -0.27925 -0.28697 -0.29472 -0.30250 -0.31030 -0.31816 -0.32609 -0.33412 -0.34230 -0.35062 -0.35909 -0.36757 -0.37587 -0.38368 -0.39059 -0.39605 -0.39944 -0.40007 -0.39720 -0.39010 -0.37809 -0.36065 -0.33748 -0.30861 -0.27447 -0.23589 -0.19403 -0.15007 -0.10531 -0.06269 -0.02842 -0.00829
