tests/data/gray99/saval2D/outputs/resuqv9.asc
north:     17.44
south:      0.00
east:      60.51
west:       0.00
rows:   68
cols:  236
[rows 0 to 28 of 68, columns 0 to 64 of 236]
0.00000 0.00000 0.00000 0.00000 0.00000 0.00000 0.00000 0.00000 0.00000 0.00000 0.00000 0.00000 0.00000 0.00000 0.00000 0.00000 0.00000 0.00000 0.00000 0.00000 0.00000 0.00000 0.00000 0.00000 0.00000 0.00000 0.00000 0.00000 0.00000 0.00000 0.00000 0.00000 0.00000 0.00000 0.00000 0.00000 0.00000 0.00000 0.00000 0.00000 0.00000 0.00000 0.00000 0.00000 0.00000 0.00000 0.00000 0.00000 0.00000 0.00000 0.00000 0.00000 0.00000 0.00000 0.00000 0.00000 0.00000 0.00000 0.00000 0.00000 0.00000 0.00000 0.00000 0.00000 0.00000
0.00000 0.00000 0.00000 0.00000 0.00000 0.00000 0.00000 0.00000 0.00000 0.00000 0.00000 0.00000 0.00000 0.00000 0.00000 0.00000 0.00000 0.00000 0.00000 0.00000 0.00000 0.00000 0.00000 0.00000 0.00000 0.00000 0.00000 0.00000 0.00000 0.00000 0.00000 0.00000 0.00000 0.00000 0.00000 0.00000 0.00000 0.00000 0.00000 0.00000 0.00000 0.00000 0.00000 0.00000 0.00000 0.00000 0.00000 0.00000 0.00000 0.00000 0.00000 0.00000 0.00000 0.00000 0.00000 0.00000 0.00000 0.00000 0.00000 0.00000 0.00000 0.00000 0.00000 0.00000 0.00000
0.00000 0.00000 0.00000 0.00000 0.00000 0.00000 0.00000 0.00000 0.00000 0.00000 0.00000 0.00000 0.00000 0.00000 0.00000 0.00000 0.00000 0.00000 0.00000 0.00000 0.00000 0.00000 0.00000 0.00000 0.00000 0.00000 0.00000 0.00000 0.00000 0.00000 0.00000 0.00000 0.00000 0.00000 0.00000 0.00000 0.00000 0.00000 0.00000 0.00000 0.00000 0.00000 0.00000 0.00000 0.00000 0.00000 0.00000 0.00000 0.00000 0.00000 0.00000 0.00000 0.00000 0.00000 0.00000 0.00000 0.00000 0.00000 0.00000 0.00000 0.00000 0.00000 0.00000 0.00000 0.00000
0.00000 0.00000 0.00000 0.00000 0.00000 0.00000 0.00000 0.00000 0.00000 0.00000 0.00000 0.00000 0.00000 0.00000 0.00000 0.00000 0.00000 0.00000 0.00000 0.00000 0.00000 0.00000 0.00000 0.00000 0.00000 0.00000 0.00000 0.00000 0.00000 0.00000 0.00000 0.00000 0.00000 0.00000 0.00000 0.00000 0.00000 0.00000 0.00000 0.00000 0.00000 0.00000 0.00000 0.00000 0.00000 0.00000 0.00000 0.00000 0.00000 0.00000 0.00000 0.00000 0.00000 0.00000 0.00000 0.00000 0.00000 0.00000 0.00000 0.00000 0.00000 0.00000 0.00000 0.00000 0.00000
0.00000 0.00000 0.00000 0.00000 0.00000 0.00000 0.00000 0.00000 0.00000 0.00000 0.00000 0.00000 0.00000 0.00000 0.00000 0.00000 0.00000 0.00000 0.00000 0.00000 0.00000 0.00000 0.00000 0.00000 0.00000 0.00000 0.00000 0.00000 0.00000 0.00000 0.00000 0.00001 0.00001 0.00001 0.00001 0.00001 0.00001 0.00001 0.00000 0.00000 0.00000 0.00000 0.00000 0.00000 0.00000 0.00000 0.00000 0.00000 0.00000 0.00000 0.00000 0.00000 0.00000 0.00000 0.00000 0.00000 0.00000 0.00000 0.00000 0.00000 0.00000 0.00000 0.00000 0.00000 0.00000
0.00000 0.00000 0.00000 0.00000 0.00000 0.00000 0.00000 0.00000 0.00000 0.00000 0.00000 0.00000 0.00000 0.00000 0.00000 0.00000 0.00000 0.00000 0.00000 0.00000 0.00000 0.00000 0.00000 0.00000 0.00000 0.00001 0.00003 0.00004 0.00005 0.00006 0.00008 0.00009 0.00010 0.00011 0.00012 0.00013 0.00013 0.00013 0.00013 0.00013 0.00012 0.00012 0.00011 0.00010 0.00007 0.00004 0.00001 0.00000 0.00000 0.00000 0.00000 0.00000 0.00000 0.00000 0.00000 0.00000 0.00000 0.00000 0.00000 0.00000 0.00000 0.00000 0.00000 0.00000 0.00000
0.00000 0.00000 0.00000 0.00000 0.00000 0.00000 0.00000 0.00000 0.00000 0.00000 0.00000 0.00000 0.00000 0.00000 0.00000 0.00000 0.00000 0.00000 0.00000 0.00000 0.00000 0.00000 0.00002 0.00003 0.00005 0.00007 0.00010 0.00014 0.00017 0.00020 0.00023 0.00026 0.00029 0.00032 0.00034 0.00036 0.00038 0.00039 0.00040 0.00040 0.00040 0.00040 0.00039 0.00036 0.00032 0.00027 0.00023 0.00021 0.00019 0.00018 0.00016 0.00012 0.00006 0.00001 0.00000 0.00000 0.00000 0.00000 0.00000 0.00000 0.00000 0.00000 0.00000 0.00000 0.00000
0.00000 0.00000 0.00000 0.00000 0.00000 0.00000 0.00000 0.00000 0.00000 0.00000 0.00000 0.00000 0.00000 0.00000 0.00000 0.00000 0.00000 0.00000 0.00000 0.00001 0.00002 0.00004 0.00007 0.00010 0.00015 0.00020 0.00025 0.00031 0.00038 0.00044 0.00050 0.00056 0.00061 0.00066 0.00071 0.00075 0.00079 0.00082 0.00084 0.00086 0.00087 0.00088 0.00087 0.00084 0.00080 0.00074 0.00069 0.00065 0.00062 0.00060 0.00055 0.00048 0.00038 0.00031 0.00027 0.00024 0.00022 0.00018 0.00010 0.00003 0.00000 0.00000 0.00000 0.00000 0.00000
0.00000 0.00000 0.00000 0.00000 0.00000 0.00000 0.00000 0.00000 0.00000 0.00000 0.00000 0.00000 0.00000 0.00000 0.00000 0.00000 0.00000 0.00000 0.00001 0.00004 0.00007 0.00011 0.00017 0.00023 0.00031 0.00039 0.00048 0.00058 0.00068 0.00078 0.00088 0.00098 0.00107 0.00116 0.00124 0.00132 0.00138 0.00144 0.00149 0.00154 0.00157 0.00159 0.00159 0.00158 0.00154 0.00149 0.00144 0.00139 0.00135 0.00131 0.00125 0.00116 0.00104 0.00093 0.00085 0.00080 0.00074 0.00066 0.00053 0.00041 0.00034 0.00030 0.00026 0.00020 0.00011
0.00000 0.00000 0.00000 0.00000 0.00000 0.00000 0.00000 0.00000 0.00000 0.00000 0.00000 0.00000 0.00000 0.00000 0.00000 0.00000 0.00001 0.00002 0.00005 0.00010 0.00016 0.00023 0.00032 0.00043 0.00054 0.00067 0.00081 0.00095 0.00110 0.00125 0.00140 0.00155 0.00169 0.00182 0.00195 0.00207 0.00218 0.00228 0.00237 0.00245 0.00252 0.00257 0.00260 0.00261 0.00259 0.00256 0.00251 0.00247 0.00242 0.00238 0.00231 0.00222 0.00208 0.00195 0.00184 0.00174 0.00165 0.00154 0.00138 0.00121 0.00108 0.00099 0.00090 0.00078 0.00062
0.00000 0.00000 0.00000 0.00000 0.00000 0.00000 0.00000 0.00000 0.00000 0.00000 0.00000 0.00000 0.00000 0.00000 0.00000 0.00001 0.00003 0.00006 0.00012 0.00019 0.00029 0.00040 0.00054 0.00069 0.00085 0.00103 0.00122 0.00143 0.00164 0.00185 0.00206 0.00227 0.00247 0.00267 0.00286 0.00304 0.00321 0.00336 0.00350 0.00363 0.00374 0.00384 0.00391 0.00396 0.00398 0.00397 0.00395 0.00392 0.00389 0.00385 0.00379 0.00370 0.00357 0.00342 0.00329 0.00316 0.00304 0.00290 0.00271 0.00251 0.00233 0.00217 0.00203 0.00186 0.00165
0.00000 0.00000 0.00000 0.00000 0.00000 0.00000 0.00000 0.00000 0.00000 0.00000 0.00000 0.00000 0.00000 0.00000 0.00001 0.00003 0.00007 0.00014 0.00022 0.00033 0.00047 0.00063 0.00081 0.00102 0.00124 0.00148 0.00174 0.00201 0.00229 0.00258 0.00287 0.00315 0.00343 0.00371 0.00397 0.00422 0.00446 0.00469 0.00490 0.00509 0.00527 0.00542 0.00555 0.00565 0.00572 0.00577 0.00579 0.00579 0.00579 0.00577 0.00573 0.00565 0.00554 0.00540 0.00526 0.00512 0.00498 0.00482 0.00462 0.00439 0.00417 0.00396 0.00376 0.00354 0.00329
0.00000 0.00000 0.00000 0.00000 0.00000 0.00000 0.00000 0.00000 0.00000 0.00000 0.00000 0.00000 0.00000 0.00001 0.00003 0.00008 0.00014 0.00024 0.00036 0.00051 0.00069 0.00090 0.00115 0.00141 0.00171 0.00202 0.00236 0.00271 0.00307 0.00344 0.00382 0.00419 0.00456 0.00493 0.00528 0.00563 0.00596 0.00627 0.00657 0.00684 0.00710 0.00733 0.00754 0.00771 0.00786 0.00797 0.00805 0.00810 0.00814 0.00816 0.00816 0.00812 0.00805 0.00794 0.00781 0.00767 0.00752 0.00736 0.00716 0.00692 0.00668 0.00644 0.00620 0.00594 0.00565
0.00000 0.00000 0.00000 0.00000 0.00000 0.00000 0.00000 0.00000 0.00000 0.00000 0.00000 0.00000 0.00001 0.00003 0.00007 0.00014 0.00024 0.00037 0.00053 0.00073 0.00096 0.00123 0.00154 0.00188 0.00225 0.00264 0.00306 0.00350 0.00396 0.00443 0.00491 0.00539 0.00587 0.00634 0.00680 0.00726 0.00769 0.00811 0.00851 0.00889 0.00925 0.00958 0.00988 0.01015 0.01038 0.01058 0.01075 0.01088 0.01099 0.01107 0.01113 0.01115 0.01113 0.01107 0.01098 0.01087 0.01074 0.01059 0.01040 0.01018 0.00994 0.00968 0.00942 0.00914 0.00883
0.00000 0.00000 0.00000 0.00000 0.00000 0.00000 0.00000 0.00000 0.00000 0.00000 0.00000 0.00001 0.00003 0.00007 0.00013 0.00023 0.00036 0.00053 0.00074 0.00099 0.00128 0.00161 0.00199 0.00241 0.00286 0.00334 0.00386 0.00440 0.00496 0.00554 0.00613 0.00673 0.00733 0.00793 0.00852 0.00910 0.00966 0.01021 0.01074 0.01124 0.01172 0.01217 0.01259 0.01297 0.01332 0.01363 0.01391 0.01414 0.01435 0.01452 0.01466 0.01476 0.01482 0.01483 0.01481 0.01475 0.01467 0.01456 0.01442 0.01423 0.01401 0.01377 0.01351 0.01323 0.01292
0.00000 0.00000 0.00000 0.00000 0.00000 0.00000 0.00000 0.00000 0.00000 0.00000 0.00000 0.00002 0.00006 0.00012 0.00021 0.00034 0.00051 0.00072 0.00098 0.00128 0.00164 0.00204 0.00249 0.00299 0.00353 0.00411 0.00473 0.00538 0.00606 0.00676 0.00748 0.00821 0.00895 0.00969 0.01042 0.01115 0.01186 0.01255 0.01323 0.01388 0.01450 0.01510 0.01566 0.01619 0.01668 0.01712 0.01753 0.01790 0.01822 0.01851 0.01876 0.01898 0.01914 0.01926 0.01933 0.01936 0.01936 0.01932 0.01924 0.01912 0.01896 0.01877 0.01855 0.01830 0.01802
0.00000 0.00000 0.00000 0.00000 0.00000 0.00000 0.00000 0.00000 0.00000 0.00000 0.00001 0.00004 0.00010 0.00018 0.00030 0.00047 0.00067 0.00093 0.00124 0.00161 0.00203 0.00250 0.00303 0.00362 0.00426 0.00494 0.00567 0.00644 0.00725 0.00808 0.00894 0.00982 0.01071 0.01160 0.01250 0.01339 0.01427 0.01513 0.01598 0.01680 0.01759 0.01836 0.01909 0.01978 0.02044 0.02105 0.02162 0.02215 0.02263 0.02307 0.02347 0.02382 0.02412 0.02437 0.02458 0.02473 0.02484 0.02491 0.02494 0.02492 0.02485 0.02475 0.02460 0.02442 0.02420
0.00000 0.00000 0.00000 0.00000 0.00000 0.00000 0.00000 0.00000 0.00000 0.00001 0.00003 0.00008 0.00015 0.00026 0.00042 0.00061 0.00086 0.00117 0.00153 0.00195 0.00244 0.00299 0.00361 0.00429 0.00502 0.00582 0.00667 0.00756 0.00850 0.00948 0.01049 0.01153 0.01259 0.01365 0.01473 0.01580 0.01687 0.01793 0.01896 0.01998 0.02097 0.02193 0.02286 0.02376 0.02461 0.02542 0.02618 0.02690 0.02757 0.02820 0.02877 0.02930 0.02978 0.03020 0.03057 0.03089 0.03116 0.03137 0.03154 0.03166 0.03173 0.03175 0.03173 0.03166 0.03155
0.00000 0.00000 0.00000 0.00000 0.00000 0.00000 0.00000 0.00000 0.00000 0.00002 0.00006 0.00012 0.00022 0.00036 0.00054 0.00077 0.00106 0.00142 0.00183 0.00232 0.00287 0.00350 0.00420 0.00497 0.00582 0.00672 0.00770 0.00873 0.00981 0.01094 0.01211 0.01332 0.01456 0.01581 0.01709 0.01836 0.01964 0.02091 0.02217 0.02340 0.02462 0.02581 0.02697 0.02809 0.02917 0.03021 0.03120 0.03215 0.03304 0.03389 0.03468 0.03543 0.03612 0.03675 0.03733 0.03785 0.03832 0.03873 0.03910 0.03940 0.03965 0.03985 0.04000 0.04010 0.04014
0.00000 0.00000 0.00000 0.00000 0.00000 0.00000 0.00000 0.00000 0.00001 0.00004 0.00009 0.00018 0.00030 0.00046 0.00067 0.00094 0.00128 0.00167 0.00214 0.00269 0.00331 0.00402 0.00481 0.00567 0.00662 0.00764 0.00874 0.00991 0.01114 0.01243 0.01378 0.01517 0.01660 0.01806 0.01954 0.02104 0.02254 0.02405 0.02555 0.02704 0.02850 0.02995 0.03137 0.03275 0.03409 0.03540 0.03666 0.03787 0.03903 0.04014 0.04120 0.04220 0.04315 0.04404 0.04488 0.04565 0.04637 0.04703 0.04763 0.04818 0.04866 0.04910 0.04947 0.04980 0.05007
0.00000 0.00000 0.00000 0.00000 0.00000 0.00000 0.00000 0.00001 0.00003 0.00007 0.00013 0.00024 0.00038 0.00057 0.00081 0.00112 0.00149 0.00193 0.00246 0.00306 0.00375 0.00453 0.00540 0.00636 0.00741 0.00855 0.00978 0.01109 0.01247 0.01393 0.01545 0.01703 0.01867 0.02034 0.02205 0.02379 0.02554 0.02731 0.02908 0.03084 0.03259 0.03432 0.03603 0.03771 0.03935 0.04096 0.04253 0.04404 0.04551 0.04693 0.04830 0.04962 0.05087 0.05208 0.05322 0.05430 0.05533 0.05629 0.05720 0.05804 0.05883 0.05956 0.06024 0.06085 0.06142
0.00000 0.00000 0.00000 0.00000 0.00000 0.00000 0.00000 0.00001 0.00004 0.00010 0.00018 0.00030 0.00046 0.00068 0.00095 0.00129 0.00170 0.00219 0.00276 0.00342 0.00417 0.00502 0.00597 0.00702 0.00818 0.00943 0.01078 0.01223 0.01377 0.01540 0.01710 0.01888 0.02073 0.02263 0.02458 0.02657 0.02859 0.03064 0.03270 0.03476 0.03682 0.03888 0.04091 0.04293 0.04491 0.04686 0.04878 0.05065 0.05248 0.05426 0.05599 0.05767 0.05930 0.06087 0.06238 0.06383 0.06523 0.06657 0.06785 0.06907 0.07023 0.07134 0.07239 0.07339 0.07433
0.00000 0.00000 0.00000 0.00000 0.00000 0.00000 0.00001 0.00002 0.00006 0.00013 0.00022 0.00036 0.00054 0.00078 0.00108 0.00145 0.00189 0.00242 0.00303 0.00374 0.00456 0.00547 0.00650 0.00763 0.00888 0.01025 0.01172 0.01331 0.01500 0.01679 0.01868 0.02066 0.02273 0.02487 0.02707 0.02933 0.03164 0.03398 0.03635 0.03875 0.04115 0.04356 0.04596 0.04835 0.05072 0.05306 0.05538 0.05766 0.05990 0.06210 0.06425 0.06636 0.06842 0.07043 0.07238 0.07429 0.07613 0.07793 0.07967 0.08135 0.08298 0.08456 0.08609 0.08757 0.08900
0.00000 0.00000 0.00000 0.00000 0.00000 0.00000 0.00001 0.00004 0.00008 0.00016 0.00027 0.00042 0.00062 0.00088 0.00120 0.00159 0.00206 0.00262 0.00328 0.00403 0.00489 0.00586 0.00695 0.00817 0.00950 0.01097 0.01256 0.01427 0.01611 0.01807 0.02014 0.02232 0.02461 0.02698 0.02945 0.03199 0.03460 0.03726 0.03997 0.04272 0.04550 0.04829 0.05110 0.05390 0.05671 0.05950 0.06227 0.06502 0.06774 0.07043 0.07308 0.07569 0.07827 0.08080 0.08329 0.08573 0.08813 0.09048 0.09279 0.09505 0.09727 0.10008 0.10437 0.11075 0.11741
0.00000 0.00000 0.00000 0.00000 0.00000 0.00000 0.00002 0.00005 0.00010 0.00019 0.00031 0.00047 0.00068 0.00096 0.00129 0.00171 0.00220 0.00279 0.00347 0.00425 0.00515 0.00617 0.00732 0.00860 0.01001 0.01156 0.01325 0.01508 0.01705 0.01917 0.02141 0.02379 0.02629 0.02891 0.03163 0.03446 0.03738 0.04038 0.04345 0.04658 0.04977 0.05299 0.05624 0.05952 0.06281 0.06611 0.06941 0.07270 0.07598 0.07924 0.08249 0.08571 0.08891 0.09208 0.09530 0.09901 0.10368 0.10991 0.11673 0.12316 0.12824 0.13100 0.13188 0.13105 0.12963
0.00000 0.00000 0.00000 0.00000 0.00000 0.00001 0.00002 0.00006 0.00012 0.00021 0.00034 0.00051 0.00073 0.00101 0.00136 0.00178 0.00229 0.00289 0.00359 0.00440 0.00532 0.00637 0.00756 0.00888 0.01035 0.01197 0.01374 0.01567 0.01776 0.02001 0.02241 0.02497 0.02768 0.03053 0.03352 0.03664 0.03988 0.04323 0.04668 0.05022 0.05385 0.05754 0.06130 0.06511 0.06896 0.07285 0.07677 0.08074 0.08487 0.08934 0.09460 0.10053 0.10684 0.11311 0.11883 0.12345 0.12705 0.12957 0.13151 0.13311 0.13447 0.13529 0.13502 0.13357 0.13128
0.00000 0.00000 0.00000 0.00000 0.00000 0.00001 0.00003 0.00007 0.00013 0.00022 0.00035 0.00053 0.00075 0.00103 0.00138 0.00181 0.00232 0.00292 0.00362 0.00443 0.00537 0.00643 0.00763 0.00898 0.01048 0.01214 0.01397 0.01597 0.01815 0.02051 0.02304 0.02576 0.02865 0.03172 0.03496 0.03837 0.04193 0.04564 0.04951 0.05356 0.05782 0.06232 0.06706 0.07207 0.07734 0.08284 0.08849 0.09417 0.09968 0.10496 0.10983 0.11437 0.11862 0.12258 0.12620 0.12935 0.13176 0.13334 0.13427 0.13471 0.13480 0.13448 0.13347 0.13161 0.12897
0.00000 0.00000 0.00000 0.00000 0.00000 0.00001 0.00003 0.00008 0.00014 0.00023 0.00036 0.00053 0.00076 0.00104 0.00138 0.00180 0.00230 0.00290 0.00360 0.00441 0.00534 0.00640 0.00761 0.00897 0.01049 0.01219 0.01407 0.01614 0.01841 0.02089 0.02359 0.02650 0.02963 0.03300 0.03659 0.04042 0.04448 0.04876 0.05326 0.05794 0.06280 0.06782 0.07295 0.07818 0.08344 0.08870 0.09391 0.09899 0.10389 0.10849 0.11268 0.11645 0.11983 0.12283 0.12545 0.12762 0.12920 0.13008 0.13033 0.13003 0.12931 0.12820 0.12663 0.12451 0.12182
0.00000 0.00000 0.00000 0.00000 0.00000 0.00001 0.00004 0.00008 0.00014 0.00023 0.00035 0.00052 0.00073 0.00099 0.00132 0.00172 0.00220 0.00277 0.00344 0.00421 0.00511 0.00614 0.00732 0.00865 0.01015 0.01182 0.01369 0.01575 0.01803 0.02053 0.02326 0.02622 0.02941 0.03285 0.03652 0.04042 0.04453 0.04886 0.05336 0.05801 0.06278 0.06762 0.07250 0.07737 0.08219 0.08691 0.09148 0.09588 0.10003 0.10386 0.10730 0.11033 0.11294 0.11516 0.11700 0.11844 0.11942 0.11987 0.11978 0.11920 0.11818 0.11680 0.11507 0.11297 0.11047
