tests/data/gray99/saval2D/outputs/resuh4.asc
north:     17.44
south:      0.00
east:      60.51
west:       0.00
rows:   68
cols:  236
[rows 29 to 57 of 68, columns 0 to 66 of 236]
0.00001 0.00001 0.00001 0.00001 0.00092 0.00340 0.00770 0.01469 0.02602 0.04390 0.06999 0.10425 0.14475 0.18858 0.23303 0.27625 0.31727 0.35578 0.39183 0.42562 0.45744 0.48757 0.51633 0.54401 0.57089 0.59720 0.62316 0.64891 0.67453 0.70006 0.72548 0.75073 0.77574 0.80040 0.82462 0.84828 0.87130 0.89360 0.91512 0.93581 0.95562 0.97454 0.99256 1.00967 1.02587 1.04119 1.05563 1.06921 1.08197 1.09392 1.10508 1.11549 1.12516 1.13412 1.14241 1.15006 1.15712 1.16361 1.16959 1.17512 1.18023 1.18500 1.18946 1.19369 1.19773 1.20163 1.20545
0.00001 0.00001 0.00001 0.00005 0.00135 0.00414 0.00885 0.01639 0.02851 0.04733 0.07436 0.10937 0.15041 0.19462 0.23936 0.28283 0.32407 0.36275 0.39891 0.43274 0.46452 0.49458 0.52323 0.55078 0.57755 0.60377 0.62967 0.65539 0.68102 0.70660 0.73209 0.75744 0.78257 0.80736 0.83171 0.85552 0.87870 0.90117 0.92285 0.94370 0.96367 0.98274 1.00090 1.01814 1.03447 1.04989 1.06442 1.07809 1.09091 1.10291 1.11411 1.12453 1.13420 1.14315 1.15141 1.15902 1.16601 1.17243 1.17833 1.18375 1.18874 1.19336 1.19768 1.20174 1.20561 1.20933 1.21297
0.00001 0.00001 0.00001 0.00015 0.00176 0.00480 0.00981 0.01778 0.03048 0.05001 0.07773 0.11330 0.15468 0.19909 0.24395 0.28751 0.32884 0.36760 0.40382 0.43768 0.46946 0.49948 0.52808 0.55557 0.58226 0.60843 0.63429 0.66000 0.68565 0.71126 0.73680 0.76223 0.78743 0.81231 0.83676 0.86067 0.88394 0.90651 0.92829 0.94923 0.96930 0.98846 1.00670 1.02402 1.04041 1.05589 1.07047 1.08418 1.09703 1.10905 1.12026 1.13068 1.14035 1.14928 1.15752 1.16509 1.17204 1.17841 1.18424 1.18958 1.19449 1.19903 1.20324 1.20720 1.21095 1.21456 1.21807
0.00001 0.00001 0.00001 0.00027 0.00207 0.00529 0.01049 0.01874 0.03185 0.05191 0.08017 0.11617 0.15780 0.20227 0.24708 0.29053 0.33175 0.37043 0.40658 0.44041 0.47216 0.50215 0.53072 0.55817 0.58484 0.61098 0.63684 0.66257 0.68824 0.71388 0.73947 0.76493 0.79017 0.81509 0.83958 0.86354 0.88687 0.90948 0.93130 0.95228 0.97237 0.99156 1.00981 1.02714 1.04356 1.05906 1.07366 1.08738 1.10023 1.11224 1.12343 1.13383 1.14348 1.15240 1.16062 1.16817 1.17509 1.18142 1.18721 1.19250 1.19736 1.20185 1.20602 1.20993 1.21363 1.21718 1.22063
0.00001 0.00001 0.00001 0.00035 0.00223 0.00553 0.01083 0.01923 0.03260 0.05302 0.08169 0.11801 0.15980 0.20421 0.24881 0.29197 0.33289 0.37129 0.40724 0.44091 0.47256 0.50251 0.53104 0.55850 0.58518 0.61135 0.63724 0.66299 0.68869 0.71436 0.73997 0.76546 0.79072 0.81566 0.84015 0.86411 0.88742 0.91002 0.93182 0.95278 0.97284 0.99200 1.01022 1.02752 1.04391 1.05938 1.07395 1.08763 1.10045 1.11244 1.12360 1.13398 1.14360 1.15249 1.16069 1.16822 1.17512 1.18143 1.18720 1.19248 1.19733 1.20181 1.20597 1.20987 1.21357 1.21712 1.22057
0.00001 0.00001 0.00001 0.00036 0.00220 0.00548 0.01077 0.01920 0.03266 0.05328 0.08219 0.11871 0.16052 0.20476 0.24901 0.29174 0.33221 0.37021 0.40582 0.43925 0.47075 0.50061 0.52913 0.55661 0.58334 0.60956 0.63550 0.66129 0.68702 0.71272 0.73834 0.76383 0.78909 0.81400 0.83846 0.86236 0.88561 0.90813 0.92985 0.95072 0.97070 0.98978 1.00793 1.02516 1.04146 1.05685 1.07135 1.08497 1.09774 1.10967 1.12080 1.13114 1.14073 1.14959 1.15776 1.16527 1.17215 1.17847 1.18425 1.18955 1.19443 1.19893 1.20312 1.20705 1.21079 1.21438 1.21789
0.00001 0.00001 0.00001 0.00027 0.00200 0.00516 0.01032 0.01863 0.03200 0.05259 0.08153 0.11805 0.15973 0.20366 0.24746 0.28967 0.32961 0.36715 0.40238 0.43553 0.46686 0.49663 0.52514 0.55265 0.57943 0.60573 0.63173 0.65758 0.68335 0.70906 0.73468 0.76014 0.78535 0.81019 0.83456 0.85835 0.88148 0.90386 0.92544 0.94617 0.96602 0.98495 1.00297 1.02007 1.03626 1.05154 1.06594 1.07947 1.09215 1.10402 1.11509 1.12538 1.13493 1.14376 1.15191 1.15941 1.16630 1.17263 1.17844 1.18378 1.18871 1.19328 1.19754 1.20155 1.20538 1.20907 1.21268
0.00001 0.00001 0.00001 0.00015 0.00167 0.00462 0.00955 0.01757 0.03061 0.05087 0.07952 0.11575 0.15709 0.20058 0.24388 0.28554 0.32497 0.36206 0.39694 0.42985 0.46103 0.49074 0.51925 0.54681 0.57367 0.60005 0.62612 0.65202 0.67782 0.70353 0.72912 0.75452 0.77963 0.80434 0.82856 0.85218 0.87512 0.89731 0.91869 0.93921 0.95886 0.97760 0.99544 1.01237 1.02839 1.04353 1.05780 1.07122 1.08380 1.09558 1.10658 1.11682 1.12633 1.13513 1.14327 1.15078 1.15769 1.16405 1.16991 1.17532 1.18033 1.18500 1.18937 1.19351 1.19748 1.20131 1.20506
0.00001 0.00001 0.00001 0.00006 0.00130 0.00397 0.00856 0.01612 0.02853 0.04805 0.07597 0.11154 0.15229 0.19523 0.23801 0.27919 0.31820 0.35494 0.38957 0.42231 0.45342 0.48314 0.51169 0.53934 0.56629 0.59275 0.61890 0.64484 0.67065 0.69634 0.72185 0.74714 0.77209 0.79662 0.82062 0.84400 0.86669 0.88861 0.90972 0.92997 0.94936 0.96786 0.98546 1.00218 1.01802 1.03298 1.04710 1.06038 1.07286 1.08454 1.09546 1.10564 1.11511 1.12389 1.13203 1.13956 1.14651 1.15293 1.15887 1.16437 1.16950 1.17430 1.17883 1.18314 1.18728 1.19129 1.19522
0.00001 0.00001 0.00001 0.00002 0.00093 0.00328 0.00744 0.01435 0.02583 0.04417 0.07084 0.10530 0.14515 0.18743 0.22970 0.27051 0.30923 0.34579 0.38032 0.41304 0.44419 0.47399 0.50267 0.53044 0.55751 0.58408 0.61030 0.63628 0.66207 0.68770 0.71310 0.73822 0.76296 0.78723 0.81094 0.83401 0.85636 0.87795 0.89872 0.91865 0.93773 0.95593 0.97327 0.98974 1.00535 1.02013 1.03407 1.04721 1.05956 1.07114 1.08198 1.09211 1.10154 1.11032 1.11847 1.12603 1.13305 1.13955 1.14560 1.15124 1.15652 1.16150 1.16622 1.17073 1.17508 1.17930 1.18344
0.00001 0.00001 0.00001 0.00001 0.00061 0.00259 0.00624 0.01234 0.02253 0.03919 0.06411 0.09703 0.13568 0.17715 0.21893 0.25947 0.29809 0.33464 0.36925 0.40212 0.43345 0.46345 0.49233 0.52029 0.54752 0.57422 0.60053 0.62654 0.65232 0.67785 0.70310 0.72800 0.75246 0.77641 0.79976 0.82244 0.84440 0.86558 0.88597 0.90553 0.92425 0.94212 0.95916 0.97536 0.99074 1.00530 1.01907 1.03205 1.04428 1.05576 1.06653 1.07661 1.08603 1.09482 1.10300 1.11063 1.11773 1.12435 1.13054 1.13635 1.14182 1.14700 1.15194 1.15669 1.16127 1.16572 1.17004
0.00001 0.00001 0.00001 0.00001 0.00031 0.00195 0.00509 0.01039 0.01921 0.03376 0.05612 0.08675 0.12392 0.16449 0.20579 0.24617 0.28483 0.32157 0.35644 0.38961 0.42126 0.45159 0.48076 0.50899 0.53646 0.56333 0.58976 0.61583 0.64158 0.66700 0.69207 0.71670 0.74084 0.76440 0.78734 0.80958 0.83109 0.85184 0.87180 0.89096 0.90931 0.92684 0.94357 0.95949 0.97462 0.98898 1.00257 1.01541 1.02752 1.03892 1.04964 1.05969 1.06911 1.07792 1.08617 1.09388 1.10110 1.10787 1.11424 1.12024 1.12593 1.13135 1.13654 1.14152 1.14632 1.15095 1.15540
0.00001 0.00001 0.00001 0.00001 0.00012 0.00141 0.00405 0.00855 0.01602 0.02842 0.04793 0.07555 0.11026 0.14954 0.19043 0.23075 0.26958 0.30663 0.34191 0.37553 0.40764 0.43840 0.46799 0.49659 0.52437 0.55150 0.57811 0.60426 0.63001 0.65533 0.68019 0.70454 0.72832 0.75148 0.77397 0.79576 0.81681 0.83711 0.85665 0.87540 0.89338 0.91059 0.92702 0.94268 0.95759 0.97175 0.98519 0.99790 1.00992 1.02126 1.03194 1.04199 1.05143 1.06030 1.06863 1.07647 1.08384 1.09079 1.09735 1.10358 1.10950 1.11515 1.12055 1.12573 1.13067 1.13538 1.13982
0.00001 0.00001 0.00001 0.00001 0.00003 0.00092 0.00303 0.00677 0.01297 0.02327 0.03983 0.06414 0.09589 0.13302 0.17286 0.21316 0.25240 0.28991 0.32571 0.35989 0.39256 0.42387 0.45398 0.48306 0.51126 0.53874 0.56560 0.59190 0.61768 0.64292 0.66759 0.69166 0.71509 0.73786 0.75993 0.78129 0.80191 0.82180 0.84095 0.85935 0.87702 0.89393 0.91011 0.92556 0.94029 0.95430 0.96761 0.98023 0.99218 1.00349 1.01416 1.02424 1.03373 1.04269 1.05113 1.05910 1.06664 1.07378 1.08054 1.08698 1.09310 1.09892 1.10445 1.10969 1.11462 1.11919 1.12334
0.00001 0.00001 0.00001 0.00001 0.00001 0.00046 0.00207 0.00509 0.01013 0.01847 0.03212 0.05293 0.08131 0.11588 0.15416 0.19375 0.23307 0.27125 0.30781 0.34265 0.37598 0.40795 0.43868 0.46834 0.49706 0.52498 0.55217 0.57868 0.60454 0.62974 0.65426 0.67810 0.70124 0.72368 0.74540 0.76641 0.78670 0.80627 0.82512 0.84327 0.86069 0.87740 0.89341 0.90871 0.92332 0.93723 0.95046 0.96304 0.97496 0.98626 0.99696 1.00708 1.01665 1.02571 1.03427 1.04238 1.05007 1.05736 1.06428 1.07084 1.07704 1.08290 1.08837 1.09344 1.09804 1.10213 1.10560
0.00001 0.00001 0.00001 0.00001 0.00001 0.00012 0.00124 0.00357 0.00757 0.01417 0.02507 0.04226 0.06691 0.09841 0.13469 0.17330 0.21233 0.25068 0.28784 0.32361 0.35781 0.39053 0.42198 0.45230 0.48163 0.51005 0.53763 0.56441 0.59040 0.61562 0.64007 0.66376 0.68671 0.70893 0.73043 0.75121 0.77130 0.79070 0.80940 0.82740 0.84471 0.86133 0.87725 0.89249 0.90704 0.92093 0.93414 0.94670 0.95864 0.96995 0.98069 0.99086 1.00050 1.00964 1.01829 1.02649 1.03426 1.04160 1.04853 1.05504 1.06111 1.06671 1.07180 1.07632 1.08018 1.08329 1.08555
0.00001 0.00001 0.00001 0.00001 0.00001 0.00001 0.00057 0.00224 0.00533 0.01045 0.01887 0.03252 0.05310 0.08092 0.11459 0.15177 0.19029 0.22870 0.26623 0.30257 0.33761 0.37132 0.40365 0.43472 0.46470 0.49366 0.52166 0.54874 0.57492 0.60023 0.62469 0.64835 0.67124 0.69338 0.71482 0.73555 0.75560 0.77497 0.79366 0.81167 0.82900 0.84563 0.86157 0.87683 0.89140 0.90529 0.91853 0.93111 0.94306 0.95441 0.96516 0.97536 0.98502 0.99416 1.00281 1.01097 1.01865 1.02585 1.03254 1.03870 1.04428 1.04923 1.05347 1.05692 1.05948 1.06104 1.06147
0.00001 0.00001 0.00001 0.00001 0.00001 0.00001 0.00010 0.00117 0.00344 0.00732 0.01365 0.02405 0.04042 0.06393 0.09414 0.12918 0.16675 0.20501 0.24287 0.27976 0.31546 0.34992 0.38313 0.41512 0.44584 0.47537 0.50381 0.53122 0.55762 0.58308 0.60765 0.63139 0.65435 0.67658 0.69810 0.71894 0.73910 0.75859 0.77741 0.79554 0.81298 0.82972 0.84576 0.86109 0.87571 0.88965 0.90291 0.91549 0.92744 0.93876 0.94947 0.95961 0.96917 0.97818 0.98663 0.99453 1.00185 1.00858 1.01466 1.02005 1.02468 1.02846 1.03130 1.03310 1.03375 1.03314 1.03115
0.00001 0.00001 0.00001 0.00001 0.00001 0.00001 0.00001 0.00039 0.00192 0.00477 0.00944 0.01706 0.02941 0.04819 0.07402 0.10588 0.14169 0.17934 0.21729 0.25466 0.29101 0.32618 0.36011 0.39279 0.42426 0.45449 0.48345 0.51120 0.53788 0.56356 0.58832 0.61224 0.63538 0.65780 0.67953 0.70059 0.72097 0.74068 0.75970 0.77802 0.79563 0.81250 0.82865 0.84407 0.85874 0.87270 0.88593 0.89847 0.91033 0.92152 0.93206 0.94197 0.95124 0.95987 0.96785 0.97516 0.98176 0.98759 0.99260 0.99671 0.99984 1.00189 1.00276 1.00233 1.00050 0.99715 0.99218
0.00001 0.00001 0.00001 0.00001 0.00001 0.00001 0.00001 0.00002 0.00080 0.00276 0.00614 0.01159 0.02044 0.03450 0.05520 0.08265 0.11548 0.15161 0.18911 0.22669 0.26357 0.29941 0.33402 0.36736 0.39940 0.43015 0.45966 0.48792 0.51497 0.54092 0.56593 0.59009 0.61349 0.63617 0.65817 0.67948 0.70012 0.72007 0.73931 0.75782 0.77558 0.79257 0.80879 0.82423 0.83888 0.85277 0.86588 0.87825 0.88988 0.90077 0.91093 0.92037 0.92906 0.93699 0.94414 0.95045 0.95587 0.96034 0.96376 0.96607 0.96715 0.96691 0.96525 0.96207 0.95725 0.95070 0.94233
0.00001 0.00001 0.00001 0.00001 0.00001 0.00001 0.00001 0.00001 0.00007 0.00127 0.00361 0.00745 0.01359 0.02348 0.03885 0.06082 0.08916 0.12234 0.15837 0.19551 0.23257 0.26888 0.30409 0.33802 0.37061 0.40184 0.43174 0.46038 0.48785 0.51424 0.53961 0.56407 0.58773 0.61068 0.63293 0.65449 0.67535 0.69549 0.71489 0.73352 0.75135 0.76837 0.78456 0.79991 0.81442 0.82809 0.84093 0.85293 0.86410 0.87444 0.88394 0.89260 0.90037 0.90721 0.91310 0.91795 0.92172 0.92431 0.92564 0.92563 0.92417 0.92116 0.91651 0.91012 0.90191 0.89180 0.87969
0.00001 0.00001 0.00001 0.00001 0.00001 0.00001 0.00001 0.00001 0.00001 0.00024 0.00174 0.00438 0.00859 0.01525 0.02584 0.04197 0.06447 0.09293 0.12583 0.16132 0.19779 0.23413 0.26967 0.30406 0.33711 0.36877 0.39906 0.42802 0.45577 0.48244 0.50815 0.53300 0.55702 0.58024 0.60269 0.62442 0.64542 0.66565 0.68511 0.70373 0.72151 0.73841 0.75441 0.76951 0.78368 0.79693 0.80925 0.82064 0.83108 0.84056 0.84907 0.85655 0.86299 0.86832 0.87249 0.87544 0.87707 0.87732 0.87610 0.87330 0.86886 0.86267 0.85466 0.84473 0.83281 0.81883 0.80270
0.00001 0.00001 0.00001 0.00001 0.00001 0.00001 0.00001 0.00001 0.00001 0.00001 0.00049 0.00218 0.00502 0.00944 0.01638 0.02725 0.04344 0.06565 0.09341 0.12535 0.15978 0.19518 0.23047 0.26497 0.29830 0.33028 0.36086 0.39009 0.41807 0.44494 0.47081 0.49581 0.52001 0.54345 0.56614 0.58803 0.60909 0.62930 0.64864 0.66709 0.68463 0.70123 0.71684 0.73145 0.74504 0.75761 0.76913 0.77959 0.78896 0.79723 0.80434 0.81027 0.81496 0.81834 0.82036 0.82095 0.82003 0.81751 0.81332 0.80738 0.79960 0.78990 0.77821 0.76444 0.74853 0.73040 0.70996
0.00001 0.00001 0.00001 0.00001 0.00001 0.00001 0.00001 0.00001 0.00001 0.00001 0.00001 0.00074 0.00253 0.00545 0.00994 0.01685 0.02745 0.04297 0.06400 0.09020 0.12042 0.15314 0.18696 0.22078 0.25388 0.28586 0.31654 0.34589 0.37397 0.40091 0.42682 0.45181 0.47597 0.49933 0.52190 0.54369 0.56465 0.58476 0.60394 0.62213 0.63928 0.65536 0.67033 0.68419 0.69692 0.70850 0.71890 0.72808 0.73602 0.74268 0.74802 0.75198 0.75451 0.75554 0.75502 0.75287 0.74902 0.74339 0.73590 0.72649 0.71507 0.70157 0.68592 0.66803 0.64781 0.62517 0.59999
0.00001 0.00001 0.00001 0.00001 0.00001 0.00001 0.00001 0.00001 0.00001 0.00001 0.00001 0.00002 0.00091 0.00274 0.00564 0.01000 0.01655 0.02636 0.04048 0.05948 0.08322 0.11084 0.14106 0.17259 0.20434 0.23557 0.26583 0.29491 0.32279 0.34953 0.37523 0.39999 0.42388 0.44693 0.46915 0.49054 0.51105 0.53064 0.54926 0.56685 0.58336 0.59873 0.61291 0.62586 0.63752 0.64786 0.65686 0.66447 0.67064 0.67534 0.67852 0.68016 0.68017 0.67850 0.67510 0.66989 0.66280 0.65375 0.64269 0.62954 0.61420 0.59658 0.57663 0.55421 0.52914 0.50127 0.47033
0.00001 0.00001 0.00001 0.00001 0.00001 0.00001 0.00001 0.00001 0.00001 0.00001 0.00001 0.00001 0.00004 0.00100 0.00279 0.00556 0.00960 0.01548 0.02404 0.03615 0.05238 0.07281 0.09687 0.12360 0.15188 0.18072 0.20935 0.23727 0.26428 0.29028 0.31531 0.33944 0.36269 0.38511 0.40667 0.42736 0.44713 0.46592 0.48367 0.50030 0.51575 0.52995 0.54285 0.55439 0.56456 0.57329 0.58056 0.58628 0.59043 0.59295 0.59382 0.59296 0.59028 0.58572 0.57926 0.57083 0.56031 0.54762 0.53273 0.51555 0.49590 0.47365 0.44875 0.42088 0.38951 0.35439 0.31507
0.00001 0.00001 0.00001 0.00001 0.00001 0.00001 0.00001 0.00001 0.00001 0.00001 0.00001 0.00001 0.00001 0.00005 0.00100 0.00267 0.00519 0.00874 0.01374 0.02075 0.03048 0.04345 0.05985 0.07943 0.10155 0.12539 0.15009 0.17498 0.19959 0.22365 0.24705 0.26976 0.29173 0.31296 0.33339 0.35297 0.37162 0.38926 0.40580 0.42115 0.43522 0.44793 0.45921 0.46902 0.47731 0.48405 0.48917 0.49259 0.49425 0.49414 0.49225 0.48850 0.48275 0.47492 0.46503 0.45302 0.43867 0.42179 0.40240 0.38037 0.35516 0.32638 0.29416 0.25825 0.21797 0.17453 0.13129
0.00001 0.00001 0.00001 0.00001 0.00001 0.00001 0.00001 0.00001 0.00001 0.00001 0.00001 0.00001 0.00001 0.00001 0.00004 0.00089 0.00236 0.00453 0.00750 0.01149 0.01690 0.02418 0.03373 0.04576 0.06020 0.07674 0.09487 0.11402 0.13372 0.15361 0.17345 0.19310 0.21244 0.23134 0.24970 0.26739 0.28426 0.30019 0.31505 0.32869 0.34101 0.35190 0.36125 0.36903 0.37520 0.37971 0.38247 0.38335 0.38227 0.37927 0.37438 0.36746 0.35824 0.34657 0.33260 0.31631 0.29718 0.27479 0.24955 0.22188 0.19120 0.15747 0.12323 0.09137 0.06157 0.03382 0.01264
0.00001 0.00001 0.00001 0.00001 0.00001 0.00001 0.00001 0.00001 0.00001 0.00001 0.00001 0.00001 0.00001 0.00001 0.00001 0.00002 0.00067 0.00188 0.00364 0.00596 0.00901 0.01294 0.01798 0.02434 0.03217 0.04147 0.05214 0.06395 0.07667 0.09009 0.10401 0.11830 0.13282 0.14741 0.16191 0.17613 0.18987 0.20294 0.21515 0.22631 0.23625 0.24480 0.25184 0.25728 0.26110 0.26325 0.26356 0.26181 0.25788 0.25189 0.24405 0.23413 0.22160 0.20628 0.18884 0.16988 0.14878 0.12503 0.10033 0.07760 0.05677 0.03600 0.01684 0.00452 0.00049 0.00002 0.00001
