tests/data/gray99/saval2D/outputs/resuqv6.asc
north:     17.44
south:      0.00
east:      60.51
west:       0.00
rows:   68
cols:  236
[rows 28 to 55 of 68, columns 64 to 127 of 236]
1.41473 1.42451 1.43254 1.43881 1.44328 1.44595 1.44680 1.44580 1.44294 1.43818 1.43151 1.42289 1.41231 1.39974 1.38516 1.36856 1.34992 1.32924 1.30651 1.28175 1.25498 1.22623 1.19554 1.16297 1.12860 1.09250 1.05478 1.01554 0.97491 0.93303 0.89003 0.84607 0.80132 0.75593 0.71007 0.66390 0.61759 0.57130 0.52517 0.47935 0.43397 0.38914 0.34496 0.30151 0.25887 0.21707 0.17613 0.13604 0.09675 0.05811 0.01995 -0.01789 -0.05554 -0.09306 -0.13036 -0.16710 -0.20258 -0.23536 -0.26317 -0.28269 -0.28945 -0.27847 -0.24617 -0.19356
1.15944 1.16810 1.17530 1.18103 1.18527 1.18799 1.18919 1.18882 1.18687 1.18332 1.17812 1.17127 1.16273 1.15248 1.14050 1.12677 1.11129 1.09404 1.07504 1.05428 1.03180 1.00764 0.98183 0.95443 0.92553 0.89520 0.86353 0.83065 0.79666 0.76169 0.72587 0.68935 0.65226 0.61475 0.57696 0.53903 0.50110 0.46328 0.42570 0.38847 0.35170 0.31547 0.27984 0.24489 0.21066 0.17716 0.14443 0.11245 0.08118 0.05052 0.02034 -0.00952 -0.03921 -0.06881 -0.09836 -0.12768 -0.15641 -0.18358 -0.20777 -0.22677 -0.23741 -0.23570 -0.21789 -0.18257
0.85436 0.86126 0.86708 0.87180 0.87541 0.87788 0.87920 0.87935 0.87830 0.87603 0.87252 0.86774 0.86169 0.85433 0.84565 0.83563 0.82427 0.81155 0.79749 0.78209 0.76538 0.74738 0.72814 0.70771 0.68615 0.66352 0.63990 0.61539 0.59007 0.56406 0.53745 0.51035 0.48287 0.45513 0.42722 0.39925 0.37131 0.34351 0.31593 0.28864 0.26172 0.23523 0.20922 0.18372 0.15877 0.13438 0.11056 0.08732 0.06462 0.04242 0.02060 -0.00097 -0.02240 -0.04381 -0.06525 -0.08666 -0.10785 -0.12819 -0.14684 -0.16245 -0.17296 -0.17557 -0.16729 -0.14619
0.50872 0.51323 0.51711 0.52035 0.52295 0.52488 0.52612 0.52667 0.52651 0.52563 0.52402 0.52167 0.51857 0.51471 0.51005 0.50457 0.49828 0.49117 0.48324 0.47450 0.46496 0.45464 0.44356 0.43173 0.41919 0.40597 0.39213 0.37772 0.36281 0.34746 0.33173 0.31568 0.29936 0.28284 0.26620 0.24949 0.23278 0.21613 0.19959 0.18322 0.16704 0.15109 0.13541 0.12001 0.10493 0.09017 0.07575 0.06167 0.04792 0.03446 0.02122 0.00812 -0.00494 -0.01804 -0.03123 -0.04450 -0.05777 -0.07067 -0.08277 -0.09337 -0.10130 -0.10493 -0.10238 -0.09214
0.13636 0.13803 0.13954 0.14090 0.14214 0.14329 0.14434 0.14527 0.14605 0.14668 0.14715 0.14746 0.14762 0.14763 0.14753 0.14727 0.14681 0.14613 0.14521 0.14405 0.14265 0.14101 0.13914 0.13708 0.13477 0.13219 0.12933 0.12621 0.12284 0.11923 0.11541 0.11142 0.10730 0.10300 0.09855 0.09394 0.08921 0.08439 0.07950 0.07458 0.06968 0.06480 0.05992 0.05504 0.05018 0.04536 0.04059 0.03587 0.03124 0.02669 0.02217 0.01760 0.01294 0.00814 0.00318 -0.00196 -0.00722 -0.01246 -0.01752 -0.02224 -0.02624 -0.02898 -0.02974 -0.02791
-0.24561 -0.24695 -0.24789 -0.24843 -0.24857 -0.24831 -0.24764 -0.24650 -0.24487 -0.24274 -0.24010 -0.23695 -0.23332 -0.22921 -0.22466 -0.21966 -0.21419 -0.20825 -0.20187 -0.19507 -0.18790 -0.18041 -0.17265 -0.16468 -0.15652 -0.14817 -0.13967 -0.13107 -0.12243 -0.11379 -0.10521 -0.09676 -0.08847 -0.08033 -0.07235 -0.06455 -0.05696 -0.04960 -0.04249 -0.03566 -0.02913 -0.02289 -0.01690 -0.01114 -0.00562 -0.00032 0.00475 0.00958 0.01417 0.01848 0.02258 0.02647 0.03016 0.03367 0.03696 0.04003 0.04284 0.04533 0.04736 0.04873 0.04909 0.04798 0.04490 0.03943
-0.61796 -0.62219 -0.62556 -0.62802 -0.62956 -0.63014 -0.62971 -0.62826 -0.62577 -0.62223 -0.61761 -0.61191 -0.60513 -0.59725 -0.58828 -0.57821 -0.56705 -0.55484 -0.54161 -0.52739 -0.51224 -0.49621 -0.47937 -0.46177 -0.44348 -0.42460 -0.40521 -0.38541 -0.36528 -0.34493 -0.32446 -0.30393 -0.28343 -0.26304 -0.24284 -0.22289 -0.20327 -0.18402 -0.16520 -0.14684 -0.12896 -0.11157 -0.09471 -0.07837 -0.06257 -0.04728 -0.03252 -0.01828 -0.00455 0.00870 0.02151 0.03393 0.04601 0.05780 0.06934 0.08059 0.09146 0.10170 0.11089 0.11831 0.12284 0.12296 0.11698 0.10356
-0.96262 -0.96933 -0.97471 -0.97875 -0.98139 -0.98261 -0.98237 -0.98064 -0.97740 -0.97261 -0.96626 -0.95833 -0.94879 -0.93766 -0.92491 -0.91056 -0.89462 -0.87710 -0.85803 -0.83747 -0.81545 -0.79205 -0.76735 -0.74143 -0.71439 -0.68633 -0.65738 -0.62764 -0.59726 -0.56637 -0.53510 -0.50357 -0.47194 -0.44031 -0.40881 -0.37755 -0.34663 -0.31614 -0.28618 -0.25680 -0.22807 -0.20003 -0.17273 -0.14618 -0.12040 -0.09539 -0.07115 -0.04767 -0.02493 -0.00289 0.01852 0.03941 0.05987 0.08001 0.09984 0.11931 0.13823 0.15607 0.17203 0.18479 0.19234 0.19204 0.18104 0.15748
-1.26445 -1.27303 -1.27992 -1.28508 -1.28848 -1.29008 -1.28984 -1.28776 -1.28379 -1.27791 -1.27009 -1.26032 -1.24857 -1.23485 -1.21914 -1.20144 -1.18176 -1.16012 -1.13655 -1.11108 -1.08376 -1.05466 -1.02385 -0.99141 -0.95747 -0.92212 -0.88550 -0.84774 -0.80899 -0.76940 -0.72915 -0.68838 -0.64726 -0.60596 -0.56464 -0.52343 -0.48250 -0.44196 -0.40194 -0.36255 -0.32387 -0.28600 -0.24898 -0.21287 -0.17770 -0.14348 -0.11023 -0.07792 -0.04654 -0.01601 0.01379 0.04301 0.07176 0.10016 0.12820 0.15573 0.18240 0.20733 0.22918 0.24583 0.25419 0.25043 0.23087 0.19398
-1.51333 -1.52320 -1.53106 -1.53690 -1.54068 -1.54237 -1.54195 -1.53940 -1.53470 -1.52783 -1.51877 -1.50750 -1.49402 -1.47831 -1.46038 -1.44021 -1.41782 -1.39323 -1.36645 -1.33752 -1.30648 -1.27337 -1.23828 -1.20128 -1.16245 -1.12192 -1.07979 -1.03620 -0.99131 -0.94526 -0.89822 -0.85038 -0.80191 -0.75298 -0.70380 -0.65452 -0.60534 -0.55641 -0.50790 -0.45993 -0.41264 -0.36614 -0.32052 -0.27586 -0.23221 -0.18962 -0.14810 -0.10764 -0.06819 -0.02965 0.00815 0.04537 0.08214 0.11854 0.15449 0.18964 0.22337 0.25431 0.28033 0.29824 0.30371 0.29185 0.25895 0.20556
-1.70426 -1.71500 -1.72349 -1.72969 -1.73360 -1.73519 -1.73446 -1.73139 -1.72598 -1.71822 -1.70810 -1.69562 -1.68077 -1.66356 -1.64397 -1.62204 -1.59776 -1.57114 -1.54222 -1.51101 -1.47756 -1.44191 -1.40411 -1.36423 -1.32234 -1.27855 -1.23294 -1.18564 -1.13678 -1.08651 -1.03497 -0.98234 -0.92879 -0.87452 -0.81970 -0.76453 -0.70920 -0.65389 -0.59879 -0.54406 -0.48986 -0.43633 -0.38360 -0.33177 -0.28091 -0.23110 -0.18236 -0.13469 -0.08802 -0.04218 0.00301 0.04771 0.09201 0.13590 0.17911 0.22101 0.26043 0.29534 0.32247 0.33727 0.33419 0.30802 0.25692 0.18647
-1.83600 -1.84747 -1.85646 -1.86295 -1.86694 -1.86844 -1.86744 -1.86395 -1.85796 -1.84949 -1.83854 -1.82512 -1.80925 -1.79092 -1.77017 -1.74700 -1.72143 -1.69349 -1.66320 -1.63059 -1.59570 -1.55857 -1.51924 -1.47777 -1.43422 -1.38867 -1.34121 -1.29193 -1.24094 -1.18836 -1.13433 -1.07899 -1.02251 -0.96505 -0.90680 -0.84792 -0.78862 -0.72908 -0.66949 -0.61003 -0.55088 -0.49218 -0.43410 -0.37676 -0.32026 -0.26468 -0.21006 -0.15640 -0.10357 -0.05136 0.00039 0.05180 0.10284 0.15330 0.20260 0.24959 0.29223 0.32744 0.35050 0.35545 0.33622 0.28944 0.21871 0.13778
-1.90903 -1.92133 -1.93096 -1.93790 -1.94218 -1.94380 -1.94278 -1.93912 -1.93286 -1.92400 -1.91258 -1.89860 -1.88210 -1.86310 -1.84163 -1.81772 -1.79141 -1.76271 -1.73167 -1.69833 -1.66271 -1.62487 -1.58485 -1.54271 -1.49850 -1.45228 -1.40413 -1.35414 -1.30238 -1.24897 -1.19402 -1.13764 -1.07998 -1.02118 -0.96140 -0.90079 -0.83953 -0.77779 -0.71575 -0.65359 -0.59148 -0.52958 -0.46805 -0.40703 -0.34663 -0.28693 -0.22798 -0.16973 -0.11199 -0.05454 0.00271 0.05972 0.11624 0.17171 0.22501 0.27409 0.31559 0.34491 0.35586 0.34196 0.29916 0.23022 0.14822 0.07417
-1.92432 -1.93770 -1.94824 -1.95595 -1.96086 -1.96298 -1.96234 -1.95896 -1.95286 -1.94408 -1.93266 -1.91862 -1.90201 -1.88287 -1.86123 -1.83714 -1.81063 -1.78176 -1.75057 -1.71709 -1.68138 -1.64349 -1.60347 -1.56136 -1.51723 -1.47114 -1.42316 -1.37336 -1.32183 -1.26865 -1.21392 -1.15776 -1.10026 -1.04155 -0.98177 -0.92104 -0.85951 -0.79733 -0.73466 -0.67165 -0.60846 -0.54524 -0.48214 -0.41928 -0.35678 -0.29469 -0.23303 -0.17166 -0.11034 -0.04896 0.01238 0.07336 0.13334 0.19113 0.24466 0.29050 0.32350 0.33743 0.32597 0.28536 0.21877 0.13953 0.06846 0.02288
-1.88358 -1.89821 -1.90991 -1.91869 -1.92456 -1.92756 -1.92772 -1.92507 -1.91963 -1.91146 -1.90059 -1.88706 -1.87093 -1.85224 -1.83104 -1.80738 -1.78133 -1.75292 -1.72221 -1.68925 -1.65410 -1.61682 -1.57744 -1.53603 -1.49267 -1.44740 -1.40030 -1.35144 -1.30091 -1.24879 -1.19517 -1.14015 -1.08383 -1.02631 -0.96770 -0.90812 -0.84768 -0.78651 -0.72473 -0.66246 -0.59984 -0.53700 -0.47405 -0.41109 -0.34819 -0.28538 -0.22256 -0.15951 -0.09606 -0.03238 0.03102 0.09335 0.15326 0.20853 0.25561 0.28930 0.30296 0.29054 0.24987 0.18597 0.11313 0.05146 0.01526 0.00235
-1.79076 -1.80652 -1.81929 -1.82914 -1.83607 -1.84014 -1.84137 -1.83977 -1.83537 -1.82822 -1.81836 -1.80584 -1.79072 -1.77306 -1.75290 -1.73031 -1.70533 -1.67803 -1.64847 -1.61671 -1.58281 -1.54680 -1.50877 -1.46877 -1.42685 -1.38309 -1.33757 -1.29035 -1.24154 -1.19120 -1.13944 -1.08636 -1.03205 -0.97661 -0.92013 -0.86272 -0.80447 -0.74547 -0.68583 -0.62564 -0.56500 -0.50399 -0.44270 -0.38118 -0.31942 -0.25735 -0.19478 -0.13150 -0.06777 -0.00435 0.05770 0.11673 0.17024 0.21452 0.24447 0.25411 0.23840 0.19681 0.13710 0.07531 0.02943 0.00698 0.00077 0.00002
-1.64964 -1.66649 -1.68057 -1.69180 -1.70015 -1.70557 -1.70804 -1.70761 -1.70435 -1.69837 -1.68971 -1.67847 -1.66471 -1.64847 -1.62980 -1.60874 -1.58538 -1.55976 -1.53195 -1.50199 -1.46997 -1.43592 -1.39990 -1.36198 -1.32221 -1.28067 -1.23742 -1.19255 -1.14614 -1.09829 -1.04911 -0.99870 -0.94716 -0.89458 -0.84106 -0.78670 -0.73156 -0.67573 -0.61929 -0.56230 -0.50482 -0.44690 -0.38856 -0.32977 -0.27046 -0.21043 -0.14957 -0.08824 -0.02756 0.03097 0.08536 0.13284 0.16964 0.19121 0.19310 0.17272 0.13208 0.08136 0.03724 0.01129 0.00188 0.00013 0.00000 -0.00000
-1.47701 -1.49255 -1.50562 -1.51620 -1.52429 -1.52989 -1.53300 -1.53362 -1.53173 -1.52729 -1.52033 -1.51081 -1.49873 -1.48416 -1.46718 -1.44791 -1.42643 -1.40283 -1.37717 -1.34950 -1.31985 -1.28829 -1.25487 -1.21964 -1.18265 -1.14395 -1.10364 -1.06179 -1.01848 -0.97379 -0.92787 -0.88083 -0.83277 -0.78378 -0.73397 -0.68345 -0.63226 -0.58048 -0.52815 -0.47534 -0.42205 -0.36828 -0.31399 -0.25912 -0.20352 -0.14727 -0.09103 -0.03639 0.01473 0.06009 0.09691 0.12203 0.13232 0.12523 0.10106 0.06633 0.03313 0.01148 0.00241 0.00025 0.00001 0.00000 -0.00000 -0.00000
-1.28669 -1.30009 -1.31126 -1.32018 -1.32684 -1.33124 -1.33337 -1.33325 -1.33091 -1.32636 -1.31964 -1.31078 -1.29982 -1.28681 -1.27176 -1.25465 -1.23553 -1.21438 -1.19123 -1.16613 -1.13916 -1.11043 -1.08001 -1.04793 -1.01421 -0.97891 -0.94211 -0.90388 -0.86427 -0.82336 -0.78133 -0.73832 -0.69441 -0.64968 -0.60427 -0.55833 -0.51188 -0.46494 -0.41758 -0.36987 -0.32177 -0.27325 -0.22428 -0.17501 -0.12585 -0.07778 -0.03291 0.00668 0.03915 0.06261 0.07470 0.07338 0.05956 0.03893 0.01966 0.00720 0.00172 0.00022 0.00001 0.00000 -0.00000 -0.00000 -0.00000 -0.00000
-1.08710 -1.09785 -1.10662 -1.11338 -1.11812 -1.12084 -1.12154 -1.12023 -1.11693 -1.11166 -1.10445 -1.09534 -1.08437 -1.07160 -1.05708 -1.04085 -1.02297 -1.00353 -0.98257 -0.96009 -0.93609 -0.91060 -0.88365 -0.85515 -0.82509 -0.79359 -0.76077 -0.72671 -0.69135 -0.65475 -0.61717 -0.57884 -0.53975 -0.49989 -0.45952 -0.41894 -0.37808 -0.33683 -0.29540 -0.25402 -0.21261 -0.17129 -0.13051 -0.09088 -0.05406 -0.02176 0.00472 0.02350 0.03261 0.03191 0.02434 0.01476 0.00703 0.00252 0.00062 0.00009 0.00001 0.00000 -0.00000 -0.00000 -0.00000 -0.00000 -0.00000 -0.00000
-0.88638 -0.89413 -0.90013 -0.90438 -0.90685 -0.90756 -0.90651 -0.90368 -0.89912 -0.89285 -0.88490 -0.87528 -0.86404 -0.85127 -0.83699 -0.82124 -0.80409 -0.78565 -0.76598 -0.74508 -0.72299 -0.69986 -0.67581 -0.65073 -0.62447 -0.59713 -0.56889 -0.53965 -0.50910 -0.47729 -0.44472 -0.41182 -0.37835 -0.34402 -0.30932 -0.27509 -0.24124 -0.20708 -0.17304 -0.14025 -0.10848 -0.07704 -0.04732 -0.02218 -0.00397 0.00625 0.00940 0.00815 0.00538 0.00287 0.00123 0.00040 0.00009 0.00001 0.00000 -0.00000 -0.00000 -0.00000 -0.00000 -0.00000 -0.00000 -0.00000 -0.00000 -0.00000
-0.69295 -0.69749 -0.70052 -0.70204 -0.70205 -0.70054 -0.69752 -0.69297 -0.68695 -0.67949 -0.67059 -0.66026 -0.64860 -0.63567 -0.62150 -0.60607 -0.58950 -0.57194 -0.55345 -0.53392 -0.51343 -0.49227 -0.47061 -0.44822 -0.42487 -0.40092 -0.37690 -0.35263 -0.32731 -0.30071 -0.27385 -0.24752 -0.22101 -0.19315 -0.16469 -0.13793 -0.11349 -0.08870 -0.06212 -0.03681 -0.01756 -0.00613 -0.00086 0.00082 0.00098 0.00070 0.00039 0.00018 0.00007 0.00002 0.00000 0.00000 -0.00000 -0.00000 -0.00000 -0.00000 -0.00000 -0.00000 -0.00000 -0.00000 -0.00000 -0.00000 -0.00000 -0.00000
-0.51536 -0.51674 -0.51684 -0.51566 -0.51321 -0.50950 -0.50450 -0.49821 -0.49072 -0.48206 -0.47220 -0.46114 -0.44902 -0.43594 -0.42187 -0.40672 -0.39068 -0.37404 -0.35677 -0.33856 -0.31953 -0.30030 -0.28110 -0.26132 -0.24047 -0.21933 -0.19914 -0.17956 -0.15896 -0.13679 -0.11512 -0.09629 -0.07930 -0.06107 -0.04078 -0.02196 -0.00917 -0.00318 -0.00107 -0.00037 -0.00013 -0.00004 -0.00001 -0.00000 0.00000 0.00000 -0.00000 -0.00000 -0.00000 -0.00000 -0.00000 -0.00000 -0.00000 -0.00000 -0.00000 -0.00000 -0.00000 -0.00000 -0.00000 -0.00000 -0.00000 -0.00000 -0.00000 -0.00000
-0.36142 -0.36007 -0.35762 -0.35412 -0.34961 -0.34408 -0.33746 -0.32980 -0.32123 -0.31177 -0.30134 -0.28992 -0.27777 -0.26505 -0.25156 -0.23714 -0.22216 -0.20711 -0.19178 -0.17557 -0.15867 -0.14230 -0.12680 -0.11099 -0.09385 -0.07680 -0.06244 -0.05046 -0.03826 -0.02448 -0.01145 -0.00341 -0.00069 -0.00016 -0.00006 -0.00003 -0.00001 -0.00001 -0.00000 -0.00000 -0.00000 -0.00000 -0.00000 -0.00000 -0.00000 -0.00000 -0.00000 -0.00000 -0.00000 -0.00000 -0.00000 -0.00000 -0.00000 -0.00000 -0.00000 -0.00000 -0.00000 -0.00000 -0.00000 -0.00000 -0.00000 -0.00000 -0.00000 -0.00000
-0.23674 -0.23342 -0.22921 -0.22418 -0.21844 -0.21191 -0.20451 -0.19634 -0.18762 -0.17836 -0.16834 -0.15759 -0.14657 -0.13549 -0.12394 -0.11162 -0.09924 -0.08765 -0.07638 -0.06434 -0.05183 -0.04105 -0.03255 -0.02450 -0.01531 -0.00627 -0.00116 -0.00006 -0.00000 -0.00000 -0.00000 -0.00000 -0.00000 -0.00000 -0.00000 -0.00000 -0.00000 -0.00000 -0.00000 -0.00000 -0.00000 -0.00000 -0.00000 -0.00000 -0.00000 -0.00000 -0.00000 -0.00000 -0.00000 -0.00000 -0.00000 -0.00000 -0.00000 -0.00000 -0.00000 -0.00000 -0.00000 -0.00000 0.00000 -0.00000 -0.00000 -0.00000 -0.00000 -0.00000
-0.14318 -0.13892 -0.13396 -0.12847 -0.12260 -0.11623 -0.10917 -0.10166 -0.09409 -0.08638 -0.07813 -0.06942 -0.06107 -0.05331 -0.04542 -0.03687 -0.02882 -0.02259 -0.01735 -0.01159 -0.00528 -0.00110 -0.00006 -0.00000 -0.00000 -0.00000 -0.00000 -0.00000 -0.00000 -0.00000 -0.00000 -0.00000 -0.00000 -0.00000 0.00000 -0.00000 -0.00000 -0.00000 -0.00000 -0.00000 -0.00000 -0.00000 -0.00000 -0.00000 -0.00000 -0.00000 -0.00000 -0.00000 -0.00000 -0.00000 -0.00000 -0.00000 -0.00000 -0.00000 -0.00000 -0.00000 -0.00000 -0.00000 -0.00000 -0.00000 -0.00000 -0.00000 -0.00000 -0.00000
-0.07857 -0.07435 -0.06961 -0.06470 -0.05978 -0.05459 -0.04889 -0.04307 -0.03773 -0.03265 -0.02716 -0.02138 -0.01656 -0.01293 -0.00943 -0.00527 -0.00158 -0.00015 -0.00000 -0.00000 -0.00000 -0.00000 -0.00000 -0.00000 -0.00000 -0.00000 -0.00000 -0.00000 -0.00000 -0.00000 -0.00000 -0.00000 -0.00000 -0.00000 -0.00000 -0.00000 -0.00000 -0.00000 -0.00000 -0.00000 -0.00000 0.00000 -0.00000 -0.00000 -0.00000 -0.00000 -0.00000 -0.00000 -0.00000 -0.00000 -0.00000 -0.00000 -0.00000 -0.00000 -0.00000 -0.00000 -0.00000 -0.00000 -0.00000 -0.00000 0.00000 -0.00000 -0.00000 -0.00000
-0.03780 -0.03433 -0.03050 -0.02684 -0.02354 -0.02016 -0.01632 -0.01262 -0.00985 -0.00762 -0.00509 -0.00222 -0.00040 -0.00002 -0.00000 -0.00000 -0.00000 -0.00000 -0.00000 -0.00000 -0.00000 -0.00000 -0.00000 0.00000 -0.00000 -0.00000 -0.00000 -0.00000 -0.00000 -0.00000 -0.00000 0.00000 -0.00000 0.00000 -0.00000 -0.00000 -0.00000 -0.00000 -0.00000 -0.00000 -0.00000 -0.00000 -0.00000 -0.00000 -0.00000 -0.00000 -0.00000 -0.00000 -0.00000 -0.00000 -0.00000 -0.00000 -0.00000 -0.00000 -0.00000 -0.00000 -0.00000 -0.00000 -0.00000 -0.00000 -0.00000 -0.00000 -0.00000 -0.00000
