tests/data/gray99/saval2D/outputs/resuqu10.asc
north:     17.44
south:      0.00
east:      60.51
west:       0.00
rows:   68
cols:  236
[rows 0 to 28 of 68, columns 0 to 65 of 236]
0.00000 0.00000 0.00000 0.00000 0.00000 0.00000 0.00000 0.00000 0.00000 0.00000 0.00000 0.00000 0.00000 0.00000 0.00000 0.00000 0.00000 0.00000 0.00000 0.00000 0.00000 0.00000 0.00000 0.00000 0.00000 0.00000 0.00000 0.00000 0.00000 0.00000 0.00000 0.00000 0.00000 0.00000 0.00000 0.00000 0.00000 0.00000 0.00000 0.00000 0.00000 0.00000 0.00000 0.00000 0.00000 0.00000 0.00000 0.00000 0.00000 0.00000 0.00000 0.00000 0.00000 0.00000 0.00000 0.00000 0.00000 0.00000 0.00000 0.00000 0.00000 0.00000 0.00000 0.00000 0.00000 0.00000
0.00000 0.00000 -0.00000 0.00000 -0.00000 -0.00000 0.00000 -0.00000 -0.00000 0.00000 -0.00000 0.00000 0.00000 0.00000 0.00000 0.00000 0.00000 0.00000 0.00000 0.00000 0.00000 0.00000 0.00000 0.00000 0.00000 0.00000 0.00000 0.00000 0.00000 0.00000 0.00000 0.00000 0.00000 0.00000 0.00000 0.00000 0.00000 0.00000 0.00000 0.00000 0.00000 0.00000 0.00000 0.00000 0.00000 0.00000 0.00000 0.00000 0.00000 0.00000 0.00000 0.00000 0.00000 0.00000 0.00000 0.00000 0.00000 0.00000 0.00000 0.00000 0.00000 0.00000 0.00000 0.00000 0.00000 0.00000
0.00000 0.00000 -0.00000 -0.00000 -0.00000 0.00000 -0.00000 -0.00000 0.00000 0.00000 0.00000 0.00000 0.00000 0.00000 0.00000 0.00000 0.00000 0.00000 0.00000 0.00000 0.00000 0.00000 0.00000 0.00000 0.00000 0.00000 0.00000 0.00000 0.00000 0.00000 0.00000 0.00000 0.00000 0.00000 0.00000 0.00000 0.00000 0.00000 0.00000 0.00000 0.00000 0.00000 0.00000 0.00000 0.00000 0.00000 0.00000 0.00000 0.00000 0.00000 0.00000 0.00000 0.00000 0.00000 0.00000 0.00000 0.00000 0.00000 0.00000 0.00000 0.00000 0.00000 0.00000 0.00000 0.00000 0.00000
0.00000 -0.00000 -0.00000 0.00000 -0.00000 -0.00000 -0.00000 -0.00000 -0.00000 -0.00000 0.00000 0.00000 0.00000 0.00000 0.00000 0.00000 0.00000 0.00000 0.00000 0.00000 0.00000 0.00000 0.00000 0.00000 0.00000 0.00000 0.00000 0.00000 0.00000 0.00000 0.00000 0.00000 0.00000 0.00000 0.00000 0.00000 0.00000 0.00000 0.00000 0.00000 0.00000 0.00000 0.00000 0.00000 0.00000 0.00000 0.00000 0.00000 0.00000 0.00000 0.00000 0.00000 0.00000 0.00000 0.00000 0.00000 0.00000 0.00000 0.00000 0.00000 0.00000 0.00000 0.00000 0.00000 0.00000 0.00000
0.00000 0.00000 -0.00000 -0.00000 -0.00000 -0.00000 -0.00000 0.00000 -0.00000 0.00000 0.00000 0.00000 0.00000 0.00000 0.00000 0.00000 0.00000 0.00000 0.00000 0.00000 0.00000 0.00000 0.00000 0.00000 0.00000 0.00000 0.00000 0.00000 0.00000 0.00000 0.00000 0.00000 0.00000 0.00000 0.00001 0.00001 0.00001 0.00000 0.00000 0.00000 0.00000 0.00000 0.00000 0.00000 0.00000 0.00000 0.00000 0.00000 0.00000 0.00000 0.00000 0.00000 0.00000 0.00000 0.00000 0.00000 0.00000 0.00000 0.00000 0.00000 0.00000 0.00000 0.00000 0.00000 0.00000 0.00000
0.00000 -0.00000 0.00000 -0.00000 -0.00000 -0.00000 -0.00000 -0.00000 0.00000 0.00000 0.00000 0.00000 0.00000 0.00000 0.00000 0.00000 0.00000 0.00000 0.00000 0.00000 0.00000 0.00000 0.00000 0.00000 0.00000 0.00001 0.00001 0.00002 0.00002 0.00002 0.00003 0.00003 0.00004 0.00004 0.00004 0.00005 0.00005 0.00005 0.00005 0.00005 0.00005 0.00004 0.00004 0.00004 0.00003 0.00002 0.00001 0.00000 0.00000 0.00000 0.00000 0.00000 0.00000 0.00000 0.00000 0.00000 0.00000 0.00000 0.00000 0.00000 0.00000 0.00000 0.00000 0.00000 0.00000 0.00000
0.00000 -0.00000 -0.00000 -0.00000 -0.00000 -0.00000 -0.00000 0.00000 0.00000 0.00000 0.00000 0.00000 0.00000 0.00000 0.00000 0.00000 0.00000 0.00000 0.00000 0.00000 0.00000 0.00000 0.00001 0.00001 0.00002 0.00003 0.00004 0.00005 0.00007 0.00008 0.00009 0.00010 0.00011 0.00012 0.00013 0.00014 0.00015 0.00015 0.00015 0.00015 0.00015 0.00015 0.00015 0.00014 0.00013 0.00011 0.00009 0.00008 0.00007 0.00007 0.00006 0.00005 0.00003 0.00001 0.00000 0.00000 0.00000 0.00000 0.00000 0.00000 0.00000 0.00000 0.00000 0.00000 0.00000 0.00000
0.00000 -0.00000 -0.00000 -0.00000 -0.00000 -0.00000 -0.00000 0.00000 0.00000 0.00000 0.00000 0.00000 0.00000 0.00000 0.00000 0.00000 0.00000 0.00000 0.00000 0.00000 0.00001 0.00002 0.00003 0.00004 0.00006 0.00008 0.00011 0.00013 0.00016 0.00018 0.00020 0.00023 0.00025 0.00027 0.00029 0.00030 0.00032 0.00033 0.00034 0.00035 0.00035 0.00035 0.00035 0.00034 0.00032 0.00030 0.00027 0.00026 0.00024 0.00023 0.00022 0.00019 0.00016 0.00012 0.00010 0.00009 0.00009 0.00007 0.00005 0.00002 0.00000 0.00000 0.00000 0.00000 0.00000 0.00000
0.00000 -0.00000 -0.00000 0.00000 0.00000 -0.00000 0.00000 0.00000 0.00000 0.00000 0.00000 0.00000 0.00000 0.00000 0.00000 0.00000 0.00000 0.00000 0.00001 0.00002 0.00003 0.00005 0.00008 0.00010 0.00014 0.00017 0.00021 0.00025 0.00030 0.00034 0.00038 0.00042 0.00046 0.00050 0.00053 0.00056 0.00059 0.00061 0.00063 0.00065 0.00066 0.00067 0.00067 0.00066 0.00065 0.00062 0.00060 0.00057 0.00055 0.00054 0.00052 0.00048 0.00043 0.00038 0.00035 0.00032 0.00030 0.00027 0.00023 0.00018 0.00014 0.00012 0.00011 0.00009 0.00006 0.00002
0.00000 -0.00000 -0.00000 -0.00000 -0.00000 -0.00000 0.00000 0.00000 0.00000 0.00000 0.00000 0.00000 0.00000 0.00000 0.00000 0.00000 0.00000 0.00001 0.00003 0.00005 0.00007 0.00011 0.00015 0.00020 0.00025 0.00031 0.00037 0.00044 0.00050 0.00057 0.00064 0.00070 0.00077 0.00083 0.00088 0.00093 0.00098 0.00102 0.00106 0.00109 0.00112 0.00114 0.00115 0.00116 0.00115 0.00113 0.00110 0.00108 0.00105 0.00103 0.00100 0.00096 0.00091 0.00084 0.00079 0.00074 0.00071 0.00066 0.00060 0.00052 0.00046 0.00042 0.00038 0.00034 0.00028 0.00021
0.00000 -0.00000 -0.00000 -0.00000 -0.00000 0.00000 0.00000 0.00000 0.00000 0.00000 0.00000 0.00000 0.00000 0.00000 0.00000 0.00000 0.00001 0.00003 0.00006 0.00010 0.00014 0.00020 0.00027 0.00034 0.00042 0.00051 0.00060 0.00070 0.00080 0.00090 0.00100 0.00110 0.00119 0.00128 0.00137 0.00145 0.00153 0.00160 0.00166 0.00172 0.00177 0.00181 0.00184 0.00186 0.00186 0.00185 0.00184 0.00181 0.00179 0.00177 0.00174 0.00169 0.00163 0.00156 0.00149 0.00143 0.00137 0.00131 0.00123 0.00113 0.00104 0.00097 0.00090 0.00083 0.00074 0.00065
0.00000 0.00000 -0.00000 -0.00000 0.00000 0.00000 0.00000 0.00000 0.00000 0.00000 0.00000 0.00000 0.00000 0.00000 0.00001 0.00002 0.00004 0.00007 0.00012 0.00018 0.00025 0.00033 0.00043 0.00053 0.00065 0.00077 0.00090 0.00104 0.00118 0.00133 0.00147 0.00162 0.00176 0.00189 0.00202 0.00214 0.00226 0.00237 0.00247 0.00256 0.00264 0.00271 0.00277 0.00281 0.00284 0.00285 0.00285 0.00284 0.00283 0.00281 0.00278 0.00274 0.00268 0.00261 0.00253 0.00245 0.00237 0.00230 0.00220 0.00209 0.00197 0.00187 0.00177 0.00167 0.00155 0.00142
0.00000 -0.00000 -0.00000 -0.00000 0.00000 0.00000 0.00000 0.00000 0.00000 0.00000 0.00000 0.00000 0.00000 0.00001 0.00002 0.00005 0.00008 0.00013 0.00020 0.00029 0.00039 0.00051 0.00064 0.00079 0.00095 0.00112 0.00130 0.00149 0.00169 0.00189 0.00209 0.00229 0.00248 0.00268 0.00286 0.00304 0.00321 0.00337 0.00352 0.00366 0.00378 0.00390 0.00400 0.00408 0.00414 0.00419 0.00422 0.00423 0.00424 0.00423 0.00422 0.00419 0.00414 0.00407 0.00399 0.00390 0.00382 0.00372 0.00361 0.00349 0.00335 0.00322 0.00309 0.00296 0.00281 0.00265
0.00000 -0.00000 -0.00000 0.00000 0.00000 0.00000 0.00000 0.00000 0.00000 0.00000 0.00000 0.00000 0.00001 0.00002 0.00005 0.00009 0.00015 0.00022 0.00032 0.00044 0.00058 0.00074 0.00092 0.00112 0.00133 0.00157 0.00181 0.00206 0.00233 0.00260 0.00287 0.00314 0.00341 0.00367 0.00393 0.00418 0.00442 0.00465 0.00487 0.00507 0.00526 0.00543 0.00559 0.00572 0.00584 0.00593 0.00601 0.00606 0.00610 0.00612 0.00613 0.00613 0.00610 0.00605 0.00598 0.00589 0.00580 0.00570 0.00559 0.00546 0.00531 0.00515 0.00499 0.00483 0.00466 0.00446
0.00000 -0.00000 0.00000 0.00000 0.00000 0.00000 0.00000 0.00000 0.00000 0.00000 0.00000 0.00000 0.00002 0.00004 0.00009 0.00015 0.00024 0.00034 0.00048 0.00064 0.00082 0.00104 0.00127 0.00153 0.00182 0.00212 0.00244 0.00277 0.00312 0.00348 0.00384 0.00420 0.00456 0.00492 0.00527 0.00561 0.00594 0.00626 0.00656 0.00685 0.00712 0.00738 0.00761 0.00782 0.00801 0.00817 0.00830 0.00842 0.00851 0.00858 0.00863 0.00866 0.00867 0.00865 0.00861 0.00854 0.00847 0.00837 0.00826 0.00813 0.00798 0.00781 0.00764 0.00745 0.00726 0.00704
0.00000 -0.00000 -0.00000 0.00000 0.00000 0.00000 0.00000 0.00000 0.00000 0.00000 0.00000 0.00001 0.00004 0.00008 0.00015 0.00024 0.00036 0.00050 0.00068 0.00089 0.00113 0.00140 0.00171 0.00205 0.00241 0.00280 0.00321 0.00364 0.00409 0.00455 0.00502 0.00550 0.00597 0.00645 0.00692 0.00738 0.00782 0.00826 0.00867 0.00907 0.00945 0.00981 0.01014 0.01045 0.01074 0.01099 0.01122 0.01141 0.01158 0.01172 0.01184 0.01193 0.01199 0.01203 0.01203 0.01201 0.01196 0.01189 0.01180 0.01169 0.01155 0.01139 0.01121 0.01102 0.01081 0.01058
0.00000 -0.00000 0.00000 0.00000 0.00000 0.00000 0.00000 0.00000 0.00000 0.00000 0.00001 0.00003 0.00008 0.00014 0.00023 0.00035 0.00051 0.00070 0.00093 0.00120 0.00151 0.00186 0.00224 0.00267 0.00313 0.00362 0.00415 0.00469 0.00527 0.00585 0.00646 0.00707 0.00769 0.00831 0.00892 0.00953 0.01012 0.01070 0.01126 0.01180 0.01232 0.01282 0.01329 0.01373 0.01414 0.01452 0.01486 0.01517 0.01544 0.01569 0.01590 0.01608 0.01623 0.01634 0.01642 0.01646 0.01647 0.01645 0.01641 0.01634 0.01623 0.01610 0.01594 0.01576 0.01556 0.01533
0.00000 -0.00000 0.00000 0.00000 0.00000 0.00000 0.00000 0.00000 0.00000 0.00001 0.00003 0.00007 0.00013 0.00022 0.00034 0.00050 0.00070 0.00095 0.00124 0.00158 0.00196 0.00240 0.00288 0.00341 0.00399 0.00461 0.00526 0.00595 0.00667 0.00742 0.00818 0.00896 0.00975 0.01055 0.01134 0.01213 0.01291 0.01367 0.01442 0.01514 0.01584 0.01651 0.01715 0.01776 0.01834 0.01888 0.01938 0.01984 0.02026 0.02065 0.02099 0.02130 0.02156 0.02179 0.02198 0.02212 0.02222 0.02229 0.02233 0.02232 0.02228 0.02221 0.02210 0.02196 0.02179 0.02159
0.00000 0.00000 0.00000 0.00000 0.00000 0.00000 0.00000 0.00000 0.00000 0.00002 0.00005 0.00011 0.00020 0.00032 0.00048 0.00069 0.00094 0.00125 0.00161 0.00203 0.00251 0.00305 0.00364 0.00430 0.00501 0.00577 0.00658 0.00744 0.00834 0.00927 0.01023 0.01121 0.01221 0.01322 0.01424 0.01525 0.01626 0.01725 0.01823 0.01918 0.02011 0.02101 0.02187 0.02270 0.02350 0.02425 0.02496 0.02562 0.02623 0.02681 0.02733 0.02781 0.02824 0.02863 0.02897 0.02926 0.02950 0.02970 0.02985 0.02996 0.03003 0.03005 0.03003 0.02997 0.02988 0.02975
0.00000 0.00000 0.00000 0.00000 0.00000 0.00000 0.00000 0.00000 0.00001 0.00004 0.00009 0.00018 0.00029 0.00045 0.00066 0.00092 0.00123 0.00161 0.00206 0.00257 0.00316 0.00381 0.00454 0.00534 0.00621 0.00714 0.00814 0.00919 0.01030 0.01146 0.01265 0.01388 0.01513 0.01640 0.01769 0.01898 0.02027 0.02155 0.02281 0.02405 0.02527 0.02645 0.02761 0.02872 0.02979 0.03081 0.03179 0.03272 0.03359 0.03441 0.03518 0.03589 0.03655 0.03716 0.03771 0.03821 0.03864 0.03903 0.03936 0.03964 0.03987 0.04004 0.04017 0.04025 0.04028 0.04027
0.00000 0.00000 0.00000 0.00000 0.00000 0.00000 0.00000 0.00001 0.00003 0.00007 0.00015 0.00026 0.00041 0.00061 0.00087 0.00119 0.00158 0.00204 0.00258 0.00320 0.00391 0.00470 0.00559 0.00655 0.00761 0.00874 0.00996 0.01124 0.01260 0.01402 0.01549 0.01702 0.01858 0.02017 0.02178 0.02341 0.02505 0.02668 0.02830 0.02990 0.03148 0.03303 0.03455 0.03602 0.03745 0.03883 0.04015 0.04142 0.04263 0.04378 0.04487 0.04590 0.04687 0.04777 0.04861 0.04939 0.05010 0.05075 0.05133 0.05186 0.05232 0.05273 0.05307 0.05336 0.05360 0.05378
0.00000 0.00000 0.00000 0.00000 0.00000 0.00000 0.00000 0.00002 0.00005 0.00012 0.00022 0.00036 0.00055 0.00080 0.00112 0.00151 0.00199 0.00254 0.00319 0.00394 0.00479 0.00574 0.00680 0.00796 0.00923 0.01060 0.01207 0.01363 0.01528 0.01702 0.01883 0.02070 0.02263 0.02461 0.02663 0.02867 0.03073 0.03280 0.03487 0.03692 0.03896 0.04096 0.04294 0.04487 0.04676 0.04859 0.05037 0.05208 0.05373 0.05532 0.05684 0.05828 0.05966 0.06096 0.06220 0.06336 0.06444 0.06546 0.06640 0.06727 0.06808 0.06881 0.06948 0.07008 0.07062 0.07110
0.00000 0.00000 0.00000 0.00000 0.00000 0.00000 0.00001 0.00003 0.00009 0.00017 0.00030 0.00048 0.00072 0.00103 0.00142 0.00189 0.00246 0.00313 0.00390 0.00479 0.00580 0.00693 0.00819 0.00958 0.01110 0.01274 0.01451 0.01640 0.01840 0.02051 0.02272 0.02502 0.02739 0.02984 0.03235 0.03490 0.03749 0.04009 0.04271 0.04533 0.04794 0.05053 0.05309 0.05561 0.05808 0.06050 0.06287 0.06516 0.06739 0.06955 0.07163 0.07364 0.07556 0.07741 0.07917 0.08086 0.08246 0.08398 0.08542 0.08678 0.08807 0.08927 0.09041 0.09147 0.09246 0.09338
0.00000 0.00000 0.00000 0.00000 0.00000 0.00000 0.00002 0.00006 0.00013 0.00024 0.00040 0.00063 0.00092 0.00130 0.00176 0.00232 0.00300 0.00379 0.00471 0.00576 0.00696 0.00830 0.00979 0.01144 0.01325 0.01521 0.01733 0.01960 0.02201 0.02457 0.02725 0.03006 0.03298 0.03600 0.03910 0.04228 0.04551 0.04880 0.05211 0.05544 0.05877 0.06210 0.06541 0.06868 0.07192 0.07510 0.07823 0.08130 0.08429 0.08721 0.09004 0.09280 0.09547 0.09805 0.10054 0.10295 0.10526 0.10749 0.10964 0.11169 0.11366 0.11557 0.11754 0.12027 0.12564 0.13706
0.00000 0.00000 0.00000 0.00000 0.00000 0.00001 0.00003 0.00009 0.00018 0.00032 0.00052 0.00079 0.00115 0.00160 0.00215 0.00282 0.00361 0.00454 0.00562 0.00686 0.00827 0.00985 0.01161 0.01356 0.01571 0.01804 0.02057 0.02329 0.02619 0.02928 0.03254 0.03596 0.03954 0.04325 0.04709 0.05104 0.05509 0.05922 0.06340 0.06764 0.07190 0.07618 0.08046 0.08472 0.08896 0.09315 0.09730 0.10139 0.10541 0.10936 0.11323 0.11701 0.12071 0.12432 0.12784 0.13128 0.13471 0.13849 0.14364 0.15243 0.16802 0.19125 0.22184 0.25973 0.30437 0.35396
0.00000 0.00000 0.00000 0.00000 0.00000 0.00001 0.00005 0.00012 0.00024 0.00041 0.00066 0.00098 0.00140 0.00193 0.00258 0.00336 0.00429 0.00538 0.00665 0.00810 0.00975 0.01160 0.01368 0.01598 0.01851 0.02128 0.02429 0.02754 0.03103 0.03475 0.03870 0.04288 0.04726 0.05183 0.05659 0.06151 0.06659 0.07179 0.07710 0.08250 0.08798 0.09351 0.09908 0.10466 0.11025 0.11583 0.12138 0.12689 0.13236 0.13781 0.14335 0.14943 0.15720 0.16834 0.18340 0.20282 0.22712 0.25673 0.29173 0.33131 0.37363 0.41878 0.46757 0.52027 0.57696 0.63754
0.00000 0.00000 0.00000 0.00000 0.00000 0.00002 0.00007 0.00016 0.00030 0.00051 0.00080 0.00118 0.00168 0.00229 0.00305 0.00396 0.00504 0.00631 0.00778 0.00947 0.01140 0.01357 0.01600 0.01871 0.02169 0.02498 0.02856 0.03244 0.03663 0.04112 0.04592 0.05101 0.05639 0.06205 0.06797 0.07414 0.08054 0.08715 0.09401 0.10113 0.10855 0.11633 0.12458 0.13342 0.14304 0.15367 0.16560 0.17918 0.19482 0.21294 0.23400 0.25829 0.28556 0.31517 0.34755 0.38307 0.42198 0.46446 0.51065 0.56056 0.61422 0.67167 0.73306 0.79846 0.86781 0.94098
0.00000 0.00000 0.00000 0.00000 0.00001 0.00003 0.00010 0.00021 0.00038 0.00063 0.00097 0.00143 0.00200 0.00273 0.00362 0.00469 0.00596 0.00746 0.00921 0.01122 0.01351 0.01612 0.01906 0.02234 0.02599 0.03004 0.03449 0.03937 0.04469 0.05047 0.05673 0.06349 0.07076 0.07859 0.08699 0.09601 0.10571 0.11615 0.12737 0.13947 0.15255 0.16672 0.18214 0.19895 0.21732 0.23744 0.25950 0.28369 0.31021 0.33924 0.37097 0.40556 0.44315 0.48382 0.52770 0.57495 0.62570 0.68006 0.73806 0.79971 0.86498 0.93389 1.00650 1.08287 1.16295 1.24663
0.00000 0.00000 0.00000 0.00000 0.00001 0.00005 0.00013 0.00027 0.00047 0.00076 0.00116 0.00169 0.00236 0.00320 0.00423 0.00548 0.00696 0.00872 0.01077 0.01315 0.01588 0.01899 0.02252 0.02650 0.03097 0.03596 0.04151 0.04765 0.05443 0.06189 0.07008 0.07905 0.08885 0.09954 0.11119 0.12388 0.13768 0.15269 0.16901 0.18675 0.20601 0.22693 0.24963 0.27426 0.30095 0.32985 0.36111 0.39486 0.43124 0.47038 0.51241 0.55742 0.60551 0.65673 0.71116 0.76890 0.83001 0.89459 0.96265 1.03417 1.10913 1.18750 1.26932 1.35460 1.44331 1.53538
