tests/data/gray99/saval2D/outputs/resuh7.asc
north:     17.44
south:      0.00
east:      60.51
west:       0.00
rows:   68
cols:  236
[rows 29 to 57 of 68, columns 67 to 133 of 236]
1.37766 1.40270 1.42682 1.45000 1.47225 1.49357 1.51395 1.53341 1.55195 1.56956 1.58625 1.60202 1.61688 1.63082 1.64385 1.65597 1.66718 1.67749 1.68689 1.69539 1.70299 1.70969 1.71549 1.72039 1.72441 1.72753 1.72976 1.73112 1.73159 1.73119 1.72992 1.72780 1.72482 1.72101 1.71637 1.71091 1.70464 1.69759 1.68977 1.68120 1.67188 1.66186 1.65113 1.63972 1.62765 1.61494 1.60161 1.58767 1.57315 1.55807 1.54245 1.52630 1.50969 1.49312 1.47767 1.46278 1.44803 1.43330 1.41844 1.40333 1.38784 1.37182 1.35513 1.33757 1.31897 1.29908 1.27765
1.43764 1.46300 1.48738 1.51078 1.53320 1.55464 1.57510 1.59459 1.61310 1.63065 1.64723 1.66286 1.67752 1.69124 1.70401 1.71584 1.72672 1.73668 1.74570 1.75379 1.76095 1.76719 1.77251 1.77692 1.78042 1.78301 1.78470 1.78550 1.78540 1.78443 1.78258 1.77987 1.77630 1.77190 1.76666 1.76061 1.75376 1.74612 1.73771 1.72855 1.71866 1.70805 1.69676 1.68479 1.67216 1.65890 1.64503 1.63056 1.61551 1.59991 1.58377 1.56712 1.55003 1.53301 1.51691 1.50132 1.48589 1.47053 1.45511 1.43952 1.42366 1.40738 1.39053 1.37295 1.35444 1.33476 1.31366
1.47647 1.50204 1.52659 1.55013 1.57265 1.59416 1.61465 1.63415 1.65264 1.67013 1.68663 1.70215 1.71668 1.73023 1.74282 1.75445 1.76512 1.77483 1.78360 1.79142 1.79830 1.80425 1.80926 1.81335 1.81652 1.81878 1.82014 1.82059 1.82014 1.81881 1.81661 1.81354 1.80961 1.80485 1.79925 1.79284 1.78563 1.77763 1.76887 1.75935 1.74911 1.73815 1.72651 1.71419 1.70122 1.68762 1.67341 1.65861 1.64324 1.62732 1.61087 1.59392 1.57653 1.55921 1.54267 1.52659 1.51070 1.49490 1.47911 1.46322 1.44711 1.43067 1.41374 1.39616 1.37773 1.35822 1.33737
1.49518 1.52083 1.54546 1.56907 1.59164 1.61318 1.63369 1.65317 1.67163 1.68907 1.70550 1.72095 1.73540 1.74888 1.76137 1.77289 1.78344 1.79302 1.80164 1.80931 1.81605 1.82186 1.82674 1.83069 1.83371 1.83581 1.83700 1.83729 1.83668 1.83520 1.83285 1.82964 1.82556 1.82065 1.81489 1.80832 1.80095 1.79280 1.78389 1.77424 1.76386 1.75276 1.74097 1.72850 1.71538 1.70162 1.68727 1.67234 1.65683 1.64078 1.62419 1.60709 1.58956 1.57208 1.55530 1.53896 1.52283 1.50682 1.49084 1.47479 1.45857 1.44205 1.42510 1.40754 1.38919 1.36980 1.34911
1.49431 1.51996 1.54458 1.56816 1.59070 1.61221 1.63269 1.65213 1.67055 1.68796 1.70435 1.71976 1.73417 1.74761 1.76007 1.77155 1.78207 1.79163 1.80024 1.80790 1.81463 1.82043 1.82530 1.82925 1.83228 1.83440 1.83561 1.83593 1.83536 1.83391 1.83159 1.82841 1.82438 1.81951 1.81380 1.80728 1.79996 1.79186 1.78300 1.77339 1.76305 1.75200 1.74026 1.72783 1.71476 1.70105 1.68674 1.67184 1.65638 1.64036 1.62381 1.60674 1.58925 1.57180 1.55502 1.53867 1.52253 1.50650 1.49051 1.47446 1.45825 1.44175 1.42482 1.40730 1.38899 1.36965 1.34902
1.47383 1.49937 1.52388 1.54736 1.56981 1.59123 1.61164 1.63103 1.64942 1.66680 1.68320 1.69860 1.71302 1.72648 1.73897 1.75051 1.76110 1.77074 1.77945 1.78723 1.79409 1.80002 1.80503 1.80914 1.81235 1.81465 1.81607 1.81660 1.81624 1.81501 1.81291 1.80996 1.80616 1.80152 1.79606 1.78979 1.78272 1.77487 1.76624 1.75687 1.74677 1.73595 1.72444 1.71225 1.69941 1.68594 1.67185 1.65716 1.64190 1.62609 1.60974 1.59289 1.57560 1.55836 1.54181 1.52569 1.50977 1.49394 1.47813 1.46224 1.44616 1.42977 1.41292 1.39545 1.37717 1.35783 1.33718
1.43302 1.45834 1.48266 1.50598 1.52829 1.54960 1.56992 1.58926 1.60761 1.62499 1.64141 1.65687 1.67137 1.68494 1.69756 1.70926 1.72004 1.72989 1.73884 1.74687 1.75400 1.76022 1.76555 1.77000 1.77355 1.77623 1.77802 1.77895 1.77900 1.77819 1.77653 1.77401 1.77066 1.76647 1.76146 1.75564 1.74902 1.74161 1.73343 1.72451 1.71484 1.70446 1.69338 1.68162 1.66920 1.65614 1.64246 1.62818 1.61332 1.59790 1.58194 1.56546 1.54854 1.53166 1.51557 1.49993 1.48446 1.46905 1.45361 1.43804 1.42222 1.40603 1.38932 1.37193 1.35365 1.33426 1.31348
1.37064 1.39564 1.41968 1.44276 1.46488 1.48605 1.50626 1.52554 1.54388 1.56129 1.57777 1.59335 1.60801 1.62177 1.63463 1.64661 1.65769 1.66790 1.67722 1.68567 1.69325 1.69996 1.70580 1.71077 1.71488 1.71814 1.72053 1.72207 1.72275 1.72259 1.72159 1.71974 1.71706 1.71355 1.70922 1.70409 1.69815 1.69143 1.68393 1.67568 1.66668 1.65696 1.64653 1.63542 1.62364 1.61121 1.59815 1.58448 1.57022 1.55540 1.54002 1.52411 1.50773 1.49140 1.47599 1.46106 1.44626 1.43148 1.41660 1.40151 1.38609 1.37020 1.35369 1.33639 1.31811 1.29861 1.27763
1.28495 1.30952 1.33319 1.35596 1.37784 1.39882 1.41891 1.43813 1.45647 1.47395 1.49057 1.50633 1.52123 1.53529 1.54851 1.56089 1.57243 1.58314 1.59302 1.60207 1.61029 1.61768 1.62424 1.62998 1.63488 1.63896 1.64220 1.64462 1.64620 1.64694 1.64686 1.64595 1.64422 1.64166 1.63829 1.63411 1.62913 1.62336 1.61681 1.60950 1.60143 1.59263 1.58312 1.57291 1.56202 1.55047 1.53827 1.52545 1.51203 1.49802 1.48345 1.46833 1.45273 1.43711 1.42257 1.40857 1.39467 1.38072 1.36659 1.35215 1.33726 1.32178 1.30555 1.28839 1.27011 1.25048 1.22924
1.17411 1.19815 1.22137 1.24377 1.26536 1.28613 1.30610 1.32527 1.34365 1.36125 1.37806 1.39409 1.40934 1.42381 1.43751 1.45043 1.46259 1.47397 1.48459 1.49443 1.50350 1.51179 1.51931 1.52604 1.53199 1.53715 1.54152 1.54509 1.54787 1.54984 1.55099 1.55133 1.55085 1.54955 1.54745 1.54453 1.54082 1.53631 1.53102 1.52495 1.51813 1.51055 1.50225 1.49324 1.48352 1.47314 1.46209 1.45039 1.43808 1.42516 1.41165 1.39757 1.38298 1.36827 1.35476 1.34189 1.32910 1.31619 1.30300 1.28937 1.27515 1.26020 1.24433 1.22737 1.20912 1.18935 1.16781
1.03719 1.06061 1.08334 1.10535 1.12663 1.14720 1.16706 1.18621 1.20468 1.22245 1.23953 1.25592 1.27160 1.28660 1.30090 1.31450 1.32741 1.33962 1.35113 1.36194 1.37205 1.38144 1.39011 1.39807 1.40530 1.41179 1.41754 1.42254 1.42678 1.43025 1.43295 1.43486 1.43597 1.43629 1.43579 1.43448 1.43236 1.42944 1.42573 1.42124 1.41598 1.40996 1.40319 1.39569 1.38748 1.37857 1.36898 1.35871 1.34780 1.33626 1.32411 1.31135 1.29804 1.28446 1.27211 1.26054 1.24903 1.23733 1.22524 1.21258 1.19918 1.18487 1.16946 1.15277 1.13459 1.11469 1.09280
0.87597 0.89877 0.92100 0.94263 0.96364 0.98402 1.00380 1.02298 1.04158 1.05958 1.07699 1.09378 1.10996 1.12552 1.14047 1.15481 1.16854 1.18165 1.19413 1.20599 1.21722 1.22781 1.23776 1.24706 1.25570 1.26366 1.27095 1.27756 1.28345 1.28863 1.29309 1.29679 1.29974 1.30191 1.30331 1.30391 1.30372 1.30272 1.30092 1.29831 1.29491 1.29074 1.28581 1.28014 1.27373 1.26660 1.25876 1.25023 1.24102 1.23115 1.22064 1.20949 1.19773 1.18553 1.17442 1.16425 1.15415 1.14378 1.13293 1.12137 1.10890 1.09534 1.08047 1.06410 1.04600 1.02596 1.00367
0.69768 0.71986 0.74157 0.76279 0.78346 0.80358 0.82322 0.84239 0.86107 0.87925 0.89692 0.91406 0.93064 0.94668 0.96218 0.97715 0.99159 1.00549 1.01884 1.03163 1.04387 1.05555 1.06666 1.07721 1.08718 1.09656 1.10533 1.11349 1.12103 1.12791 1.13414 1.13968 1.14451 1.14862 1.15200 1.15461 1.15647 1.15754 1.15784 1.15736 1.15609 1.15402 1.15116 1.14751 1.14313 1.13801 1.13215 1.12559 1.11832 1.11036 1.10173 1.09243 1.08246 1.07189 1.06205 1.05328 1.04462 1.03563 1.02607 1.01566 1.00418 0.99140 0.97710 0.96104 0.94299 0.92270 0.89982
0.49330 0.52056 0.54772 0.57365 0.59649 0.61753 0.63745 0.65661 0.67518 0.69326 0.71086 0.72798 0.74459 0.76072 0.77639 0.79161 0.80639 0.82069 0.83452 0.84787 0.86072 0.87310 0.88499 0.89640 0.90732 0.91774 0.92765 0.93703 0.94587 0.95416 0.96187 0.96898 0.97546 0.98129 0.98646 0.99093 0.99469 0.99772 1.00002 1.00158 1.00239 1.00245 1.00176 1.00031 0.99805 0.99498 0.99118 0.98665 0.98142 0.97548 0.96886 0.96154 0.95348 0.94471 0.93614 0.92865 0.92134 0.91366 0.90531 0.89598 0.88541 0.87332 0.85945 0.84352 0.82526 0.80431 0.78027
0.33873 0.34971 0.36153 0.37524 0.39272 0.41258 0.43389 0.45606 0.47865 0.50131 0.52360 0.54465 0.56306 0.57975 0.59544 0.61046 0.62498 0.63905 0.65270 0.66593 0.67873 0.69114 0.70316 0.71480 0.72604 0.73686 0.74727 0.75725 0.76680 0.77590 0.78451 0.79263 0.80022 0.80725 0.81371 0.81955 0.82476 0.82932 0.83323 0.83646 0.83902 0.84088 0.84205 0.84251 0.84226 0.84127 0.83948 0.83685 0.83351 0.82951 0.82484 0.81944 0.81325 0.80624 0.79892 0.79245 0.78621 0.77956 0.77214 0.76359 0.75359 0.74177 0.72782 0.71138 0.69205 0.66937 0.64270
0.27048 0.27763 0.28489 0.29226 0.29976 0.30742 0.31528 0.32338 0.33183 0.34078 0.35056 0.36196 0.37635 0.39267 0.40998 0.42775 0.44558 0.46310 0.47978 0.49467 0.50774 0.51987 0.53143 0.54257 0.55336 0.56381 0.57394 0.58375 0.59324 0.60238 0.61116 0.61954 0.62751 0.63504 0.64208 0.64859 0.65456 0.65998 0.66484 0.66912 0.67280 0.67587 0.67833 0.68018 0.68139 0.68195 0.68183 0.68100 0.67928 0.67686 0.67387 0.67014 0.66555 0.66003 0.65381 0.64790 0.64220 0.63600 0.62883 0.62026 0.60986 0.59719 0.58177 0.56313 0.54074 0.51397 0.48182
0.21742 0.22238 0.22736 0.23236 0.23738 0.24243 0.24752 0.25264 0.25781 0.26303 0.26832 0.27369 0.27917 0.28479 0.29061 0.29671 0.30322 0.31038 0.31862 0.32884 0.34094 0.35390 0.36718 0.38038 0.39317 0.40512 0.41564 0.42502 0.43384 0.44229 0.45044 0.45830 0.46586 0.47310 0.47995 0.48636 0.49230 0.49779 0.50282 0.50738 0.51142 0.51492 0.51791 0.52040 0.52238 0.52381 0.52466 0.52490 0.52452 0.52335 0.52156 0.51894 0.51532 0.51062 0.50494 0.49887 0.49267 0.48565 0.47720 0.46676 0.45382 0.43787 0.41827 0.39421 0.36477 0.32970 0.29001
0.17426 0.17760 0.18092 0.18422 0.18750 0.19075 0.19399 0.19721 0.20041 0.20360 0.20677 0.20994 0.21310 0.21625 0.21941 0.22258 0.22579 0.22903 0.23234 0.23575 0.23929 0.24305 0.24712 0.25163 0.25679 0.26297 0.27070 0.27958 0.28882 0.29801 0.30687 0.31515 0.32252 0.32901 0.33499 0.34053 0.34565 0.35043 0.35489 0.35896 0.36255 0.36563 0.36829 0.37060 0.37258 0.37413 0.37519 0.37578 0.37591 0.37545 0.37392 0.37112 0.36709 0.36183 0.35530 0.34762 0.33900 0.32892 0.31655 0.30115 0.28209 0.25912 0.23286 0.20468 0.17626 0.14882 0.12257
0.13875 0.14084 0.14289 0.14489 0.14685 0.14875 0.15059 0.15240 0.15414 0.15584 0.15749 0.15908 0.16063 0.16213 0.16358 0.16498 0.16634 0.16766 0.16895 0.17020 0.17143 0.17268 0.17395 0.17523 0.17656 0.17799 0.17962 0.18151 0.18368 0.18620 0.18925 0.19310 0.19801 0.20370 0.20937 0.21465 0.21938 0.22355 0.22709 0.23013 0.23261 0.23446 0.23590 0.23722 0.23847 0.23944 0.23987 0.23976 0.23901 0.23683 0.23284 0.22780 0.22184 0.21460 0.20561 0.19453 0.18133 0.16618 0.14934 0.13159 0.11392 0.09726 0.08197 0.06797 0.05496 0.04276 0.03149
0.10946 0.11060 0.11167 0.11268 0.11362 0.11448 0.11528 0.11600 0.11665 0.11722 0.11772 0.11814 0.11849 0.11876 0.11893 0.11904 0.11907 0.11903 0.11890 0.11868 0.11839 0.11807 0.11769 0.11722 0.11665 0.11608 0.11558 0.11513 0.11464 0.11406 0.11354 0.11330 0.11346 0.11389 0.11439 0.11485 0.11554 0.11691 0.11912 0.12148 0.12314 0.12364 0.12307 0.12218 0.12171 0.12137 0.12018 0.11724 0.11255 0.10697 0.10098 0.09442 0.08721 0.07941 0.07110 0.06245 0.05372 0.04533 0.03763 0.03082 0.02493 0.01984 0.01540 0.01152 0.00819 0.00545 0.00333
0.08534 0.08576 0.08610 0.08636 0.08654 0.08663 0.08664 0.08656 0.08641 0.08615 0.08580 0.08538 0.08486 0.08425 0.08352 0.08270 0.08181 0.08083 0.07971 0.07846 0.07715 0.07580 0.07437 0.07273 0.07094 0.06914 0.06743 0.06571 0.06377 0.06149 0.05914 0.05709 0.05540 0.05380 0.05182 0.04923 0.04637 0.04394 0.04239 0.04155 0.04079 0.03951 0.03741 0.03466 0.03159 0.02872 0.02627 0.02419 0.02225 0.02032 0.01835 0.01633 0.01427 0.01221 0.01018 0.00825 0.00649 0.00497 0.00374 0.00277 0.00202 0.00142 0.00096 0.00062 0.00037 0.00020 0.00010
0.06553 0.06541 0.06522 0.06494 0.06457 0.06411 0.06357 0.06295 0.06223 0.06141 0.06049 0.05951 0.05844 0.05725 0.05594 0.05455 0.05313 0.05160 0.04990 0.04807 0.04622 0.04441 0.04249 0.04028 0.03787 0.03558 0.03354 0.03151 0.02913 0.02619 0.02318 0.02080 0.01904 0.01743 0.01546 0.01275 0.00950 0.00650 0.00445 0.00329 0.00263 0.00222 0.00192 0.00170 0.00154 0.00139 0.00126 0.00114 0.00102 0.00090 0.00078 0.00066 0.00055 0.00044 0.00034 0.00025 0.00017 0.00012 0.00008 0.00005 0.00004 0.00003 0.00002 0.00001 0.00001 0.00001 0.00001
0.04929 0.04880 0.04824 0.04761 0.04687 0.04604 0.04515 0.04419 0.04314 0.04197 0.04072 0.03944 0.03810 0.03662 0.03501 0.03338 0.03179 0.03011 0.02820 0.02616 0.02426 0.02252 0.02068 0.01843 0.01591 0.01381 0.01226 0.01084 0.00901 0.00636 0.00329 0.00115 0.00038 0.00019 0.00013 0.00009 0.00006 0.00005 0.00003 0.00003 0.00002 0.00002 0.00002 0.00001 0.00001 0.00001 0.00001 0.00001 0.00001 0.00001 0.00001 0.00001 0.00001 0.00001 0.00001 0.00001 0.00001 0.00001 0.00001 0.00001 0.00001 0.00001 0.00001 0.00001 0.00001 0.00001 0.00001
0.03603 0.03530 0.03451 0.03366 0.03270 0.03166 0.03058 0.02947 0.02827 0.02693 0.02556 0.02422 0.02285 0.02131 0.01963 0.01804 0.01661 0.01510 0.01327 0.01128 0.00968 0.00848 0.00723 0.00540 0.00287 0.00079 0.00009 0.00002 0.00001 0.00001 0.00001 0.00001 0.00001 0.00001 0.00001 0.00001 0.00001 0.00001 0.00001 0.00001 0.00001 0.00001 0.00001 0.00001 0.00001 0.00001 0.00001 0.00001 0.00001 0.00001 0.00001 0.00001 0.00001 0.00001 0.00001 0.00001 0.00001 0.00001 0.00001 0.00001 0.00001 0.00001 0.00001 0.00001 0.00001 0.00001 0.00001
0.02525 0.02438 0.02350 0.02256 0.02150 0.02037 0.01926 0.01816 0.01695 0.01560 0.01426 0.01306 0.01187 0.01046 0.00884 0.00749 0.00650 0.00548 0.00398 0.00196 0.00046 0.00004 0.00001 0.00001 0.00001 0.00001 0.00001 0.00001 0.00001 0.00001 0.00001 0.00001 0.00001 0.00001 0.00001 0.00001 0.00001 0.00001 0.00001 0.00001 0.00001 0.00001 0.00001 0.00001 0.00001 0.00001 0.00001 0.00001 0.00001 0.00001 0.00001 0.00001 0.00001 0.00001 0.00001 0.00001 0.00001 0.00001 0.00001 0.00001 0.00001 0.00001 0.00001 0.00001 0.00001 0.00001 0.00001
0.01659 0.01569 0.01482 0.01390 0.01284 0.01171 0.01070 0.00976 0.00870 0.00740 0.00620 0.00533 0.00454 0.00343 0.00185 0.00050 0.00005 0.00001 0.00001 0.00001 0.00001 0.00001 0.00001 0.00001 0.00001 0.00001 0.00001 0.00001 0.00001 0.00001 0.00001 0.00001 0.00001 0.00001 0.00001 0.00001 0.00001 0.00001 0.00001 0.00001 0.00001 0.00001 0.00001 0.00001 0.00001 0.00001 0.00001 0.00001 0.00001 0.00001 0.00001 0.00001 0.00001 0.00001 0.00001 0.00001 0.00001 0.00001 0.00001 0.00001 0.00001 0.00001 0.00001 0.00001 0.00001 0.00001 0.00001
0.00981 0.00895 0.00820 0.00741 0.00641 0.00535 0.00455 0.00392 0.00315 0.00196 0.00069 0.00009 0.00001 0.00001 0.00001 0.00001 0.00001 0.00001 0.00001 0.00001 0.00001 0.00001 0.00001 0.00001 0.00001 0.00001 0.00001 0.00001 0.00001 0.00001 0.00001 0.00001 0.00001 0.00001 0.00001 0.00001 0.00001 0.00001 0.00001 0.00001 0.00001 0.00001 0.00001 0.00001 0.00001 0.00001 0.00001 0.00001 0.00001 0.00001 0.00001 0.00001 0.00001 0.00001 0.00001 0.00001 0.00001 0.00001 0.00001 0.00001 0.00001 0.00001 0.00001 0.00001 0.00001 0.00001 0.00001
0.00470 0.00395 0.00343 0.00289 0.00205 0.00093 0.00019 0.00002 0.00001 0.00001 0.00001 0.00001 0.00001 0.00001 0.00001 0.00001 0.00001 0.00001 0.00001 0.00001 0.00001 0.00001 0.00001 0.00001 0.00001 0.00001 0.00001 0.00001 0.00001 0.00001 0.00001 0.00001 0.00001 0.00001 0.00001 0.00001 0.00001 0.00001 0.00001 0.00001 0.00001 0.00001 0.00001 0.00001 0.00001 0.00001 0.00001 0.00001 0.00001 0.00001 0.00001 0.00001 0.00001 0.00001 0.00001 0.00001 0.00001 0.00001 0.00001 0.00001 0.00001 0.00001 0.00001 0.00001 0.00001 0.00001 0.00001
0.00111 0.00031 0.00004 0.00001 0.00001 0.00001 0.00001 0.00001 0.00001 0.00001 0.00001 0.00001 0.00001 0.00001 0.00001 0.00001 0.00001 0.00001 0.00001 0.00001 0.00001 0.00001 0.00001 0.00001 0.00001 0.00001 0.00001 0.00001 0.00001 0.00001 0.00001 0.00001 0.00001 0.00001 0.00001 0.00001 0.00001 0.00001 0.00001 0.00001 0.00001 0.00001 0.00001 0.00001 0.00001 0.00001 0.00001 0.00001 0.00001 0.00001 0.00001 0.00001 0.00001 0.00001 0.00001 0.00001 0.00001 0.00001 0.00001 0.00001 0.00001 0.00001 0.00001 0.00001 0.00001 0.00001 0.00001
