tests/data/gray99/saval2D/outputs/resuh6.asc
north:     17.44
south:      0.00
east:      60.51
west:       0.00
rows:   68
cols:  236
[rows 29 to 57 of 68, columns 67 to 133 of 236]
1.45252 1.46747 1.48178 1.49545 1.50847 1.52085 1.53259 1.54369 1.55413 1.56393 1.57306 1.58153 1.58932 1.59643 1.60284 1.60855 1.61354 1.61780 1.62131 1.62405 1.62600 1.62715 1.62747 1.62695 1.62556 1.62328 1.62010 1.61599 1.61092 1.60490 1.59788 1.58988 1.58086 1.57082 1.55976 1.54766 1.53454 1.52038 1.50518 1.48895 1.47169 1.45340 1.43408 1.41372 1.39230 1.36981 1.34619 1.32127 1.29486 1.26670 1.23638 1.20337 1.16692 1.12622 1.08067 1.02809 0.96575 0.89067 0.79984 0.69097 0.56411 0.42406 0.28265 0.15818 0.06862 0.02043 0.00343
1.49814 1.51348 1.52819 1.54228 1.55574 1.56859 1.58080 1.59238 1.60332 1.61361 1.62323 1.63218 1.64044 1.64800 1.65484 1.66094 1.66628 1.67084 1.67459 1.67752 1.67959 1.68079 1.68109 1.68047 1.67891 1.67639 1.67289 1.66838 1.66286 1.65630 1.64871 1.64007 1.63038 1.61964 1.60784 1.59499 1.58109 1.56616 1.55019 1.53321 1.51521 1.49620 1.47619 1.45517 1.43312 1.41004 1.38587 1.36047 1.33367 1.30522 1.27475 1.24177 1.20558 1.16548 1.12092 1.06994 1.01005 0.93845 0.85213 0.74848 0.62648 0.48884 0.34446 0.20937 0.10270 0.03681 0.00823
1.52909 1.54475 1.55980 1.57423 1.58806 1.60127 1.61386 1.62581 1.63713 1.64779 1.65777 1.66707 1.67567 1.68354 1.69066 1.69702 1.70258 1.70732 1.71121 1.71422 1.71633 1.71752 1.71775 1.71700 1.71526 1.71250 1.70871 1.70387 1.69796 1.69098 1.68293 1.67380 1.66359 1.65231 1.63996 1.62655 1.61209 1.59659 1.58007 1.56255 1.54402 1.52451 1.50401 1.48254 1.46006 1.43657 1.41202 1.38629 1.35921 1.33056 1.29998 1.26700 1.23097 1.19124 1.14725 1.09723 1.03884 0.96940 0.88599 0.78584 0.66743 0.53231 0.38755 0.24727 0.13036 0.05205 0.01374
1.54330 1.55914 1.57437 1.58902 1.60305 1.61647 1.62927 1.64143 1.65294 1.66379 1.67396 1.68345 1.69223 1.70028 1.70756 1.71406 1.71974 1.72457 1.72852 1.73158 1.73372 1.73492 1.73513 1.73434 1.73252 1.72965 1.72572 1.72070 1.71461 1.70743 1.69917 1.68981 1.67936 1.66782 1.65520 1.64151 1.62677 1.61101 1.59423 1.57646 1.55770 1.53795 1.51724 1.49555 1.47287 1.44919 1.42447 1.39859 1.37141 1.34268 1.31208 1.27913 1.24320 1.20366 1.15996 1.11044 1.05284 0.98453 0.90264 0.80438 0.68801 0.55457 0.41021 0.26799 0.14633 0.06157 0.01760
1.53955 1.55539 1.57062 1.58526 1.59929 1.61271 1.62550 1.63766 1.64917 1.66003 1.67021 1.67971 1.68850 1.69657 1.70388 1.71041 1.71613 1.72101 1.72502 1.72814 1.73034 1.73160 1.73189 1.73118 1.72944 1.72665 1.72280 1.71788 1.71187 1.70478 1.69660 1.68732 1.67695 1.66548 1.65294 1.63933 1.62467 1.60897 1.59226 1.57455 1.55585 1.53617 1.51552 1.49390 1.47130 1.44770 1.42305 1.39725 1.37014 1.34150 1.31099 1.27815 1.24234 1.20293 1.15936 1.10998 1.05253 0.98444 0.90280 0.80483 0.68880 0.55568 0.41155 0.26937 0.14749 0.06230 0.01792
1.51798 1.53363 1.54868 1.56311 1.57693 1.59013 1.60272 1.61467 1.62599 1.63667 1.64668 1.65601 1.66465 1.67258 1.67978 1.68623 1.69190 1.69678 1.70082 1.70400 1.70630 1.70768 1.70813 1.70761 1.70611 1.70360 1.70006 1.69547 1.68982 1.68310 1.67530 1.66641 1.65644 1.64539 1.63327 1.62008 1.60584 1.59056 1.57424 1.55691 1.53859 1.51928 1.49898 1.47771 1.45545 1.43218 1.40785 1.38236 1.35554 1.32716 1.29689 1.26424 1.22857 1.18921 1.14560 1.09601 1.03813 0.96932 0.88665 0.78736 0.66987 0.53559 0.39133 0.25098 0.13330 0.05380 0.01443
1.48009 1.49543 1.51014 1.52423 1.53769 1.55053 1.56274 1.57432 1.58527 1.59557 1.60523 1.61422 1.62255 1.63020 1.63715 1.64338 1.64889 1.65364 1.65762 1.66081 1.66317 1.66468 1.66532 1.66506 1.66387 1.66174 1.65864 1.65454 1.64943 1.64329 1.63610 1.62787 1.61857 1.60822 1.59680 1.58432 1.57078 1.55620 1.54059 1.52394 1.50628 1.48762 1.46794 1.44727 1.42558 1.40287 1.37908 1.35409 1.32774 1.29976 1.26981 1.23739 1.20181 1.16237 1.11846 1.06822 1.00921 0.93867 0.85361 0.75139 0.63085 0.49443 0.35063 0.21507 0.10690 0.03906 0.00899
1.42834 1.44331 1.45763 1.47130 1.48433 1.49671 1.50845 1.51954 1.52999 1.53980 1.54897 1.55748 1.56534 1.57255 1.57909 1.58496 1.59014 1.59463 1.59840 1.60145 1.60375 1.60528 1.60601 1.60594 1.60502 1.60325 1.60058 1.59699 1.59247 1.58699 1.58052 1.57306 1.56458 1.55508 1.54454 1.53296 1.52034 1.50667 1.49196 1.47622 1.45945 1.44165 1.42281 1.40295 1.38203 1.36007 1.33700 1.31267 1.28691 1.25943 1.22985 1.19764 1.16206 1.12231 1.07773 1.02624 0.96520 0.89167 0.80266 0.69578 0.57084 0.43217 0.29101 0.16526 0.07323 0.02250 0.00396
1.36524 1.37988 1.39383 1.40710 1.41968 1.43160 1.44284 1.45341 1.46333 1.47258 1.48118 1.48912 1.49642 1.50306 1.50906 1.51442 1.51913 1.52318 1.52658 1.52931 1.53136 1.53272 1.53338 1.53331 1.53249 1.53091 1.52854 1.52534 1.52131 1.51640 1.51059 1.50386 1.49619 1.48755 1.47793 1.46731 1.45567 1.44301 1.42933 1.41460 1.39884 1.38204 1.36418 1.34527 1.32527 1.30419 1.28196 1.25840 1.23329 1.20634 1.17712 1.14504 1.10926 1.06882 1.02298 0.96937 0.90505 0.82692 0.73209 0.61890 0.48897 0.34981 0.21646 0.10838 0.03978 0.00917 0.00103
1.29267 1.30705 1.32069 1.33362 1.34584 1.35734 1.36813 1.37822 1.38762 1.39633 1.40437 1.41174 1.41844 1.42449 1.42989 1.43466 1.43879 1.44229 1.44517 1.44743 1.44906 1.45006 1.45043 1.45014 1.44920 1.44758 1.44527 1.44224 1.43847 1.43393 1.42859 1.42242 1.41540 1.40749 1.39868 1.38893 1.37822 1.36654 1.35385 1.34016 1.32543 1.30966 1.29283 1.27493 1.25592 1.23579 1.21444 1.19167 1.16722 1.14074 1.11177 1.07960 1.04327 1.00154 0.95349 0.89642 0.82706 0.74223 0.63956 0.51904 0.38564 0.25162 0.13570 0.05534 0.01490 0.00213 0.00012
1.21165 1.22582 1.23924 1.25191 1.26382 1.27499 1.28541 1.29510 1.30407 1.31232 1.31986 1.32671 1.33287 1.33836 1.34319 1.34738 1.35092 1.35385 1.35615 1.35786 1.35897 1.35948 1.35940 1.35873 1.35746 1.35559 1.35310 1.34999 1.34622 1.34179 1.33666 1.33081 1.32420 1.31680 1.30858 1.29951 1.28956 1.27870 1.26689 1.25412 1.24035 1.22555 1.20970 1.19278 1.17475 1.15557 1.13507 1.11302 1.08911 1.06294 1.03394 1.00128 0.96375 0.91975 0.86796 0.80541 0.72856 0.63460 0.52268 0.39628 0.26580 0.14880 0.06384 0.01848 0.00294 0.00019 0.00001
1.12271 1.13670 1.14992 1.16235 1.17402 1.18491 1.19504 1.20441 1.21302 1.22089 1.22803 1.23445 1.24017 1.24519 1.24954 1.25322 1.25625 1.25865 1.26042 1.26159 1.26217 1.26216 1.26158 1.26044 1.25874 1.25648 1.25366 1.25027 1.24630 1.24175 1.23659 1.23079 1.22433 1.21718 1.20931 1.20068 1.19125 1.18099 1.16986 1.15783 1.14485 1.13088 1.11590 1.09985 1.08271 1.06437 1.04459 1.02306 0.99942 0.97320 0.94366 0.90974 0.86989 0.82195 0.76406 0.69311 0.60586 0.50108 0.38166 0.25721 0.14456 0.06217 0.01805 0.00289 0.00019 0.00001 0.00001
1.02667 1.04040 1.05334 1.06551 1.07689 1.08750 1.09734 1.10641 1.11471 1.12226 1.12907 1.13514 1.14050 1.14515 1.14910 1.15238 1.15500 1.15696 1.15829 1.15901 1.15912 1.15865 1.15760 1.15600 1.15385 1.15116 1.14793 1.14418 1.13989 1.13507 1.12970 1.12376 1.11725 1.11012 1.10236 1.09392 1.08478 1.07488 1.06419 1.05267 1.04027 1.02694 1.01264 0.99731 0.98090 0.96320 0.94382 0.92243 0.89858 0.87162 0.84057 0.80398 0.75978 0.70523 0.63782 0.55511 0.45579 0.34299 0.22657 0.12333 0.05065 0.01378 0.00201 0.00012 0.00001 0.00001 0.00001
0.92513 0.93839 0.95090 0.96264 0.97363 0.98385 0.99332 1.00203 1.00998 1.01720 1.02367 1.02942 1.03445 1.03877 1.04239 1.04533 1.04761 1.04923 1.05021 1.05056 1.05029 1.04943 1.04799 1.04599 1.04343 1.04034 1.03672 1.03258 1.02793 1.02277 1.01709 1.01091 1.00419 0.99692 0.98909 0.98065 0.97157 0.96182 0.95134 0.94011 0.92806 0.91514 0.90130 0.88649 0.87057 0.85307 0.83355 0.81159 0.78658 0.75758 0.72316 0.68135 0.62947 0.56445 0.48410 0.38880 0.28278 0.17731 0.08961 0.03330 0.00790 0.00095 0.00005 0.00001 0.00001 0.00001 0.00001
0.82048 0.83307 0.84489 0.85598 0.86634 0.87599 0.88491 0.89311 0.90059 0.90736 0.91342 0.91878 0.92343 0.92740 0.93069 0.93330 0.93525 0.93656 0.93722 0.93726 0.93668 0.93549 0.93372 0.93137 0.92845 0.92499 0.92100 0.91650 0.91148 0.90597 0.89996 0.89345 0.88645 0.87893 0.87088 0.86228 0.85310 0.84330 0.83284 0.82167 0.80975 0.79702 0.78341 0.76882 0.75284 0.73470 0.71399 0.69012 0.66211 0.62855 0.58745 0.53631 0.47252 0.39430 0.30290 0.20592 0.11748 0.05248 0.01660 0.00318 0.00029 0.00002 0.00001 0.00001 0.00001 0.00001 0.00001
0.70661 0.72013 0.73292 0.74486 0.75585 0.76578 0.77452 0.78218 0.78904 0.79520 0.80069 0.80551 0.80968 0.81319 0.81606 0.81828 0.81986 0.82082 0.82114 0.82085 0.81996 0.81845 0.81636 0.81368 0.81043 0.80662 0.80227 0.79739 0.79200 0.78611 0.77973 0.77286 0.76550 0.75764 0.74928 0.74039 0.73096 0.72094 0.71030 0.69899 0.68697 0.67416 0.66043 0.64536 0.62790 0.60749 0.58356 0.55513 0.52070 0.47838 0.42610 0.36212 0.28632 0.20308 0.12348 0.06108 0.02286 0.00579 0.00083 0.00006 0.00001 0.00001 0.00001 0.00001 0.00001 0.00001 0.00001
0.60084 0.61087 0.62057 0.62996 0.63908 0.64800 0.65677 0.66525 0.67310 0.68015 0.68630 0.69147 0.69554 0.69862 0.70097 0.70269 0.70381 0.70432 0.70423 0.70355 0.70228 0.70041 0.69794 0.69490 0.69128 0.68710 0.68235 0.67706 0.67126 0.66494 0.65813 0.65082 0.64303 0.63474 0.62595 0.61664 0.60679 0.59636 0.58532 0.57360 0.56112 0.54765 0.53260 0.51461 0.49300 0.46730 0.43650 0.39929 0.35418 0.29986 0.23655 0.16861 0.10487 0.05466 0.02254 0.00676 0.00129 0.00014 0.00001 0.00001 0.00001 0.00001 0.00001 0.00001 0.00001 0.00001 0.00001
0.50801 0.51578 0.52316 0.53014 0.53673 0.54294 0.54877 0.55424 0.55937 0.56419 0.56874 0.57308 0.57725 0.58112 0.58436 0.58682 0.58839 0.58899 0.58860 0.58749 0.58577 0.58346 0.58055 0.57707 0.57302 0.56838 0.56315 0.55738 0.55108 0.54425 0.53689 0.52902 0.52067 0.51181 0.50240 0.49246 0.48194 0.47077 0.45884 0.44598 0.43179 0.41519 0.39452 0.36956 0.34014 0.30552 0.26466 0.21716 0.16503 0.11354 0.06919 0.03640 0.01584 0.00531 0.00122 0.00017 0.00002 0.00001 0.00001 0.00001 0.00001 0.00001 0.00001 0.00001 0.00001 0.00001 0.00001
0.42251 0.42842 0.43395 0.43910 0.44386 0.44823 0.45220 0.45578 0.45896 0.46176 0.46419 0.46626 0.46798 0.46938 0.47048 0.47132 0.47192 0.47232 0.47247 0.47206 0.47086 0.46875 0.46567 0.46177 0.45723 0.45205 0.44623 0.43984 0.43293 0.42544 0.41733 0.40867 0.39952 0.38979 0.37933 0.36815 0.35620 0.34314 0.32856 0.31155 0.29043 0.26498 0.23575 0.20246 0.16523 0.12605 0.08865 0.05699 0.03323 0.01722 0.00761 0.00269 0.00069 0.00012 0.00002 0.00001 0.00001 0.00001 0.00001 0.00001 0.00001 0.00001 0.00001 0.00001 0.00001 0.00001 0.00001
0.34323 0.34743 0.35127 0.35475 0.35786 0.36059 0.36295 0.36493 0.36652 0.36772 0.36855 0.36900 0.36907 0.36877 0.36812 0.36714 0.36582 0.36416 0.36223 0.36004 0.35757 0.35478 0.35170 0.34818 0.34391 0.33863 0.33224 0.32507 0.31738 0.30897 0.29960 0.28941 0.27871 0.26722 0.25418 0.23951 0.22360 0.20543 0.18325 0.15710 0.12863 0.09957 0.07227 0.04911 0.03140 0.01892 0.01059 0.00533 0.00231 0.00081 0.00022 0.00005 0.00001 0.00001 0.00001 0.00001 0.00001 0.00001 0.00001 0.00001 0.00001 0.00001 0.00001 0.00001 0.00001 0.00001 0.00001
0.27044 0.27300 0.27523 0.27711 0.27863 0.27980 0.28061 0.28105 0.28110 0.28079 0.28010 0.27904 0.27758 0.27574 0.27355 0.27100 0.26805 0.26469 0.26102 0.25709 0.25277 0.24794 0.24273 0.23737 0.23174 0.22537 0.21808 0.21010 0.20162 0.19196 0.18000 0.16580 0.15115 0.13698 0.12129 0.10176 0.07928 0.05757 0.03955 0.02599 0.01659 0.01038 0.00629 0.00361 0.00191 0.00090 0.00037 0.00013 0.00004 0.00002 0.00001 0.00001 0.00001 0.00001 0.00001 0.00001 0.00001 0.00001 0.00001 0.00001 0.00001 0.00001 0.00001 0.00001 0.00001 0.00001 0.00001
0.20521 0.20623 0.20693 0.20729 0.20730 0.20697 0.20629 0.20524 0.20380 0.20199 0.19983 0.19727 0.19427 0.19087 0.18713 0.18303 0.17839 0.17321 0.16775 0.16204 0.15577 0.14859 0.14082 0.13309 0.12518 0.11603 0.10501 0.09324 0.08250 0.07265 0.06157 0.04791 0.03287 0.01994 0.01152 0.00682 0.00417 0.00260 0.00161 0.00097 0.00055 0.00029 0.00014 0.00006 0.00003 0.00002 0.00001 0.00001 0.00001 0.00001 0.00001 0.00001 0.00001 0.00001 0.00001 0.00001 0.00001 0.00001 0.00001 0.00001 0.00001 0.00001 0.00001 0.00001 0.00001 0.00001 0.00001
0.14891 0.14859 0.14796 0.14699 0.14567 0.14404 0.14208 0.13974 0.13699 0.13390 0.13051 0.12671 0.12239 0.11768 0.11276 0.10749 0.10154 0.09493 0.08823 0.08163 0.07446 0.06597 0.05680 0.04869 0.04180 0.03443 0.02515 0.01471 0.00634 0.00218 0.00086 0.00046 0.00028 0.00018 0.00012 0.00007 0.00004 0.00003 0.00002 0.00001 0.00001 0.00001 0.00001 0.00001 0.00001 0.00001 0.00001 0.00001 0.00001 0.00001 0.00001 0.00001 0.00001 0.00001 0.00001 0.00001 0.00001 0.00001 0.00001 0.00001 0.00001 0.00001 0.00001 0.00001 0.00001 0.00001 0.00001
0.10267 0.10134 0.09972 0.09776 0.09548 0.09296 0.09017 0.08699 0.08341 0.07961 0.07565 0.07132 0.06641 0.06124 0.05624 0.05115 0.04531 0.03870 0.03264 0.02775 0.02287 0.01659 0.00894 0.00277 0.00037 0.00004 0.00002 0.00002 0.00001 0.00001 0.00001 0.00001 0.00001 0.00001 0.00001 0.00001 0.00001 0.00001 0.00001 0.00001 0.00001 0.00001 0.00001 0.00001 0.00001 0.00001 0.00001 0.00001 0.00001 0.00001 0.00001 0.00001 0.00001 0.00001 0.00001 0.00001 0.00001 0.00001 0.00001 0.00001 0.00001 0.00001 0.00001 0.00001 0.00001 0.00001 0.00001
0.06671 0.06480 0.06265 0.06016 0.05741 0.05457 0.05157 0.04819 0.04444 0.04070 0.03712 0.03327 0.02872 0.02409 0.02035 0.01706 0.01305 0.00768 0.00261 0.00035 0.00002 0.00001 0.00001 0.00001 0.00001 0.00001 0.00001 0.00001 0.00001 0.00001 0.00001 0.00001 0.00001 0.00001 0.00001 0.00001 0.00001 0.00001 0.00001 0.00001 0.00001 0.00001 0.00001 0.00001 0.00001 0.00001 0.00001 0.00001 0.00001 0.00001 0.00001 0.00001 0.00001 0.00001 0.00001 0.00001 0.00001 0.00001 0.00001 0.00001 0.00001 0.00001 0.00001 0.00001 0.00001 0.00001 0.00001
0.04019 0.03814 0.03591 0.03333 0.03057 0.02796 0.02537 0.02238 0.01894 0.01586 0.01344 0.01093 0.00745 0.00331 0.00067 0.00005 0.00001 0.00001 0.00001 0.00001 0.00001 0.00001 0.00001 0.00001 0.00001 0.00001 0.00001 0.00001 0.00001 0.00001 0.00001 0.00001 0.00001 0.00001 0.00001 0.00001 0.00001 0.00001 0.00001 0.00001 0.00001 0.00001 0.00001 0.00001 0.00001 0.00001 0.00001 0.00001 0.00001 0.00001 0.00001 0.00001 0.00001 0.00001 0.00001 0.00001 0.00001 0.00001 0.00001 0.00001 0.00001 0.00001 0.00001 0.00001 0.00001 0.00001 0.00001
0.02152 0.01971 0.01777 0.01540 0.01289 0.01089 0.00921 0.00709 0.00409 0.00128 0.00015 0.00001 0.00001 0.00001 0.00001 0.00001 0.00001 0.00001 0.00001 0.00001 0.00001 0.00001 0.00001 0.00001 0.00001 0.00001 0.00001 0.00001 0.00001 0.00001 0.00001 0.00001 0.00001 0.00001 0.00001 0.00001 0.00001 0.00001 0.00001 0.00001 0.00001 0.00001 0.00001 0.00001 0.00001 0.00001 0.00001 0.00001 0.00001 0.00001 0.00001 0.00001 0.00001 0.00001 0.00001 0.00001 0.00001 0.00001 0.00001 0.00001 0.00001 0.00001 0.00001 0.00001 0.00001 0.00001 0.00001
0.00895 0.00769 0.00639 0.00447 0.00203 0.00041 0.00003 0.00001 0.00001 0.00001 0.00001 0.00001 0.00001 0.00001 0.00001 0.00001 0.00001 0.00001 0.00001 0.00001 0.00001 0.00001 0.00001 0.00001 0.00001 0.00001 0.00001 0.00001 0.00001 0.00001 0.00001 0.00001 0.00001 0.00001 0.00001 0.00001 0.00001 0.00001 0.00001 0.00001 0.00001 0.00001 0.00001 0.00001 0.00001 0.00001 0.00001 0.00001 0.00001 0.00001 0.00001 0.00001 0.00001 0.00001 0.00001 0.00001 0.00001 0.00001 0.00001 0.00001 0.00001 0.00001 0.00001 0.00001 0.00001 0.00001 0.00001
0.00078 0.00009 0.00001 0.00001 0.00001 0.00001 0.00001 0.00001 0.00001 0.00001 0.00001 0.00001 0.00001 0.00001 0.00001 0.00001 0.00001 0.00001 0.00001 0.00001 0.00001 0.00001 0.00001 0.00001 0.00001 0.00001 0.00001 0.00001 0.00001 0.00001 0.00001 0.00001 0.00001 0.00001 0.00001 0.00001 0.00001 0.00001 0.00001 0.00001 0.00001 0.00001 0.00001 0.00001 0.00001 0.00001 0.00001 0.00001 0.00001 0.00001 0.00001 0.00001 0.00001 0.00001 0.00001 0.00001 0.00001 0.00001 0.00001 0.00001 0.00001 0.00001 0.00001 0.00001 0.00001 0.00001 0.00001
