tests/data/gray99/saval2D/outputs/resuqv7.asc
north:     17.44
south:      0.00
east:      60.51
west:       0.00
rows:   68
cols:  236
[rows 28 to 55 of 68, columns 0 to 63 of 236]
0.00000 0.00000 0.00000 0.00000 0.00001 0.00003 0.00009 0.00020 0.00036 0.00061 0.00096 0.00143 0.00206 0.00286 0.00388 0.00515 0.00672 0.00864 0.01096 0.01377 0.01712 0.02112 0.02587 0.03146 0.03801 0.04563 0.05444 0.06453 0.07601 0.08892 0.10331 0.11916 0.13643 0.15503 0.17478 0.19553 0.21708 0.23920 0.26168 0.28429 0.30678 0.32892 0.35049 0.37128 0.39118 0.41012 0.42806 0.44499 0.46088 0.47572 0.48948 0.50213 0.51368 0.52417 0.53367 0.54224 0.54991 0.55670 0.56261 0.56764 0.57175 0.57495 0.57726 0.57869
0.00000 0.00000 0.00000 0.00000 0.00001 0.00004 0.00009 0.00019 0.00034 0.00057 0.00088 0.00130 0.00186 0.00258 0.00348 0.00462 0.00603 0.00775 0.00985 0.01238 0.01543 0.01906 0.02338 0.02847 0.03443 0.04135 0.04933 0.05843 0.06870 0.08018 0.09285 0.10668 0.12158 0.13744 0.15410 0.17140 0.18915 0.20717 0.22526 0.24325 0.26095 0.27821 0.29486 0.31079 0.32593 0.34024 0.35369 0.36628 0.37802 0.38889 0.39891 0.40805 0.41634 0.42380 0.43046 0.43637 0.44154 0.44598 0.44970 0.45268 0.45492 0.45643 0.45721 0.45727
0.00000 0.00000 0.00000 0.00000 0.00001 0.00004 0.00008 0.00017 0.00029 0.00048 0.00073 0.00108 0.00153 0.00211 0.00284 0.00377 0.00491 0.00631 0.00802 0.01008 0.01256 0.01551 0.01902 0.02314 0.02795 0.03352 0.03989 0.04712 0.05522 0.06420 0.07403 0.08466 0.09602 0.10799 0.12046 0.13329 0.14635 0.15950 0.17260 0.18554 0.19820 0.21047 0.22228 0.23356 0.24426 0.25437 0.26388 0.27280 0.28111 0.28883 0.29594 0.30246 0.30839 0.31372 0.31848 0.32267 0.32630 0.32938 0.33190 0.33386 0.33525 0.33607 0.33634 0.33606
0.00000 0.00000 0.00000 0.00000 0.00001 0.00003 0.00006 0.00012 0.00021 0.00034 0.00052 0.00076 0.00107 0.00147 0.00197 0.00261 0.00339 0.00435 0.00551 0.00691 0.00859 0.01058 0.01293 0.01567 0.01885 0.02250 0.02665 0.03131 0.03649 0.04218 0.04836 0.05498 0.06198 0.06931 0.07688 0.08462 0.09244 0.10028 0.10806 0.11573 0.12324 0.13054 0.13761 0.14442 0.15096 0.15723 0.16321 0.16891 0.17433 0.17946 0.18429 0.18882 0.19303 0.19689 0.20041 0.20359 0.20640 0.20886 0.21094 0.21266 0.21399 0.21494 0.21549 0.21568
0.00000 0.00000 0.00000 0.00000 0.00000 0.00001 0.00003 0.00006 0.00010 0.00017 0.00025 0.00036 0.00051 0.00069 0.00092 0.00121 0.00156 0.00198 0.00249 0.00309 0.00380 0.00461 0.00555 0.00662 0.00783 0.00919 0.01070 0.01236 0.01415 0.01606 0.01807 0.02017 0.02234 0.02455 0.02681 0.02908 0.03136 0.03364 0.03591 0.03819 0.04048 0.04280 0.04518 0.04763 0.05017 0.05279 0.05548 0.05823 0.06104 0.06389 0.06676 0.06962 0.07248 0.07529 0.07801 0.08060 0.08305 0.08534 0.08746 0.08940 0.09116 0.09277 0.09420 0.09542
0.00000 0.00000 -0.00000 -0.00000 -0.00000 -0.00000 -0.00001 -0.00001 -0.00002 -0.00004 -0.00006 -0.00008 -0.00012 -0.00017 -0.00023 -0.00032 -0.00043 -0.00059 -0.00080 -0.00106 -0.00141 -0.00186 -0.00242 -0.00313 -0.00401 -0.00508 -0.00638 -0.00791 -0.00970 -0.01175 -0.01405 -0.01661 -0.01941 -0.02241 -0.02559 -0.02890 -0.03226 -0.03561 -0.03887 -0.04197 -0.04485 -0.04745 -0.04971 -0.05160 -0.05309 -0.05413 -0.05472 -0.05486 -0.05458 -0.05392 -0.05292 -0.05163 -0.05010 -0.04837 -0.04646 -0.04438 -0.04217 -0.03987 -0.03750 -0.03512 -0.03272 -0.03036 -0.02799 -0.02560
0.00000 -0.00000 -0.00000 -0.00000 -0.00001 -0.00002 -0.00005 -0.00009 -0.00015 -0.00024 -0.00036 -0.00053 -0.00075 -0.00103 -0.00139 -0.00185 -0.00242 -0.00314 -0.00404 -0.00515 -0.00651 -0.00818 -0.01020 -0.01263 -0.01552 -0.01893 -0.02290 -0.02747 -0.03266 -0.03849 -0.04494 -0.05199 -0.05956 -0.06760 -0.07601 -0.08466 -0.09344 -0.10222 -0.11086 -0.11924 -0.12724 -0.13473 -0.14165 -0.14789 -0.15340 -0.15814 -0.16212 -0.16533 -0.16781 -0.16960 -0.17075 -0.17132 -0.17135 -0.17087 -0.16994 -0.16861 -0.16692 -0.16491 -0.16263 -0.16009 -0.15734 -0.15435 -0.15115 -0.14775
0.00000 -0.00000 -0.00000 -0.00000 -0.00001 -0.00004 -0.00008 -0.00016 -0.00027 -0.00043 -0.00064 -0.00094 -0.00132 -0.00182 -0.00245 -0.00324 -0.00423 -0.00545 -0.00696 -0.00881 -0.01106 -0.01378 -0.01705 -0.02096 -0.02557 -0.03098 -0.03726 -0.04445 -0.05261 -0.06175 -0.07184 -0.08286 -0.09471 -0.10729 -0.12046 -0.13405 -0.14789 -0.16180 -0.17557 -0.18904 -0.20204 -0.21440 -0.22599 -0.23670 -0.24644 -0.25516 -0.26283 -0.26948 -0.27512 -0.27981 -0.28359 -0.28652 -0.28865 -0.29001 -0.29067 -0.29066 -0.29006 -0.28890 -0.28724 -0.28511 -0.28255 -0.27955 -0.27614 -0.27232
0.00000 -0.00000 -0.00000 -0.00000 -0.00001 -0.00005 -0.00011 -0.00021 -0.00036 -0.00057 -0.00087 -0.00127 -0.00180 -0.00247 -0.00332 -0.00439 -0.00571 -0.00734 -0.00933 -0.01175 -0.01468 -0.01821 -0.02242 -0.02743 -0.03333 -0.04024 -0.04823 -0.05740 -0.06781 -0.07948 -0.09243 -0.10662 -0.12194 -0.13829 -0.15550 -0.17337 -0.19170 -0.21025 -0.22879 -0.24710 -0.26497 -0.28219 -0.29858 -0.31398 -0.32825 -0.34133 -0.35319 -0.36383 -0.37328 -0.38157 -0.38874 -0.39484 -0.39990 -0.40394 -0.40703 -0.40920 -0.41055 -0.41112 -0.41098 -0.41016 -0.40869 -0.40659 -0.40385 -0.40049
0.00000 -0.00000 -0.00000 -0.00000 -0.00001 -0.00005 -0.00012 -0.00024 -0.00042 -0.00068 -0.00104 -0.00152 -0.00215 -0.00295 -0.00397 -0.00523 -0.00679 -0.00870 -0.01102 -0.01383 -0.01720 -0.02123 -0.02603 -0.03170 -0.03836 -0.04613 -0.05512 -0.06544 -0.07717 -0.09037 -0.10508 -0.12129 -0.13893 -0.15790 -0.17804 -0.19917 -0.22107 -0.24350 -0.26618 -0.28888 -0.31133 -0.33330 -0.35456 -0.37486 -0.39402 -0.41195 -0.42859 -0.44395 -0.45801 -0.47081 -0.48236 -0.49269 -0.50178 -0.50962 -0.51625 -0.52174 -0.52619 -0.52965 -0.53221 -0.53389 -0.53472 -0.53470 -0.53381 -0.53206
0.00000 -0.00000 -0.00000 -0.00000 -0.00001 -0.00005 -0.00012 -0.00025 -0.00045 -0.00073 -0.00113 -0.00167 -0.00236 -0.00325 -0.00437 -0.00575 -0.00745 -0.00952 -0.01202 -0.01502 -0.01860 -0.02286 -0.02789 -0.03380 -0.04070 -0.04872 -0.05796 -0.06855 -0.08059 -0.09417 -0.10934 -0.12616 -0.14458 -0.16458 -0.18606 -0.20889 -0.23289 -0.25783 -0.28348 -0.30957 -0.33586 -0.36207 -0.38792 -0.41309 -0.43728 -0.46037 -0.48232 -0.50308 -0.52262 -0.54093 -0.55798 -0.57375 -0.58816 -0.60108 -0.61255 -0.62268 -0.63158 -0.63933 -0.64599 -0.65159 -0.65614 -0.65962 -0.66197 -0.66317
0.00000 -0.00000 -0.00000 -0.00000 -0.00001 -0.00004 -0.00012 -0.00025 -0.00045 -0.00075 -0.00117 -0.00172 -0.00245 -0.00338 -0.00454 -0.00597 -0.00773 -0.00985 -0.01239 -0.01543 -0.01903 -0.02327 -0.02823 -0.03403 -0.04075 -0.04849 -0.05735 -0.06742 -0.07880 -0.09158 -0.10583 -0.12160 -0.13902 -0.15813 -0.17897 -0.20149 -0.22563 -0.25124 -0.27815 -0.30609 -0.33473 -0.36370 -0.39261 -0.42149 -0.44977 -0.47750 -0.50459 -0.53093 -0.55639 -0.58089 -0.60435 -0.62663 -0.64758 -0.66676 -0.68429 -0.70036 -0.71509 -0.72855 -0.74079 -0.75181 -0.76160 -0.77010 -0.77714 -0.78268
0.00000 -0.00000 -0.00000 -0.00000 -0.00001 -0.00004 -0.00011 -0.00023 -0.00043 -0.00073 -0.00115 -0.00171 -0.00245 -0.00339 -0.00456 -0.00601 -0.00777 -0.00990 -0.01245 -0.01546 -0.01902 -0.02318 -0.02801 -0.03361 -0.04003 -0.04738 -0.05572 -0.06512 -0.07567 -0.08741 -0.10040 -0.11467 -0.13026 -0.14717 -0.16540 -0.18495 -0.20579 -0.22790 -0.25125 -0.27582 -0.30158 -0.32855 -0.35681 -0.38620 -0.41725 -0.44939 -0.48207 -0.51476 -0.54697 -0.57824 -0.60813 -0.63627 -0.66331 -0.68823 -0.71181 -0.73425 -0.75558 -0.77576 -0.79475 -0.81248 -0.82890 -0.84383 -0.85695 -0.86809
0.00000 -0.00000 -0.00000 -0.00000 -0.00000 -0.00003 -0.00009 -0.00021 -0.00040 -0.00069 -0.00110 -0.00165 -0.00237 -0.00329 -0.00445 -0.00588 -0.00761 -0.00970 -0.01218 -0.01511 -0.01854 -0.02253 -0.02714 -0.03244 -0.03848 -0.04534 -0.05306 -0.06172 -0.07135 -0.08200 -0.09371 -0.10650 -0.12038 -0.13534 -0.15140 -0.16852 -0.18669 -0.20588 -0.22606 -0.24719 -0.26924 -0.29218 -0.31598 -0.34060 -0.36602 -0.39220 -0.41911 -0.44672 -0.47499 -0.50390 -0.53344 -0.56373 -0.59401 -0.62608 -0.65887 -0.69145 -0.72310 -0.75324 -0.78142 -0.80731 -0.83066 -0.85133 -0.87049 -0.88722
0.00000 -0.00000 -0.00000 -0.00000 -0.00000 -0.00002 -0.00007 -0.00018 -0.00035 -0.00062 -0.00100 -0.00153 -0.00222 -0.00310 -0.00422 -0.00559 -0.00726 -0.00926 -0.01164 -0.01443 -0.01769 -0.02146 -0.02579 -0.03073 -0.03634 -0.04266 -0.04973 -0.05760 -0.06631 -0.07587 -0.08632 -0.09766 -0.10991 -0.12304 -0.13705 -0.15193 -0.16764 -0.18418 -0.20150 -0.21958 -0.23840 -0.25793 -0.27815 -0.29903 -0.32055 -0.34268 -0.36540 -0.38866 -0.41243 -0.43667 -0.46133 -0.48637 -0.51173 -0.53736 -0.56319 -0.58918 -0.61527 -0.64140 -0.66753 -0.69365 -0.71980 -0.74602 -0.77171 -0.79834
0.00000 0.00000 0.00000 -0.00000 -0.00000 -0.00001 -0.00005 -0.00014 -0.00029 -0.00053 -0.00088 -0.00136 -0.00201 -0.00284 -0.00389 -0.00518 -0.00676 -0.00865 -0.01088 -0.01351 -0.01656 -0.02007 -0.02409 -0.02865 -0.03380 -0.03956 -0.04597 -0.05306 -0.06086 -0.06937 -0.07861 -0.08859 -0.09929 -0.11071 -0.12283 -0.13564 -0.14911 -0.16323 -0.17796 -0.19329 -0.20920 -0.22566 -0.24267 -0.26020 -0.27823 -0.29673 -0.31569 -0.33508 -0.35485 -0.37499 -0.39544 -0.41616 -0.43712 -0.45825 -0.47952 -0.50087 -0.52225 -0.54362 -0.56493 -0.58612 -0.60715 -0.62798 -0.64857 -0.66887
0.00000 -0.00000 -0.00000 -0.00000 -0.00000 -0.00000 -0.00003 -0.00010 -0.00022 -0.00043 -0.00074 -0.00117 -0.00176 -0.00252 -0.00349 -0.00469 -0.00615 -0.00790 -0.00998 -0.01241 -0.01523 -0.01847 -0.02216 -0.02633 -0.03100 -0.03621 -0.04197 -0.04830 -0.05522 -0.06273 -0.07084 -0.07953 -0.08881 -0.09865 -0.10904 -0.11997 -0.13140 -0.14333 -0.15573 -0.16858 -0.18188 -0.19561 -0.20974 -0.22427 -0.23917 -0.25444 -0.27004 -0.28595 -0.30214 -0.31858 -0.33523 -0.35206 -0.36903 -0.38611 -0.40324 -0.42039 -0.43752 -0.45459 -0.47156 -0.48840 -0.50506 -0.52152 -0.53775 -0.55371
0.00000 -0.00000 -0.00000 -0.00000 -0.00000 -0.00000 -0.00001 -0.00006 -0.00016 -0.00033 -0.00059 -0.00097 -0.00149 -0.00217 -0.00305 -0.00414 -0.00547 -0.00708 -0.00898 -0.01121 -0.01378 -0.01673 -0.02008 -0.02385 -0.02806 -0.03273 -0.03786 -0.04347 -0.04956 -0.05613 -0.06318 -0.07069 -0.07866 -0.08706 -0.09588 -0.10511 -0.11471 -0.12468 -0.13501 -0.14567 -0.15665 -0.16794 -0.17954 -0.19142 -0.20356 -0.21596 -0.22860 -0.24143 -0.25445 -0.26762 -0.28091 -0.29429 -0.30774 -0.32120 -0.33466 -0.34807 -0.36141 -0.37465 -0.38775 -0.40069 -0.41344 -0.42598 -0.43828 -0.45032
0.00000 -0.00000 -0.00000 -0.00000 -0.00000 -0.00000 -0.00000 -0.00003 -0.00010 -0.00023 -0.00045 -0.00077 -0.00121 -0.00181 -0.00259 -0.00356 -0.00476 -0.00621 -0.00793 -0.00994 -0.01226 -0.01492 -0.01794 -0.02131 -0.02507 -0.02921 -0.03374 -0.03867 -0.04399 -0.04969 -0.05576 -0.06219 -0.06897 -0.07607 -0.08349 -0.09119 -0.09918 -0.10742 -0.11592 -0.12465 -0.13361 -0.14279 -0.15217 -0.16174 -0.17150 -0.18141 -0.19146 -0.20164 -0.21190 -0.22224 -0.23262 -0.24301 -0.25340 -0.26374 -0.27402 -0.28420 -0.29426 -0.30418 -0.31393 -0.32349 -0.33285 -0.34197 -0.35086 -0.35948
0.00000 -0.00000 -0.00000 0.00000 -0.00000 -0.00000 -0.00000 -0.00001 -0.00005 -0.00015 -0.00031 -0.00058 -0.00095 -0.00146 -0.00214 -0.00299 -0.00405 -0.00533 -0.00686 -0.00865 -0.01073 -0.01310 -0.01578 -0.01877 -0.02209 -0.02573 -0.02970 -0.03399 -0.03858 -0.04348 -0.04867 -0.05412 -0.05983 -0.06578 -0.07194 -0.07831 -0.08487 -0.09161 -0.09852 -0.10559 -0.11281 -0.12016 -0.12765 -0.13525 -0.14296 -0.15076 -0.15862 -0.16652 -0.17445 -0.18239 -0.19030 -0.19817 -0.20598 -0.21369 -0.22129 -0.22875 -0.23606 -0.24319 -0.25014 -0.25687 -0.26338 -0.26966 -0.27569 -0.28145
0.00000 -0.00000 -0.00000 -0.00000 -0.00000 -0.00000 -0.00000 -0.00000 -0.00002 -0.00008 -0.00020 -0.00040 -0.00071 -0.00113 -0.00170 -0.00244 -0.00335 -0.00447 -0.00581 -0.00739 -0.00922 -0.01130 -0.01366 -0.01628 -0.01918 -0.02235 -0.02579 -0.02948 -0.03342 -0.03759 -0.04197 -0.04655 -0.05130 -0.05623 -0.06130 -0.06650 -0.07183 -0.07728 -0.08283 -0.08847 -0.09421 -0.10003 -0.10592 -0.11187 -0.11786 -0.12388 -0.12991 -0.13593 -0.14192 -0.14786 -0.15373 -0.15952 -0.16520 -0.17076 -0.17616 -0.18141 -0.18648 -0.19136 -0.19603 -0.20048 -0.20470 -0.20868 -0.21242 -0.21589
0.00000 -0.00000 -0.00000 -0.00000 -0.00000 -0.00000 -0.00000 -0.00000 -0.00000 -0.00003 -0.00011 -0.00026 -0.00050 -0.00084 -0.00131 -0.00192 -0.00270 -0.00366 -0.00481 -0.00618 -0.00776 -0.00958 -0.01162 -0.01389 -0.01640 -0.01912 -0.02206 -0.02521 -0.02854 -0.03204 -0.03570 -0.03950 -0.04342 -0.04745 -0.05157 -0.05577 -0.06005 -0.06439 -0.06879 -0.07325 -0.07775 -0.08229 -0.08685 -0.09143 -0.09601 -0.10057 -0.10509 -0.10957 -0.11398 -0.11831 -0.12254 -0.12665 -0.13064 -0.13447 -0.13813 -0.14163 -0.14494 -0.14804 -0.15094 -0.15361 -0.15606 -0.15828 -0.16025 -0.16197
0.00000 -0.00000 -0.00000 -0.00000 -0.00000 -0.00000 -0.00000 -0.00000 -0.00000 -0.00001 -0.00005 -0.00015 -0.00032 -0.00058 -0.00095 -0.00146 -0.00210 -0.00291 -0.00388 -0.00504 -0.00640 -0.00795 -0.00969 -0.01163 -0.01376 -0.01608 -0.01856 -0.02120 -0.02399 -0.02690 -0.02991 -0.03302 -0.03620 -0.03945 -0.04275 -0.04610 -0.04949 -0.05291 -0.05636 -0.05982 -0.06330 -0.06679 -0.07027 -0.07373 -0.07717 -0.08055 -0.08387 -0.08711 -0.09025 -0.09330 -0.09624 -0.09904 -0.10170 -0.10419 -0.10652 -0.10867 -0.11064 -0.11240 -0.11396 -0.11531 -0.11645 -0.11738 -0.11807 -0.11852
0.00000 -0.00000 -0.00000 -0.00000 -0.00000 -0.00000 -0.00000 -0.00000 -0.00000 -0.00000 -0.00002 -0.00007 -0.00018 -0.00037 -0.00066 -0.00105 -0.00157 -0.00223 -0.00304 -0.00401 -0.00514 -0.00644 -0.00790 -0.00953 -0.01132 -0.01325 -0.01532 -0.01750 -0.01979 -0.02217 -0.02461 -0.02712 -0.02966 -0.03224 -0.03485 -0.03748 -0.04013 -0.04278 -0.04544 -0.04810 -0.05075 -0.05338 -0.05599 -0.05856 -0.06108 -0.06352 -0.06588 -0.06815 -0.07032 -0.07238 -0.07431 -0.07611 -0.07776 -0.07924 -0.08056 -0.08172 -0.08271 -0.08350 -0.08410 -0.08451 -0.08474 -0.08477 -0.08458 -0.08419
0.00000 -0.00000 -0.00000 -0.00000 -0.00000 -0.00000 -0.00000 -0.00000 -0.00000 -0.00000 -0.00000 -0.00002 -0.00009 -0.00021 -0.00042 -0.00071 -0.00112 -0.00164 -0.00229 -0.00308 -0.00400 -0.00507 -0.00628 -0.00762 -0.00909 -0.01068 -0.01236 -0.01414 -0.01598 -0.01789 -0.01983 -0.02181 -0.02381 -0.02583 -0.02785 -0.02988 -0.03191 -0.03394 -0.03596 -0.03797 -0.03995 -0.04191 -0.04382 -0.04568 -0.04748 -0.04919 -0.05080 -0.05232 -0.05373 -0.05504 -0.05623 -0.05728 -0.05817 -0.05891 -0.05952 -0.05997 -0.06027 -0.06039 -0.06033 -0.06012 -0.05976 -0.05922 -0.05850 -0.05761
0.00000 -0.00000 -0.00000 -0.00000 -0.00000 0.00000 -0.00000 -0.00000 -0.00000 -0.00000 -0.00000 -0.00000 -0.00003 -0.00010 -0.00024 -0.00045 -0.00074 -0.00114 -0.00165 -0.00227 -0.00301 -0.00387 -0.00484 -0.00592 -0.00710 -0.00837 -0.00971 -0.01112 -0.01258 -0.01407 -0.01558 -0.01711 -0.01865 -0.02019 -0.02174 -0.02328 -0.02481 -0.02633 -0.02784 -0.02932 -0.03078 -0.03219 -0.03357 -0.03488 -0.03611 -0.03725 -0.03829 -0.03924 -0.04009 -0.04084 -0.04148 -0.04198 -0.04234 -0.04256 -0.04267 -0.04266 -0.04250 -0.04218 -0.04172 -0.04114 -0.04045 -0.03961 -0.03861 -0.03748
0.00000 -0.00000 -0.00000 -0.00000 -0.00000 -0.00000 -0.00000 0.00000 -0.00000 -0.00000 -0.00000 0.00000 -0.00000 -0.00003 -0.00011 -0.00025 -0.00045 -0.00074 -0.00112 -0.00159 -0.00216 -0.00283 -0.00359 -0.00443 -0.00536 -0.00635 -0.00739 -0.00848 -0.00959 -0.01073 -0.01188 -0.01303 -0.01418 -0.01534 -0.01649 -0.01763 -0.01877 -0.01989 -0.02099 -0.02206 -0.02310 -0.02410 -0.02504 -0.02593 -0.02673 -0.02743 -0.02804 -0.02856 -0.02901 -0.02937 -0.02962 -0.02974 -0.02973 -0.02961 -0.02940 -0.02911 -0.02869 -0.02812 -0.02744 -0.02669 -0.02588 -0.02495 -0.02387 -0.02271
0.00000 -0.00000 -0.00000 -0.00000 -0.00000 -0.00000 -0.00000 0.00000 -0.00000 -0.00000 -0.00000 -0.00000 -0.00000 -0.00000 -0.00003 -0.00011 -0.00024 -0.00044 -0.00070 -0.00104 -0.00146 -0.00196 -0.00254 -0.00317 -0.00387 -0.00462 -0.00540 -0.00621 -0.00704 -0.00788 -0.00872 -0.00957 -0.01041 -0.01125 -0.01209 -0.01292 -0.01374 -0.01454 -0.01532 -0.01607 -0.01679 -0.01746 -0.01809 -0.01864 -0.01912 -0.01950 -0.01979 -0.02001 -0.02017 -0.02027 -0.02026 -0.02013 -0.01988 -0.01956 -0.01920 -0.01878 -0.01823 -0.01756 -0.01681 -0.01606 -0.01528 -0.01440 -0.01339 -0.01237
