tests/data/gray99/saval2D/outputs/resuh5.asc
north:     17.44
south:      0.00
east:      60.51
west:       0.00
rows:   68
cols:  236
[rows 29 to 57 of 68, columns 0 to 66 of 236]
0.00001 0.00001 0.00001 0.00001 0.00060 0.00180 0.00364 0.00622 0.00966 0.01414 0.01992 0.02738 0.03698 0.04927 0.06475 0.08384 0.10672 0.13335 0.16341 0.19637 0.23160 0.26841 0.30617 0.34429 0.38232 0.41987 0.45665 0.49244 0.52711 0.56056 0.59274 0.62364 0.65330 0.68175 0.70906 0.73530 0.76054 0.78487 0.80834 0.83104 0.85302 0.87432 0.89499 0.91506 0.93455 0.95349 0.97190 0.98977 1.00712 1.02397 1.04031 1.05615 1.07150 1.08637 1.10077 1.11471 1.12821 1.14128 1.15393 1.16619 1.17808 1.18961 1.20080 1.21167 1.22226 1.23258 1.24265
0.00001 0.00001 0.00001 0.00005 0.00083 0.00217 0.00417 0.00693 0.01058 0.01530 0.02138 0.02921 0.03929 0.05218 0.06841 0.08836 0.11223 0.13990 0.17102 0.20501 0.24117 0.27878 0.31720 0.35583 0.39423 0.43202 0.46893 0.50476 0.53939 0.57272 0.60474 0.63543 0.66482 0.69297 0.71994 0.74581 0.77067 0.79458 0.81764 0.83991 0.86146 0.88233 0.90257 0.92221 0.94129 0.95981 0.97780 0.99527 1.01223 1.02869 1.04465 1.06011 1.07510 1.08962 1.10367 1.11728 1.13046 1.14321 1.15557 1.16754 1.17915 1.19041 1.20136 1.21201 1.22239 1.23253 1.24245
0.00001 0.00001 0.00001 0.00012 0.00103 0.00250 0.00463 0.00753 0.01132 0.01622 0.02252 0.03062 0.04104 0.05436 0.07110 0.09167 0.11621 0.14460 0.17643 0.21109 0.24785 0.28597 0.32478 0.36370 0.40228 0.44017 0.47711 0.51291 0.54745 0.58067 0.61253 0.64304 0.67222 0.70013 0.72684 0.75243 0.77698 0.80059 0.82333 0.84528 0.86650 0.88706 0.90698 0.92632 0.94509 0.96332 0.98102 0.99822 1.01491 1.03111 1.04681 1.06203 1.07678 1.09107 1.10489 1.11828 1.13124 1.14379 1.15594 1.16771 1.17912 1.19019 1.20095 1.21142 1.22164 1.23162 1.24140
0.00001 0.00001 0.00001 0.00021 0.00119 0.00274 0.00496 0.00794 0.01184 0.01685 0.02329 0.03157 0.04222 0.05580 0.07285 0.09376 0.11866 0.14741 0.17958 0.21454 0.25156 0.28988 0.32884 0.36786 0.40648 0.44437 0.48128 0.51703 0.55150 0.58462 0.61636 0.64673 0.67576 0.70349 0.73002 0.75541 0.77977 0.80317 0.82569 0.84742 0.86842 0.88876 0.90847 0.92761 0.94620 0.96426 0.98181 0.99885 1.01540 1.03145 1.04703 1.06212 1.07676 1.09094 1.10467 1.11797 1.13083 1.14328 1.15533 1.16700 1.17831 1.18929 1.19996 1.21035 1.22047 1.23036 1.24005
0.00001 0.00001 0.00001 0.00027 0.00128 0.00286 0.00512 0.00814 0.01208 0.01716 0.02367 0.03205 0.04282 0.05653 0.07370 0.09471 0.11967 0.14843 0.18057 0.21546 0.25239 0.29062 0.32948 0.36841 0.40696 0.44478 0.48162 0.51729 0.55169 0.58473 0.61639 0.64666 0.67559 0.70322 0.72963 0.75490 0.77913 0.80241 0.82481 0.84641 0.86730 0.88752 0.90714 0.92619 0.94470 0.96271 0.98021 0.99722 1.01374 1.02978 1.04535 1.06045 1.07510 1.08929 1.10305 1.11636 1.12924 1.14171 1.15378 1.16547 1.17680 1.18779 1.19848 1.20887 1.21899 1.22888 1.23856
0.00001 0.00001 0.00001 0.00027 0.00127 0.00284 0.00508 0.00810 0.01204 0.01711 0.02363 0.03202 0.04279 0.05647 0.07357 0.09443 0.11915 0.14760 0.17936 0.21383 0.25034 0.28818 0.32671 0.36537 0.40371 0.44137 0.47808 0.51366 0.54798 0.58095 0.61255 0.64278 0.67166 0.69925 0.72562 0.75085 0.77504 0.79827 0.82063 0.84222 0.86310 0.88333 0.90297 0.92205 0.94060 0.95865 0.97622 0.99331 1.00993 1.02609 1.04178 1.05701 1.07178 1.08610 1.09998 1.11342 1.12643 1.13903 1.15124 1.16305 1.17451 1.18561 1.19640 1.20688 1.21710 1.22707 1.23682
0.00001 0.00001 0.00001 0.00021 0.00116 0.00267 0.00486 0.00781 0.01169 0.01670 0.02315 0.03143 0.04205 0.05553 0.07234 0.09280 0.11703 0.14487 0.17596 0.20972 0.24553 0.28271 0.32066 0.35884 0.39680 0.43416 0.47066 0.50609 0.54030 0.57321 0.60476 0.63497 0.66384 0.69143 0.71782 0.74308 0.76731 0.79060 0.81304 0.83472 0.85570 0.87605 0.89582 0.91506 0.93378 0.95202 0.96978 0.98708 1.00392 1.02030 1.03622 1.05169 1.06670 1.08126 1.09537 1.10904 1.12229 1.13511 1.14753 1.15956 1.17122 1.18252 1.19349 1.20415 1.21452 1.22463 1.23450
0.00001 0.00001 0.00001 0.00013 0.00099 0.00241 0.00449 0.00734 0.01110 0.01596 0.02222 0.03026 0.04056 0.05363 0.06991 0.08974 0.11321 0.14021 0.17036 0.20317 0.23804 0.27433 0.31148 0.34896 0.38634 0.42324 0.45939 0.49455 0.52858 0.56137 0.59286 0.62304 0.65193 0.67957 0.70603 0.73140 0.75576 0.77921 0.80183 0.82370 0.84491 0.86552 0.88556 0.90508 0.92411 0.94266 0.96076 0.97839 0.99557 1.01229 1.02856 1.04437 1.05971 1.07461 1.08905 1.10304 1.11659 1.12971 1.14241 1.15472 1.16663 1.17818 1.18937 1.20024 1.21079 1.22105 1.23104
0.00001 0.00001 0.00001 0.00005 0.00080 0.00209 0.00403 0.00673 0.01030 0.01493 0.02088 0.02852 0.03832 0.05075 0.06627 0.08519 0.10766 0.13355 0.16255 0.19419 0.22790 0.26310 0.29924 0.33583 0.37243 0.40869 0.44432 0.47908 0.51281 0.54540 0.57677 0.60690 0.63581 0.66352 0.69011 0.71564 0.74022 0.76392 0.78683 0.80903 0.83059 0.85157 0.87202 0.89196 0.91143 0.93043 0.94897 0.96705 0.98468 1.00185 1.01856 1.03479 1.05056 1.06586 1.08068 1.09505 1.10895 1.12241 1.13544 1.14803 1.16022 1.17202 1.18343 1.19448 1.20518 1.21554 1.22559
0.00001 0.00001 0.00001 0.00002 0.00060 0.00175 0.00353 0.00603 0.00935 0.01367 0.01921 0.02631 0.03539 0.04694 0.06143 0.07920 0.10039 0.12492 0.15252 0.18276 0.21512 0.24904 0.28400 0.31951 0.35517 0.39062 0.42557 0.45979 0.49311 0.52540 0.55659 0.58663 0.61553 0.64332 0.67006 0.69581 0.72067 0.74470 0.76800 0.79063 0.81266 0.83413 0.85509 0.87557 0.89558 0.91512 0.93421 0.95283 0.97099 0.98868 1.00588 1.02260 1.03883 1.05456 1.06981 1.08456 1.09883 1.11262 1.12595 1.13882 1.15124 1.16323 1.17480 1.18596 1.19672 1.20708 1.21705
0.00001 0.00001 0.00001 0.00001 0.00041 0.00142 0.00302 0.00528 0.00831 0.01222 0.01722 0.02360 0.03176 0.04214 0.05520 0.07132 0.09077 0.11360 0.13962 0.16842 0.19946 0.23213 0.26583 0.30014 0.33471 0.36922 0.40337 0.43693 0.46974 0.50165 0.53258 0.56248 0.59135 0.61921 0.64611 0.67211 0.69729 0.72171 0.74546 0.76859 0.79115 0.81319 0.83473 0.85581 0.87642 0.89656 0.91624 0.93544 0.95416 0.97238 0.99009 1.00729 1.02397 1.04013 1.05576 1.07087 1.08546 1.09953 1.11309 1.12616 1.13873 1.15081 1.16242 1.17356 1.18422 1.19441 1.20413
0.00001 0.00001 0.00001 0.00001 0.00023 0.00110 0.00252 0.00455 0.00729 0.01084 0.01538 0.02114 0.02845 0.03772 0.04936 0.06374 0.08113 0.10162 0.12514 0.15144 0.18018 0.21094 0.24328 0.27665 0.31050 0.34440 0.37797 0.41092 0.44314 0.47461 0.50522 0.53493 0.56374 0.59164 0.61869 0.64493 0.67044 0.69527 0.71947 0.74311 0.76622 0.78884 0.81098 0.83265 0.85384 0.87457 0.89482 0.91457 0.93380 0.95251 0.97069 0.98831 1.00537 1.02188 1.03782 1.05319 1.06800 1.08224 1.09592 1.10905 1.12163 1.13366 1.14514 1.15608 1.16646 1.17629 1.18555
0.00001 0.00001 0.00001 0.00001 0.00010 0.00083 0.00205 0.00385 0.00630 0.00949 0.01355 0.01870 0.02521 0.03342 0.04373 0.05648 0.07196 0.09031 0.11151 0.13537 0.16161 0.18985 0.21968 0.25070 0.28256 0.31493 0.34752 0.38008 0.41229 0.44384 0.47459 0.50442 0.53327 0.56121 0.58836 0.61481 0.64060 0.66579 0.69041 0.71451 0.73812 0.76125 0.78390 0.80609 0.82780 0.84902 0.86973 0.88992 0.90957 0.92866 0.94717 0.96510 0.98242 0.99914 1.01525 1.03074 1.04562 1.05988 1.07352 1.08654 1.09895 1.11074 1.12190 1.13244 1.14235 1.15160 1.16020
0.00001 0.00001 0.00001 0.00001 0.00003 0.00057 0.00159 0.00314 0.00529 0.00812 0.01173 0.01630 0.02204 0.02926 0.03831 0.04952 0.06319 0.07950 0.09848 0.12005 0.14396 0.16990 0.19751 0.22641 0.25624 0.28669 0.31746 0.34831 0.37904 0.40950 0.43957 0.46918 0.49830 0.52683 0.55465 0.58173 0.60807 0.63369 0.65866 0.68310 0.70707 0.73057 0.75361 0.77617 0.79823 0.81978 0.84080 0.86127 0.88117 0.90046 0.91914 0.93719 0.95460 0.97136 0.98745 1.00288 1.01764 1.03173 1.04514 1.05787 1.06991 1.08125 1.09190 1.10184 1.11106 1.11955 1.12729
0.00001 0.00001 0.00001 0.00001 0.00001 0.00031 0.00113 0.00243 0.00429 0.00677 0.00995 0.01397 0.01900 0.02530 0.03318 0.04294 0.05489 0.06924 0.08610 0.10543 0.12709 0.15081 0.17630 0.20319 0.23116 0.25987 0.28905 0.31843 0.34782 0.37704 0.40598 0.43455 0.46272 0.49045 0.51776 0.54465 0.57115 0.59726 0.62297 0.64815 0.67274 0.69674 0.72011 0.74287 0.76509 0.78677 0.80788 0.82842 0.84834 0.86763 0.88627 0.90424 0.92152 0.93811 0.95399 0.96915 0.98359 0.99730 1.01027 1.02250 1.03397 1.04469 1.05463 1.06378 1.07214 1.07969 1.08641
0.00001 0.00001 0.00001 0.00001 0.00001 0.00009 0.00071 0.00177 0.00334 0.00548 0.00825 0.01175 0.01613 0.02158 0.02838 0.03680 0.04714 0.05962 0.07442 0.09157 0.11099 0.13251 0.15587 0.18077 0.20688 0.23389 0.26151 0.28947 0.31757 0.34562 0.37350 0.40110 0.42838 0.45531 0.48187 0.50807 0.53391 0.55940 0.58455 0.60934 0.63379 0.65786 0.68153 0.70475 0.72737 0.74934 0.77060 0.79113 0.81089 0.82995 0.84832 0.86599 0.88293 0.89913 0.91458 0.92927 0.94318 0.95631 0.96865 0.98018 0.99090 1.00079 1.00985 1.01806 1.02541 1.03188 1.03746
0.00001 0.00001 0.00001 0.00001 0.00001 0.00001 0.00036 0.00117 0.00246 0.00426 0.00664 0.00967 0.01345 0.01814 0.02395 0.03114 0.03998 0.05070 0.06352 0.07852 0.09571 0.11499 0.13617 0.15900 0.18317 0.20839 0.23437 0.26085 0.28759 0.31440 0.34115 0.36773 0.39406 0.42011 0.44585 0.47128 0.49638 0.52117 0.54563 0.56974 0.59350 0.61688 0.63985 0.66238 0.68443 0.70597 0.72697 0.74739 0.76719 0.78626 0.80452 0.82196 0.83854 0.85424 0.86908 0.88309 0.89628 0.90864 0.92017 0.93084 0.94064 0.94956 0.95759 0.96472 0.97094 0.97623 0.98058
0.00001 0.00001 0.00001 0.00001 0.00001 0.00001 0.00008 0.00066 0.00167 0.00315 0.00516 0.00774 0.01098 0.01499 0.01993 0.02601 0.03347 0.04256 0.05348 0.06639 0.08135 0.09835 0.11725 0.13786 0.15994 0.18320 0.20738 0.23219 0.25741 0.28283 0.30830 0.33370 0.35894 0.38396 0.40874 0.43326 0.45749 0.48143 0.50505 0.52835 0.55129 0.57385 0.59599 0.61768 0.63887 0.65953 0.67961 0.69909 0.71794 0.73611 0.75360 0.77036 0.78638 0.80164 0.81610 0.82966 0.84230 0.85400 0.86473 0.87448 0.88325 0.89108 0.89797 0.90392 0.90892 0.91294 0.91599
0.00001 0.00001 0.00001 0.00001 0.00001 0.00001 0.00001 0.00026 0.00100 0.00218 0.00383 0.00600 0.00875 0.01214 0.01631 0.02141 0.02765 0.03525 0.04441 0.05531 0.06808 0.08274 0.09926 0.11751 0.13729 0.15837 0.18049 0.20340 0.22686 0.25066 0.27462 0.29862 0.32255 0.34635 0.36997 0.39338 0.41656 0.43947 0.46210 0.48442 0.50638 0.52797 0.54913 0.56983 0.59002 0.60967 0.62872 0.64714 0.66491 0.68198 0.69834 0.71394 0.72878 0.74283 0.75606 0.76848 0.78004 0.79075 0.80059 0.80954 0.81758 0.82462 0.83062 0.83557 0.83946 0.84225 0.84397
0.00001 0.00001 0.00001 0.00001 0.00001 0.00001 0.00001 0.00001 0.00047 0.00135 0.00267 0.00445 0.00675 0.00960 0.01310 0.01735 0.02252 0.02880 0.03636 0.04540 0.05605 0.06841 0.08249 0.09824 0.11554 0.13419 0.15399 0.17470 0.19609 0.21796 0.24012 0.26244 0.28480 0.30711 0.32933 0.35141 0.37330 0.39498 0.41641 0.43755 0.45836 0.47880 0.49882 0.51838 0.53742 0.55590 0.57377 0.59101 0.60757 0.62341 0.63852 0.65286 0.66641 0.67915 0.69106 0.70212 0.71231 0.72163 0.73004 0.73755 0.74413 0.74978 0.75449 0.75824 0.76103 0.76284 0.76364
0.00001 0.00001 0.00001 0.00001 0.00001 0.00001 0.00001 0.00001 0.00006 0.00068 0.00168 0.00311 0.00499 0.00736 0.01027 0.01380 0.01806 0.02320 0.02936 0.03672 0.04543 0.05559 0.06727 0.08048 0.09516 0.11118 0.12840 0.14661 0.16561 0.18521 0.20524 0.22554 0.24599 0.26652 0.28703 0.30749 0.32783 0.34802 0.36800 0.38774 0.40718 0.42628 0.44496 0.46319 0.48090 0.49805 0.51458 0.53047 0.54567 0.56015 0.57388 0.58683 0.59898 0.61030 0.62078 0.63040 0.63913 0.64697 0.65391 0.65992 0.66499 0.66912 0.67228 0.67448 0.67570 0.67594 0.67519
0.00001 0.00001 0.00001 0.00001 0.00001 0.00001 0.00001 0.00001 0.00001 0.00018 0.00089 0.00198 0.00348 0.00541 0.00781 0.01073 0.01422 0.01840 0.02338 0.02929 0.03626 0.04442 0.05385 0.06460 0.07666 0.08997 0.10443 0.11991 0.13624 0.15325 0.17079 0.18871 0.20691 0.22528 0.24374 0.26224 0.28071 0.29911 0.31736 0.33542 0.35323 0.37072 0.38783 0.40450 0.42066 0.43627 0.45127 0.46563 0.47930 0.49225 0.50444 0.51585 0.52645 0.53623 0.54516 0.55322 0.56040 0.56668 0.57205 0.57649 0.57999 0.58254 0.58412 0.58473 0.58436 0.58299 0.58063
0.00001 0.00001 0.00001 0.00001 0.00001 0.00001 0.00001 0.00001 0.00001 0.00001 0.00032 0.00109 0.00223 0.00376 0.00571 0.00809 0.01094 0.01433 0.01833 0.02303 0.02854 0.03496 0.04238 0.05087 0.06046 0.07112 0.08282 0.09546 0.10894 0.12313 0.13789 0.15312 0.16871 0.18456 0.20061 0.21679 0.23303 0.24927 0.26545 0.28150 0.29735 0.31293 0.32818 0.34301 0.35736 0.37118 0.38441 0.39700 0.40893 0.42015 0.43062 0.44031 0.44920 0.45728 0.46452 0.47090 0.47640 0.48100 0.48471 0.48748 0.48931 0.49019 0.49011 0.48905 0.48699 0.48393 0.47988
0.00001 0.00001 0.00001 0.00001 0.00001 0.00001 0.00001 0.00001 0.00001 0.00001 0.00001 0.00044 0.00125 0.00241 0.00394 0.00585 0.00816 0.01089 0.01409 0.01781 0.02213 0.02712 0.03285 0.03938 0.04677 0.05502 0.06411 0.07401 0.08465 0.09593 0.10778 0.12011 0.13283 0.14588 0.15920 0.17271 0.18636 0.20009 0.21383 0.22751 0.24106 0.25439 0.26743 0.28011 0.29234 0.30408 0.31526 0.32585 0.33579 0.34506 0.35359 0.36137 0.36837 0.37459 0.37999 0.38453 0.38821 0.39101 0.39291 0.39390 0.39393 0.39300 0.39113 0.38827 0.38437 0.37946 0.37354
0.00001 0.00001 0.00001 0.00001 0.00001 0.00001 0.00001 0.00001 0.00001 0.00001 0.00001 0.00002 0.00053 0.00135 0.00250 0.00399 0.00583 0.00801 0.01056 0.01350 0.01686 0.02071 0.02508 0.03002 0.03557 0.04175 0.04856 0.05599 0.06399 0.07252 0.08153 0.09097 0.10078 0.11091 0.12131 0.13195 0.14277 0.15372 0.16473 0.17573 0.18666 0.19743 0.20796 0.21817 0.22800 0.23737 0.24625 0.25459 0.26234 0.26945 0.27586 0.28155 0.28651 0.29072 0.29414 0.29673 0.29846 0.29934 0.29936 0.29845 0.29657 0.29374 0.28997 0.28518 0.27931 0.27238 0.26445
0.00001 0.00001 0.00001 0.00001 0.00001 0.00001 0.00001 0.00001 0.00001 0.00001 0.00001 0.00001 0.00003 0.00057 0.00138 0.00249 0.00391 0.00562 0.00762 0.00993 0.01255 0.01550 0.01881 0.02251 0.02661 0.03113 0.03608 0.04144 0.04719 0.05332 0.05980 0.06660 0.07369 0.08105 0.08865 0.09646 0.10444 0.11256 0.12075 0.12896 0.13713 0.14518 0.15304 0.16063 0.16789 0.17477 0.18121 0.18719 0.19264 0.19750 0.20172 0.20526 0.20814 0.21034 0.21179 0.21243 0.21224 0.21126 0.20947 0.20677 0.20308 0.19849 0.19305 0.18663 0.17907 0.17051 0.16118
0.00001 0.00001 0.00001 0.00001 0.00001 0.00001 0.00001 0.00001 0.00001 0.00001 0.00001 0.00001 0.00001 0.00004 0.00057 0.00134 0.00238 0.00367 0.00521 0.00700 0.00902 0.01128 0.01378 0.01653 0.01953 0.02279 0.02629 0.03004 0.03403 0.03824 0.04266 0.04729 0.05210 0.05710 0.06227 0.06759 0.07304 0.07859 0.08419 0.08981 0.09539 0.10087 0.10619 0.11128 0.11609 0.12058 0.12471 0.12845 0.13175 0.13451 0.13669 0.13828 0.13930 0.13974 0.13949 0.13847 0.13671 0.13430 0.13122 0.12727 0.12240 0.11683 0.11072 0.10381 0.09586 0.08725 0.07857
0.00001 0.00001 0.00001 0.00001 0.00001 0.00001 0.00001 0.00001 0.00001 0.00001 0.00001 0.00001 0.00001 0.00001 0.00004 0.00052 0.00122 0.00214 0.00328 0.00462 0.00615 0.00786 0.00974 0.01177 0.01394 0.01626 0.01871 0.02127 0.02396 0.02675 0.02965 0.03266 0.03576 0.03897 0.04228 0.04567 0.04913 0.05264 0.05617 0.05968 0.06315 0.06652 0.06975 0.07277 0.07554 0.07805 0.08028 0.08221 0.08377 0.08485 0.08541 0.08550 0.08517 0.08440 0.08304 0.08096 0.07831 0.07529 0.07183 0.06764 0.06265 0.05737 0.05213 0.04647 0.03985 0.03294 0.02711
0.00001 0.00001 0.00001 0.00001 0.00001 0.00001 0.00001 0.00001 0.00001 0.00001 0.00001 0.00001 0.00001 0.00001 0.00001 0.00002 0.00042 0.00101 0.00180 0.00275 0.00387 0.00513 0.00650 0.00797 0.00952 0.01114 0.01283 0.01456 0.01633 0.01815 0.02000 0.02190 0.02385 0.02584 0.02787 0.02994 0.03202 0.03412 0.03619 0.03823 0.04021 0.04208 0.04380 0.04534 0.04665 0.04776 0.04867 0.04936 0.04974 0.04970 0.04920 0.04838 0.04735 0.04605 0.04423 0.04176 0.03896 0.03619 0.03329 0.02976 0.02545 0.02131 0.01801 0.01471 0.01026 0.00484 0.00108
