tests/data/gray99/saval2D/outputs/resuqv7.asc
north:     17.44
south:      0.00
east:      60.51
west:       0.00
rows:   68
cols:  236
[rows 28 to 55 of 68, columns 64 to 127 of 236]
0.57927 0.57903 0.57796 0.57608 0.57339 0.56990 0.56563 0.56059 0.55481 0.54833 0.54115 0.53331 0.52482 0.51571 0.50600 0.49572 0.48490 0.47356 0.46172 0.44943 0.43670 0.42357 0.41005 0.39618 0.38200 0.36752 0.35278 0.33780 0.32262 0.30724 0.29171 0.27605 0.26028 0.24444 0.22854 0.21262 0.19669 0.18080 0.16497 0.14923 0.13362 0.11816 0.10288 0.08782 0.07298 0.05841 0.04411 0.03010 0.01639 0.00300 -0.01008 -0.02283 -0.03527 -0.04738 -0.05919 -0.07072 -0.08216 -0.09359 -0.10523 -0.11733 -0.13016 -0.14397 -0.15903 -0.17559
0.45665 0.45535 0.45340 0.45080 0.44758 0.44375 0.43933 0.43436 0.42885 0.42284 0.41634 0.40938 0.40199 0.39417 0.38597 0.37741 0.36849 0.35925 0.34971 0.33987 0.32978 0.31944 0.30888 0.29812 0.28716 0.27605 0.26478 0.25338 0.24187 0.23025 0.21856 0.20680 0.19500 0.18316 0.17131 0.15946 0.14763 0.13584 0.12410 0.11245 0.10090 0.08946 0.07816 0.06702 0.05605 0.04525 0.03466 0.02427 0.01410 0.00414 -0.00560 -0.01511 -0.02441 -0.03348 -0.04235 -0.05103 -0.05965 -0.06817 -0.07678 -0.08569 -0.09513 -0.10531 -0.11646 -0.12882
0.33525 0.33392 0.33211 0.32982 0.32709 0.32392 0.32036 0.31641 0.31210 0.30746 0.30252 0.29728 0.29178 0.28604 0.28008 0.27390 0.26753 0.26098 0.25426 0.24740 0.24039 0.23325 0.22601 0.21865 0.21120 0.20366 0.19604 0.18835 0.18059 0.17278 0.16492 0.15703 0.14911 0.14117 0.13321 0.12524 0.11728 0.10934 0.10142 0.09355 0.08573 0.07798 0.07030 0.06270 0.05520 0.04779 0.04050 0.03333 0.02628 0.01935 0.01255 0.00587 -0.00069 -0.00712 -0.01345 -0.01967 -0.02584 -0.03189 -0.03794 -0.04417 -0.05075 -0.05786 -0.06569 -0.07441
0.21549 0.21497 0.21413 0.21299 0.21157 0.20989 0.20796 0.20579 0.20342 0.20086 0.19815 0.19530 0.19233 0.18925 0.18607 0.18279 0.17943 0.17598 0.17247 0.16891 0.16530 0.16165 0.15796 0.15422 0.15041 0.14656 0.14266 0.13872 0.13473 0.13072 0.12667 0.12258 0.11844 0.11425 0.11002 0.10575 0.10145 0.09713 0.09280 0.08847 0.08411 0.07975 0.07538 0.07101 0.06665 0.06231 0.05800 0.05372 0.04948 0.04526 0.04105 0.03687 0.03272 0.02860 0.02451 0.02044 0.01641 0.01251 0.00862 0.00465 0.00048 -0.00403 -0.00900 -0.01455
0.09645 0.09730 0.09798 0.09851 0.09892 0.09924 0.09952 0.09971 0.09982 0.09985 0.09983 0.09977 0.09969 0.09961 0.09957 0.09957 0.09956 0.09954 0.09950 0.09945 0.09939 0.09933 0.09928 0.09928 0.09927 0.09923 0.09912 0.09896 0.09873 0.09844 0.09809 0.09771 0.09732 0.09684 0.09627 0.09560 0.09482 0.09395 0.09299 0.09196 0.09090 0.08979 0.08859 0.08729 0.08589 0.08439 0.08282 0.08117 0.07947 0.07775 0.07598 0.07412 0.07219 0.07017 0.06808 0.06592 0.06376 0.06169 0.05973 0.05776 0.05569 0.05347 0.05104 0.04833
-0.02318 -0.02073 -0.01824 -0.01573 -0.01319 -0.01064 -0.00808 -0.00547 -0.00276 0.00003 0.00293 0.00592 0.00899 0.01213 0.01531 0.01855 0.02188 0.02531 0.02884 0.03244 0.03610 0.03980 0.04351 0.04717 0.05083 0.05449 0.05816 0.06181 0.06541 0.06896 0.07242 0.07574 0.07892 0.08200 0.08497 0.08785 0.09060 0.09324 0.09572 0.09804 0.10016 0.10210 0.10389 0.10555 0.10706 0.10843 0.10963 0.11067 0.11151 0.11214 0.11260 0.11292 0.11311 0.11316 0.11308 0.11286 0.11255 0.11225 0.11195 0.11170 0.11151 0.11139 0.11132 0.11130
-0.14413 -0.14031 -0.13630 -0.13210 -0.12771 -0.12313 -0.11835 -0.11336 -0.10817 -0.10277 -0.09718 -0.09140 -0.08544 -0.07930 -0.07297 -0.06647 -0.05980 -0.05297 -0.04601 -0.03892 -0.03174 -0.02447 -0.01714 -0.00976 -0.00234 0.00510 0.01253 0.01992 0.02726 0.03451 0.04166 0.04870 0.05562 0.06240 0.06903 0.07550 0.08178 0.08786 0.09373 0.09939 0.10482 0.11004 0.11502 0.11976 0.12426 0.12849 0.13246 0.13617 0.13960 0.14278 0.14571 0.14838 0.15080 0.15297 0.15491 0.15662 0.15818 0.15972 0.16133 0.16303 0.16490 0.16700 0.16939 0.17213
-0.26809 -0.26347 -0.25846 -0.25308 -0.24734 -0.24123 -0.23477 -0.22795 -0.22077 -0.21325 -0.20538 -0.19718 -0.18866 -0.17983 -0.17070 -0.16129 -0.15161 -0.14168 -0.13152 -0.12115 -0.11059 -0.09987 -0.08902 -0.07806 -0.06703 -0.05594 -0.04483 -0.03373 -0.02265 -0.01164 -0.00071 0.01010 0.02078 0.03130 0.04164 0.05180 0.06174 0.07145 0.08092 0.09013 0.09905 0.10769 0.11601 0.12403 0.13171 0.13905 0.14605 0.15269 0.15898 0.16490 0.17047 0.17568 0.18055 0.18507 0.18927 0.19316 0.19687 0.20052 0.20425 0.20814 0.21233 0.21693 0.22206 0.22784
-0.39651 -0.39194 -0.38678 -0.38106 -0.37478 -0.36795 -0.36058 -0.35266 -0.34420 -0.33522 -0.32571 -0.31571 -0.30522 -0.29426 -0.28284 -0.27099 -0.25873 -0.24608 -0.23307 -0.21972 -0.20606 -0.19214 -0.17799 -0.16363 -0.14912 -0.13448 -0.11975 -0.10496 -0.09016 -0.07538 -0.06064 -0.04599 -0.03146 -0.01706 -0.00284 0.01120 0.02501 0.03858 0.05188 0.06488 0.07757 0.08992 0.10191 0.11352 0.12472 0.13551 0.14587 0.15578 0.16525 0.17426 0.18281 0.19091 0.19857 0.20578 0.21257 0.21896 0.22514 0.23126 0.23751 0.24402 0.25097 0.25852 0.26684 0.27611
-0.52946 -0.52603 -0.52182 -0.51682 -0.51106 -0.50454 -0.49726 -0.48920 -0.48039 -0.47083 -0.46054 -0.44954 -0.43785 -0.42548 -0.41246 -0.39881 -0.38455 -0.36972 -0.35436 -0.33849 -0.32215 -0.30539 -0.28825 -0.27078 -0.25300 -0.23499 -0.21677 -0.19840 -0.17991 -0.16137 -0.14280 -0.12424 -0.10574 -0.08734 -0.06906 -0.05095 -0.03303 -0.01534 0.00209 0.01922 0.03602 0.05246 0.06849 0.08409 0.09924 0.11389 0.12804 0.14166 0.15474 0.16728 0.17925 0.19068 0.20155 0.21188 0.22169 0.23100 0.24005 0.24911 0.25837 0.26803 0.27827 0.28934 0.30142 0.31474
-0.66325 -0.66226 -0.66025 -0.65723 -0.65323 -0.64823 -0.64221 -0.63517 -0.62710 -0.61803 -0.60798 -0.59698 -0.58505 -0.57221 -0.55847 -0.54386 -0.52841 -0.51216 -0.49516 -0.47743 -0.45904 -0.44002 -0.42042 -0.40029 -0.37969 -0.35867 -0.33728 -0.31559 -0.29365 -0.27150 -0.24920 -0.22680 -0.20435 -0.18189 -0.15948 -0.13715 -0.11495 -0.09292 -0.07112 -0.04957 -0.02834 -0.00746 0.01300 0.03301 0.05252 0.07149 0.08989 0.10769 0.12486 0.14140 0.15729 0.17252 0.18709 0.20102 0.21431 0.22701 0.23940 0.25187 0.26467 0.27803 0.29219 0.30738 0.32385 0.34182
-0.78679 -0.78958 -0.79111 -0.79141 -0.79050 -0.78834 -0.78490 -0.78014 -0.77406 -0.76670 -0.75810 -0.74831 -0.73733 -0.72519 -0.71188 -0.69745 -0.68191 -0.66532 -0.64772 -0.62916 -0.60969 -0.58935 -0.56819 -0.54628 -0.52366 -0.50041 -0.47658 -0.45224 -0.42743 -0.40223 -0.37669 -0.35087 -0.32483 -0.29861 -0.27228 -0.24590 -0.21951 -0.19319 -0.16698 -0.14094 -0.11516 -0.08968 -0.06457 -0.03991 -0.01574 0.00787 0.03087 0.05322 0.07489 0.09584 0.11606 0.13553 0.15425 0.17222 0.18945 0.20599 0.22214 0.23845 0.25527 0.27285 0.29145 0.31135 0.33278 0.35597
-0.87749 -0.88534 -0.89175 -0.89674 -0.90030 -0.90241 -0.90297 -0.90189 -0.89918 -0.89491 -0.88918 -0.88203 -0.87347 -0.86352 -0.85216 -0.83941 -0.82529 -0.80987 -0.79320 -0.77532 -0.75629 -0.73615 -0.71493 -0.69270 -0.66952 -0.64544 -0.62054 -0.59486 -0.56848 -0.54146 -0.51385 -0.48571 -0.45711 -0.42810 -0.39874 -0.36910 -0.33924 -0.30923 -0.27915 -0.24907 -0.21909 -0.18930 -0.15977 -0.13061 -0.10189 -0.07369 -0.04608 -0.01913 0.00712 0.03263 0.05735 0.08127 0.10437 0.12663 0.14808 0.16878 0.18898 0.20943 0.23055 0.25268 0.27610 0.30108 0.32788 0.35668
-0.90235 -0.91610 -0.92849 -0.93948 -0.94898 -0.95690 -0.96310 -0.96730 -0.96949 -0.96991 -0.96869 -0.96591 -0.96156 -0.95563 -0.94810 -0.93892 -0.92814 -0.91584 -0.90209 -0.88694 -0.87043 -0.85258 -0.83342 -0.81299 -0.79137 -0.76862 -0.74477 -0.71991 -0.69406 -0.66729 -0.63965 -0.61120 -0.58199 -0.55208 -0.52151 -0.49035 -0.45866 -0.42652 -0.39401 -0.36122 -0.32827 -0.29525 -0.26229 -0.22952 -0.19704 -0.16496 -0.13338 -0.10238 -0.07203 -0.04237 -0.01348 0.01462 0.04189 0.06831 0.09390 0.11874 0.14302 0.16761 0.19302 0.21969 0.24795 0.27806 0.31025 0.34469
-0.82446 -0.84913 -0.87178 -0.89199 -0.90953 -0.92425 -0.93624 -0.94636 -0.95418 -0.96036 -0.96506 -0.96825 -0.96990 -0.96991 -0.96817 -0.96457 -0.95911 -0.95197 -0.94326 -0.93302 -0.92128 -0.90803 -0.89328 -0.87706 -0.85944 -0.84050 -0.82027 -0.79880 -0.77611 -0.75225 -0.72726 -0.70118 -0.67406 -0.64591 -0.61679 -0.58672 -0.55578 -0.52401 -0.49150 -0.45833 -0.42461 -0.39048 -0.35609 -0.32155 -0.28703 -0.25267 -0.21859 -0.18490 -0.15172 -0.11911 -0.08712 -0.05581 -0.02523 0.00458 0.03367 0.06214 0.09013 0.11844 0.14768 0.17841 0.21101 0.24574 0.28280 0.32228
-0.68885 -0.70848 -0.72773 -0.74660 -0.76512 -0.78338 -0.80133 -0.81868 -0.83608 -0.85226 -0.86656 -0.87857 -0.88810 -0.89502 -0.89943 -0.90203 -0.90258 -0.90159 -0.89916 -0.89529 -0.88992 -0.88299 -0.87446 -0.86429 -0.85260 -0.83949 -0.82500 -0.80915 -0.79194 -0.77340 -0.75355 -0.73244 -0.71006 -0.68644 -0.66156 -0.63546 -0.60817 -0.57970 -0.55010 -0.51944 -0.48783 -0.45541 -0.42232 -0.38871 -0.35471 -0.32050 -0.28623 -0.25205 -0.21810 -0.18447 -0.15123 -0.11845 -0.08616 -0.05440 -0.02307 0.00792 0.03870 0.06980 0.10190 0.13561 0.17138 0.20947 0.25002 0.29296
-0.56937 -0.58470 -0.59967 -0.61426 -0.62845 -0.64220 -0.65550 -0.66832 -0.68065 -0.69247 -0.70379 -0.71463 -0.72503 -0.73508 -0.74479 -0.75380 -0.76250 -0.76994 -0.77562 -0.77930 -0.78086 -0.78029 -0.77806 -0.77402 -0.76861 -0.76195 -0.75402 -0.74479 -0.73422 -0.72230 -0.70901 -0.69442 -0.67852 -0.66127 -0.64267 -0.62270 -0.60136 -0.57862 -0.55447 -0.52893 -0.50212 -0.47416 -0.44517 -0.41526 -0.38458 -0.35328 -0.32156 -0.28955 -0.25739 -0.22518 -0.19305 -0.16102 -0.12913 -0.09733 -0.06550 -0.03355 -0.00148 0.03095 0.06429 0.09916 0.13603 0.17514 0.21644 0.25960
-0.46208 -0.47353 -0.48467 -0.49546 -0.50589 -0.51595 -0.52561 -0.53486 -0.54368 -0.55206 -0.55998 -0.56744 -0.57442 -0.58091 -0.58691 -0.59241 -0.59744 -0.60199 -0.60610 -0.60983 -0.61324 -0.61639 -0.61896 -0.62133 -0.62281 -0.62300 -0.62169 -0.61877 -0.61429 -0.60855 -0.60151 -0.59336 -0.58407 -0.57357 -0.56183 -0.54880 -0.53442 -0.51859 -0.50122 -0.48232 -0.46200 -0.44036 -0.41749 -0.39340 -0.36822 -0.34211 -0.31528 -0.28786 -0.25994 -0.23157 -0.20284 -0.17382 -0.14442 -0.11451 -0.08403 -0.05306 -0.02179 0.00970 0.04173 0.07477 0.10924 0.14518 0.18219 0.21944
-0.36783 -0.37589 -0.38365 -0.39109 -0.39820 -0.40497 -0.41139 -0.41745 -0.42313 -0.42843 -0.43334 -0.43786 -0.44197 -0.44568 -0.44896 -0.45183 -0.45428 -0.45631 -0.45792 -0.45913 -0.45995 -0.46037 -0.46042 -0.46012 -0.45955 -0.45874 -0.45774 -0.45660 -0.45535 -0.45382 -0.45212 -0.44968 -0.44617 -0.44148 -0.43562 -0.42874 -0.42070 -0.41136 -0.40059 -0.38835 -0.37480 -0.36004 -0.34401 -0.32663 -0.30791 -0.28809 -0.26747 -0.24616 -0.22409 -0.20122 -0.17756 -0.15313 -0.12782 -0.10155 -0.07461 -0.04738 -0.02017 0.00679 0.03347 0.06005 0.08667 0.11308 0.13847 0.16136
-0.28694 -0.29215 -0.29707 -0.30169 -0.30600 -0.30999 -0.31366 -0.31700 -0.32001 -0.32267 -0.32499 -0.32697 -0.32859 -0.32986 -0.33078 -0.33135 -0.33157 -0.33143 -0.33094 -0.33013 -0.32901 -0.32754 -0.32574 -0.32366 -0.32134 -0.31879 -0.31598 -0.31291 -0.30971 -0.30650 -0.30332 -0.30009 -0.29675 -0.29341 -0.29022 -0.28709 -0.28375 -0.27955 -0.27403 -0.26722 -0.25939 -0.25076 -0.24104 -0.22992 -0.21729 -0.20352 -0.18912 -0.17423 -0.15857 -0.14182 -0.12397 -0.10518 -0.08541 -0.06505 -0.04489 -0.02522 -0.00614 0.01213 0.02915 0.04438 0.05717 0.06669 0.07223 0.07350
-0.21909 -0.22203 -0.22468 -0.22705 -0.22913 -0.23091 -0.23239 -0.23357 -0.23444 -0.23501 -0.23527 -0.23523 -0.23486 -0.23419 -0.23322 -0.23196 -0.23040 -0.22852 -0.22636 -0.22395 -0.22129 -0.21832 -0.21507 -0.21160 -0.20800 -0.20422 -0.20016 -0.19585 -0.19148 -0.18719 -0.18296 -0.17856 -0.17388 -0.16917 -0.16484 -0.16103 -0.15744 -0.15356 -0.14913 -0.14444 -0.13999 -0.13581 -0.13132 -0.12551 -0.11792 -0.10902 -0.09981 -0.09079 -0.08151 -0.07098 -0.05878 -0.04568 -0.03300 -0.02144 -0.01117 -0.00240 0.00467 0.00986 0.01316 0.01475 0.01497 0.01422 0.01282 0.01107
-0.16344 -0.16466 -0.16561 -0.16629 -0.16670 -0.16685 -0.16673 -0.16634 -0.16566 -0.16471 -0.16351 -0.16205 -0.16030 -0.15828 -0.15603 -0.15355 -0.15081 -0.14778 -0.14455 -0.14115 -0.13757 -0.13370 -0.12958 -0.12537 -0.12114 -0.11677 -0.11209 -0.10716 -0.10231 -0.09773 -0.09325 -0.08845 -0.08319 -0.07795 -0.07334 -0.06944 -0.06574 -0.06155 -0.05656 -0.05138 -0.04699 -0.04382 -0.04139 -0.03870 -0.03490 -0.02978 -0.02398 -0.01848 -0.01391 -0.01034 -0.00759 -0.00539 -0.00359 -0.00213 -0.00099 -0.00017 0.00037 0.00066 0.00076 0.00072 0.00062 0.00050 0.00038 0.00028
-0.11875 -0.11876 -0.11853 -0.11805 -0.11733 -0.11639 -0.11523 -0.11381 -0.11216 -0.11029 -0.10823 -0.10595 -0.10342 -0.10068 -0.09781 -0.09478 -0.09152 -0.08803 -0.08444 -0.08082 -0.07707 -0.07305 -0.06885 -0.06473 -0.06077 -0.05673 -0.05231 -0.04770 -0.04345 -0.03973 -0.03617 -0.03220 -0.02766 -0.02331 -0.02000 -0.01758 -0.01542 -0.01288 -0.00964 -0.00621 -0.00353 -0.00199 -0.00126 -0.00090 -0.00069 -0.00055 -0.00044 -0.00036 -0.00028 -0.00022 -0.00017 -0.00012 -0.00009 -0.00006 -0.00004 -0.00002 -0.00001 -0.00001 -0.00000 -0.00000 -0.00000 -0.00000 0.00000 -0.00000
-0.08362 -0.08285 -0.08188 -0.08069 -0.07931 -0.07776 -0.07604 -0.07411 -0.07198 -0.06972 -0.06734 -0.06480 -0.06204 -0.05918 -0.05628 -0.05332 -0.05016 -0.04684 -0.04357 -0.04043 -0.03724 -0.03377 -0.03022 -0.02701 -0.02416 -0.02129 -0.01800 -0.01459 -0.01190 -0.00998 -0.00829 -0.00626 -0.00370 -0.00138 -0.00029 -0.00005 -0.00002 -0.00001 -0.00001 -0.00000 -0.00000 -0.00000 -0.00000 -0.00000 -0.00000 -0.00000 -0.00000 -0.00000 -0.00000 -0.00000 -0.00000 -0.00000 -0.00000 -0.00000 -0.00000 -0.00000 -0.00000 -0.00000 -0.00000 -0.00000 -0.00000 -0.00000 -0.00000 -0.00000
-0.05657 -0.05540 -0.05405 -0.05252 -0.05086 -0.04911 -0.04723 -0.04518 -0.04299 -0.04077 -0.03852 -0.03615 -0.03361 -0.03106 -0.02863 -0.02622 -0.02362 -0.02092 -0.01846 -0.01630 -0.01414 -0.01169 -0.00924 -0.00739 -0.00605 -0.00474 -0.00303 -0.00117 -0.00017 -0.00001 -0.00000 -0.00000 -0.00000 -0.00000 -0.00000 -0.00000 -0.00000 -0.00000 -0.00000 -0.00000 -0.00000 -0.00000 -0.00000 -0.00000 -0.00000 -0.00000 -0.00000 -0.00000 -0.00000 -0.00000 -0.00000 -0.00000 -0.00000 -0.00000 -0.00000 -0.00000 -0.00000 -0.00000 -0.00000 -0.00000 -0.00000 -0.00000 -0.00000 -0.00000
-0.03628 -0.03498 -0.03354 -0.03196 -0.03031 -0.02866 -0.02693 -0.02506 -0.02311 -0.02124 -0.01944 -0.01754 -0.01549 -0.01355 -0.01188 -0.01030 -0.00852 -0.00666 -0.00522 -0.00421 -0.00324 -0.00198 -0.00068 -0.00008 -0.00000 -0.00000 -0.00000 0.00000 -0.00000 -0.00000 -0.00000 -0.00000 0.00000 -0.00000 -0.00000 -0.00000 -0.00000 -0.00000 -0.00000 -0.00000 -0.00000 -0.00000 -0.00000 -0.00000 -0.00000 -0.00000 -0.00000 -0.00000 -0.00000 -0.00000 -0.00000 -0.00000 -0.00000 -0.00000 -0.00000 -0.00000 -0.00000 -0.00000 -0.00000 -0.00000 -0.00000 0.00000 -0.00000 -0.00000
-0.02155 -0.02035 -0.01903 -0.01759 -0.01618 -0.01484 -0.01348 -0.01197 -0.01044 -0.00912 -0.00794 -0.00668 -0.00526 -0.00405 -0.00322 -0.00252 -0.00164 -0.00064 -0.00009 -0.00000 -0.00000 -0.00000 -0.00000 -0.00000 -0.00000 -0.00000 -0.00000 -0.00000 -0.00000 -0.00000 -0.00000 -0.00000 0.00000 -0.00000 -0.00000 -0.00000 -0.00000 -0.00000 -0.00000 -0.00000 -0.00000 -0.00000 -0.00000 -0.00000 -0.00000 -0.00000 0.00000 -0.00000 -0.00000 -0.00000 -0.00000 -0.00000 -0.00000 -0.00000 -0.00000 -0.00000 -0.00000 -0.00000 -0.00000 -0.00000 -0.00000 0.00000 -0.00000 -0.00000
-0.01141 -0.01046 -0.00939 -0.00823 -0.00718 -0.00629 -0.00540 -0.00435 -0.00333 -0.00261 -0.00208 -0.00149 -0.00072 -0.00015 -0.00001 -0.00000 -0.00000 -0.00000 -0.00000 -0.00000 -0.00000 -0.00000 -0.00000 -0.00000 -0.00000 -0.00000 -0.00000 -0.00000 -0.00000 -0.00000 -0.00000 -0.00000 -0.00000 -0.00000 -0.00000 -0.00000 -0.00000 -0.00000 -0.00000 0.00000 -0.00000 -0.00000 -0.00000 -0.00000 -0.00000 0.00000 -0.00000 -0.00000 -0.00000 -0.00000 -0.00000 -0.00000 -0.00000 -0.00000 0.00000 -0.00000 -0.00000 -0.00000 -0.00000 -0.00000 -0.00000 -0.00000 -0.00000 -0.00000
