tests/data/gray99/saval2D/outputs/resuqu10.asc
north:     17.44
south:      0.00
east:      60.51
west:       0.00
rows:   68
cols:  236
[rows 0 to 28 of 68, columns 66 to 131 of 236]
0.00000 0.00000 0.00000 0.00000 0.00000 0.00000 0.00000 0.00000 0.00000 0.00000 0.00000 0.00000 0.00000 0.00000 0.00000 0.00000 0.00000 0.00000 0.00000 0.00000 0.00000 0.00000 0.00000 0.00000 0.00000 0.00000 0.00000 0.00000 0.00000 0.00000 0.00000 0.00000 0.00000 0.00000 0.00000 0.00000 0.00000 0.00000 0.00000 0.00000 0.00000 0.00000 0.00000 0.00000 0.00000 0.00000 0.00000 0.00000 0.00000 0.00000 0.00000 0.00000 0.00000 0.00000 0.00000 0.00000 0.00000 0.00000 0.00000 0.00000 0.00000 0.00000 0.00000 0.00000 0.00000 0.00000
0.00000 0.00000 0.00000 0.00000 0.00000 0.00000 0.00000 0.00000 0.00000 0.00000 0.00000 0.00000 0.00000 0.00000 0.00000 0.00000 0.00000 0.00000 0.00000 0.00000 0.00000 0.00000 0.00000 0.00000 0.00000 0.00000 0.00000 0.00000 0.00000 0.00000 0.00000 0.00000 0.00000 0.00000 0.00000 0.00000 0.00000 0.00000 0.00000 0.00000 0.00000 0.00000 0.00000 0.00000 0.00000 0.00000 0.00000 0.00000 0.00000 0.00000 0.00000 0.00000 0.00000 0.00000 0.00000 0.00000 0.00000 0.00000 0.00000 0.00000 0.00000 0.00000 0.00000 0.00000 0.00000 0.00000
0.00000 0.00000 0.00000 0.00000 0.00000 0.00000 0.00000 0.00000 0.00000 0.00000 0.00000 0.00000 0.00000 0.00000 0.00000 0.00000 0.00000 0.00000 0.00000 0.00000 0.00000 0.00000 0.00000 0.00000 0.00000 0.00000 0.00000 0.00000 0.00000 0.00000 0.00000 0.00000 0.00000 0.00000 0.00000 0.00000 0.00000 0.00000 0.00000 0.00000 0.00000 0.00000 0.00000 0.00000 0.00000 0.00000 0.00000 0.00000 0.00000 0.00000 0.00000 0.00000 0.00000 0.00000 0.00000 0.00000 0.00000 0.00000 0.00000 0.00000 0.00000 0.00000 0.00000 0.00000 0.00000 0.00000
0.00000 0.00000 0.00000 0.00000 0.00000 0.00000 0.00000 0.00000 0.00000 0.00000 0.00000 0.00000 0.00000 0.00000 0.00000 0.00000 0.00000 0.00000 0.00000 0.00000 0.00000 0.00000 0.00000 0.00000 0.00000 0.00000 0.00000 0.00000 0.00000 0.00000 0.00000 0.00000 0.00000 0.00000 0.00000 0.00000 0.00000 0.00000 0.00000 0.00000 0.00000 0.00000 0.00000 0.00000 0.00000 0.00000 0.00000 0.00000 0.00000 0.00000 0.00000 0.00000 0.00000 0.00000 0.00000 0.00000 0.00000 0.00000 0.00000 0.00000 0.00000 0.00000 0.00000 0.00000 0.00000 0.00000
0.00000 0.00000 0.00000 0.00000 0.00000 0.00000 0.00000 0.00000 0.00000 0.00000 0.00000 0.00000 0.00000 0.00000 0.00000 0.00000 0.00000 0.00000 0.00000 0.00000 0.00000 0.00000 0.00000 0.00000 0.00000 0.00000 0.00000 0.00000 0.00000 0.00000 0.00000 0.00000 0.00000 0.00000 0.00000 0.00000 0.00000 0.00000 0.00000 0.00000 0.00000 0.00000 0.00000 0.00000 0.00000 0.00000 0.00000 0.00000 0.00000 0.00000 0.00000 0.00000 0.00000 0.00000 0.00000 0.00000 0.00000 0.00000 0.00000 0.00000 0.00000 0.00000 0.00000 0.00000 0.00000 0.00000
0.00000 0.00000 0.00000 0.00000 0.00000 0.00000 0.00000 0.00000 0.00000 0.00000 0.00000 0.00000 0.00000 0.00000 0.00000 0.00000 0.00000 0.00000 0.00000 0.00000 0.00000 0.00000 0.00000 0.00000 0.00000 0.00000 0.00000 0.00000 0.00000 0.00000 0.00000 0.00000 0.00000 0.00000 0.00000 0.00000 0.00000 0.00000 0.00000 0.00000 0.00000 0.00000 0.00000 0.00000 0.00000 0.00000 0.00000 0.00000 0.00000 0.00000 0.00000 0.00000 0.00000 0.00000 0.00000 0.00000 0.00000 0.00000 0.00000 0.00000 0.00000 0.00000 0.00000 0.00000 0.00000 0.00000
0.00000 0.00000 0.00000 0.00000 0.00000 0.00000 0.00000 0.00000 0.00000 0.00000 0.00000 0.00000 0.00000 0.00000 0.00000 0.00000 0.00000 0.00000 0.00000 0.00000 0.00000 0.00000 0.00000 0.00000 0.00000 0.00000 0.00000 0.00000 0.00000 0.00000 0.00000 0.00000 0.00000 0.00000 0.00000 0.00000 0.00000 0.00000 0.00000 0.00000 0.00000 0.00000 0.00000 0.00000 0.00000 0.00000 0.00000 0.00000 0.00000 0.00000 0.00000 0.00000 0.00000 0.00000 0.00000 0.00000 0.00000 0.00000 0.00000 0.00000 0.00000 0.00000 0.00000 0.00000 0.00000 0.00000
0.00000 0.00000 0.00000 0.00000 0.00000 0.00000 0.00000 0.00000 0.00000 0.00000 0.00000 0.00000 0.00000 0.00000 0.00000 0.00000 0.00000 0.00000 0.00000 0.00000 0.00000 0.00000 0.00000 0.00000 0.00000 0.00000 0.00000 0.00000 0.00000 0.00000 0.00000 0.00000 0.00000 0.00000 0.00000 0.00000 0.00000 0.00000 0.00000 0.00000 0.00000 0.00000 0.00000 0.00000 0.00000 0.00000 0.00000 0.00000 0.00000 0.00000 0.00000 0.00000 0.00000 0.00000 0.00000 0.00000 0.00000 0.00000 0.00000 0.00000 0.00000 0.00000 0.00000 0.00000 0.00000 0.00000
0.00000 0.00000 0.00000 0.00000 0.00000 0.00000 0.00000 0.00000 0.00000 0.00000 0.00000 0.00000 0.00000 0.00000 0.00000 0.00000 0.00000 0.00000 0.00000 0.00000 0.00000 0.00000 0.00000 0.00000 0.00000 0.00000 0.00000 0.00000 0.00000 0.00000 0.00000 0.00000 0.00000 0.00000 0.00000 0.00000 0.00000 0.00000 0.00000 0.00000 0.00000 0.00000 0.00000 0.00000 0.00000 0.00000 0.00000 0.00000 0.00000 0.00000 0.00000 0.00000 0.00000 0.00000 0.00000 0.00000 0.00000 0.00000 0.00000 0.00000 0.00000 0.00000 0.00000 0.00000 0.00000 0.00000
0.00017 0.00014 0.00012 0.00009 0.00005 0.00001 0.00000 0.00000 0.00000 0.00000 0.00000 0.00000 0.00000 0.00000 0.00000 0.00000 0.00000 0.00000 0.00000 0.00000 0.00000 0.00000 0.00000 0.00000 0.00000 0.00000 0.00000 0.00000 0.00000 0.00000 0.00000 0.00000 0.00000 0.00000 0.00000 0.00000 0.00000 0.00000 0.00000 0.00000 0.00000 0.00000 0.00000 0.00000 0.00000 0.00000 0.00000 0.00000 0.00000 0.00000 0.00000 0.00000 0.00000 0.00000 0.00000 0.00000 0.00000 0.00000 0.00000 0.00000 0.00000 0.00000 0.00000 0.00000 0.00000 0.00000
0.00057 0.00051 0.00045 0.00039 0.00030 0.00023 0.00019 0.00016 0.00013 0.00008 0.00002 0.00000 0.00000 0.00000 0.00000 0.00000 0.00000 0.00000 0.00000 0.00000 0.00000 0.00000 0.00000 0.00000 0.00000 0.00000 0.00000 0.00000 0.00000 0.00000 0.00000 0.00000 0.00000 0.00000 0.00000 0.00000 0.00000 0.00000 0.00000 0.00000 0.00000 0.00000 0.00000 0.00000 0.00000 0.00000 0.00000 0.00000 0.00000 0.00000 0.00000 0.00000 0.00000 0.00000 0.00000 0.00000 0.00000 0.00000 0.00000 0.00000 0.00000 0.00000 0.00000 0.00000 0.00000 0.00000
0.00130 0.00120 0.00110 0.00100 0.00087 0.00076 0.00067 0.00059 0.00051 0.00041 0.00032 0.00025 0.00021 0.00017 0.00012 0.00005 0.00001 0.00000 0.00000 0.00000 0.00000 0.00000 0.00000 0.00000 0.00000 0.00000 0.00000 0.00000 0.00000 0.00000 0.00000 0.00000 0.00000 0.00000 0.00000 0.00000 0.00000 0.00000 0.00000 0.00000 0.00000 0.00000 0.00000 0.00000 0.00000 0.00000 0.00000 0.00000 0.00000 0.00000 0.00000 0.00000 0.00000 0.00000 0.00000 0.00000 0.00000 0.00000 0.00000 0.00000 0.00000 0.00000 0.00000 0.00000 0.00000 0.00000
0.00249 0.00234 0.00219 0.00204 0.00188 0.00171 0.00156 0.00143 0.00130 0.00115 0.00099 0.00087 0.00077 0.00067 0.00056 0.00043 0.00034 0.00028 0.00024 0.00018 0.00010 0.00002 0.00000 0.00000 0.00000 0.00000 0.00000 0.00000 0.00000 0.00000 0.00000 0.00000 0.00000 0.00000 0.00000 0.00000 0.00000 0.00000 0.00000 0.00000 0.00000 0.00000 0.00000 0.00000 0.00000 0.00000 0.00000 0.00000 0.00000 0.00000 0.00000 0.00000 0.00000 0.00000 0.00000 0.00000 0.00000 0.00000 0.00000 0.00000 0.00000 0.00000 0.00000 0.00000 0.00000 0.00000
0.00427 0.00407 0.00388 0.00368 0.00347 0.00325 0.00304 0.00285 0.00265 0.00245 0.00223 0.00203 0.00186 0.00169 0.00151 0.00132 0.00115 0.00102 0.00090 0.00078 0.00062 0.00048 0.00039 0.00034 0.00028 0.00021 0.00010 0.00002 0.00000 0.00000 0.00000 0.00000 0.00000 0.00000 0.00000 0.00000 0.00000 0.00000 0.00000 0.00000 0.00000 0.00000 0.00000 0.00000 0.00000 0.00000 0.00000 0.00000 0.00000 0.00000 0.00000 0.00000 0.00000 0.00000 0.00000 0.00000 0.00000 0.00000 0.00000 0.00000 0.00000 0.00000 0.00000 0.00000 0.00000 0.00001
0.00681 0.00658 0.00634 0.00610 0.00584 0.00557 0.00531 0.00505 0.00479 0.00451 0.00423 0.00396 0.00370 0.00346 0.00320 0.00293 0.00268 0.00245 0.00225 0.00204 0.00180 0.00158 0.00139 0.00125 0.00112 0.00096 0.00077 0.00061 0.00051 0.00044 0.00039 0.00032 0.00022 0.00011 0.00004 0.00001 0.00000 0.00000 0.00000 0.00000 0.00000 0.00000 0.00000 0.00000 0.00000 0.00000 0.00000 0.00000 0.00000 0.00000 0.00000 0.00000 0.00000 0.00000 0.00000 0.00000 0.00000 0.00001 0.00001 0.00002 0.00003 0.00008 0.00021 0.00060 0.00167 0.00431
0.01033 0.01007 0.00980 0.00952 0.00922 0.00891 0.00859 0.00827 0.00794 0.00761 0.00726 0.00692 0.00658 0.00625 0.00591 0.00556 0.00521 0.00488 0.00458 0.00427 0.00395 0.00363 0.00333 0.00308 0.00284 0.00259 0.00231 0.00204 0.00182 0.00166 0.00152 0.00136 0.00117 0.00096 0.00079 0.00068 0.00061 0.00056 0.00051 0.00044 0.00036 0.00028 0.00021 0.00016 0.00015 0.00017 0.00023 0.00034 0.00051 0.00075 0.00107 0.00151 0.00206 0.00273 0.00353 0.00447 0.00553 0.00674 0.00823 0.01033 0.01362 0.01891 0.02728 0.04015 0.05928 0.08655
0.01508 0.01481 0.01452 0.01421 0.01389 0.01354 0.01319 0.01282 0.01244 0.01205 0.01165 0.01123 0.01082 0.01041 0.00999 0.00956 0.00912 0.00870 0.00829 0.00788 0.00746 0.00704 0.00663 0.00625 0.00589 0.00553 0.00514 0.00476 0.00442 0.00412 0.00386 0.00360 0.00330 0.00298 0.00270 0.00247 0.00229 0.00215 0.00215 0.00266 0.00360 0.00512 0.00738 0.01044 0.01432 0.01904 0.02467 0.03123 0.03874 0.04720 0.05659 0.06686 0.07798 0.08989 0.10256 0.11596 0.13015 0.14521 0.16178 0.18137 0.20531 0.23515 0.27250 0.31884 0.37538 0.44291
0.02136 0.02111 0.02083 0.02052 0.02019 0.01984 0.01946 0.01907 0.01866 0.01823 0.01779 0.01732 0.01685 0.01638 0.01589 0.01539 0.01488 0.01437 0.01387 0.01336 0.01285 0.01233 0.01181 0.01132 0.01084 0.01036 0.00987 0.00938 0.00891 0.00847 0.00808 0.00769 0.00834 0.01088 0.01502 0.02102 0.02936 0.04025 0.05354 0.06886 0.08629 0.10580 0.12727 0.15067 0.17599 0.20320 0.23220 0.26289 0.29515 0.32885 0.36389 0.40014 0.43750 0.47585 0.51506 0.55501 0.59591 0.63776 0.68286 0.73276 0.78813 0.84985 0.91878 0.99566 1.08094 1.17474
0.02958 0.02937 0.02914 0.02887 0.02857 0.02824 0.02788 0.02749 0.02708 0.02665 0.02619 0.02572 0.02522 0.02471 0.02418 0.02364 0.02308 0.02251 0.02194 0.02137 0.02079 0.02019 0.01960 0.01901 0.01843 0.01786 0.01981 0.02607 0.03593 0.04900 0.06583 0.08709 0.11207 0.13994 0.17110 0.20571 0.24356 0.28420 0.32725 0.37246 0.41967 0.46884 0.51985 0.57260 0.62699 0.68292 0.74029 0.79900 0.85893 0.91996 0.98196 1.04483 1.10845 1.17271 1.23748 1.30266 1.36886 1.43700 1.51075 1.59001 1.67457 1.76430 1.85899 1.95841 2.06228 2.17029
0.04021 0.04011 0.03997 0.03979 0.03957 0.03932 0.03902 0.03870 0.03834 0.03795 0.03753 0.03709 0.03661 0.03612 0.03561 0.03507 0.03451 0.03394 0.03336 0.03277 0.03532 0.04441 0.06005 0.08086 0.10669 0.13785 0.17305 0.21097 0.25261 0.29842 0.34863 0.40307 0.46090 0.52130 0.58374 0.64811 0.71442 0.78257 0.85254 0.92424 0.99752 1.07224 1.14829 1.22554 1.30390 1.38328 1.46363 1.54485 1.62688 1.70963 1.79301 1.87691 1.96123 2.04586 2.13068 2.21579 2.30237 2.39375 2.49201 2.59581 2.70436 2.81676 2.93199 3.04907 3.16709 3.28527
0.05391 0.05398 0.05401 0.05399 0.05393 0.05382 0.05367 0.05348 0.05325 0.05298 0.05268 0.05234 0.05197 0.05194 0.05462 0.06388 0.08188 0.10728 0.13944 0.17832 0.22193 0.26760 0.31564 0.36754 0.42365 0.48442 0.54978 0.61919 0.69193 0.76731 0.84494 0.92464 1.00626 1.08965 1.17469 1.26130 1.34942 1.43900 1.52997 1.62221 1.71563 1.81012 1.90557 2.00189 2.09898 2.19674 2.29512 2.39403 2.49343 2.59324 2.69340 2.79384 2.89446 2.99518 3.09587 3.19701 3.30132 3.41333 3.53202 3.65569 3.78316 3.91306 4.04396 4.17446 4.30330 4.42938
0.07151 0.07187 0.07217 0.07242 0.07262 0.07277 0.07287 0.07310 0.07476 0.08121 0.09647 0.12216 0.15641 0.19854 0.24713 0.29925 0.35273 0.40902 0.46876 0.53204 0.59858 0.66845 0.74211 0.81988 0.90171 0.98733 1.07618 1.16764 1.26119 1.35651 1.45347 1.55202 1.65210 1.75365 1.85658 1.96081 2.06624 2.17280 2.28046 2.38910 2.49861 2.60891 2.71990 2.83150 2.94361 3.05617 3.16910 3.28234 3.39583 3.50951 3.62332 3.73719 3.85106 3.96485 4.07849 4.19301 4.31376 4.44317 4.57818 4.71716 4.85868 5.00121 5.14322 5.28315 5.41960 5.55133
0.09423 0.09507 0.09633 0.09973 0.10872 0.12740 0.15695 0.19569 0.24279 0.29640 0.35332 0.41196 0.47401 0.53970 0.60857 0.68005 0.75398 0.83059 0.91036 0.99373 1.08080 1.17152 1.26580 1.36347 1.46422 1.56768 1.67349 1.78129 1.89082 2.00186 2.11432 2.22812 2.34318 2.45945 2.57686 2.69532 2.81475 2.93507 3.05619 3.17809 3.30068 3.42385 3.54752 3.67160 3.79604 3.92075 4.04568 4.17075 4.29590 4.42106 4.54617 4.67118 4.79603 4.92065 5.04510 5.17134 5.30673 5.44979 5.59699 5.74689 5.89804 6.04893 6.19801 6.34379 6.48490 6.62012
0.15821 0.18896 0.22841 0.27580 0.32927 0.38574 0.44431 0.50657 0.57270 0.64240 0.71541 0.79166 0.87129 0.95439 1.04071 1.12985 1.22154 1.31584 1.41299 1.51327 1.61682 1.72360 1.83343 1.94606 2.06120 2.17853 2.29776 2.41867 2.54105 2.66477 2.78972 2.91584 3.04305 3.17129 3.30050 3.43059 3.56149 3.69312 3.82539 3.95822 4.09155 4.22534 4.35951 4.49397 4.62864 4.76345 4.89833 5.03321 5.16803 5.30272 5.43724 5.57151 5.70549 5.83909 5.97250 6.10943 6.25666 6.40950 6.56507 6.72205 6.87903 7.03463 7.18744 7.33613 7.47947 7.61635
0.40588 0.46070 0.51934 0.58195 0.64837 0.71848 0.79227 0.86995 0.95151 1.03670 1.12519 1.21679 1.31149 1.40928 1.51006 1.61361 1.71970 1.82827 1.93938 2.05314 2.16966 2.28893 2.41081 2.53512 2.66160 2.78998 2.92002 3.05153 3.18436 3.31838 3.45351 3.58968 3.72682 3.86487 4.00374 4.14336 4.28367 4.42457 4.56599 4.70786 4.85011 4.99266 5.13544 5.27841 5.42151 5.56465 5.70773 5.85072 5.99353 6.13612 6.27842 6.42036 6.56189 6.70296 6.84372 6.99025 7.14596 7.30517 7.46577 7.62654 7.78626 7.94370 8.09769 8.24710 8.39085 8.52800
0.70197 0.77032 0.84275 0.91920 0.99946 1.08332 1.17069 1.26163 1.35614 1.45408 1.55521 1.65933 1.76629 1.87600 1.98836 2.10324 2.22051 2.34011 2.46204 2.58635 2.71309 2.84223 2.97368 3.10728 3.24281 3.38005 3.51881 3.65890 3.80019 3.94258 4.08599 4.23034 4.37554 4.52155 4.66829 4.81569 4.96365 5.11213 5.26104 5.41032 5.55988 5.70965 5.85957 6.00956 6.15954 6.30946 6.45927 6.60891 6.75829 6.90737 7.05607 7.20433 7.35206 7.49929 7.64620 7.80053 7.96161 8.12433 8.28720 8.44920 8.60931 8.76654 8.91991 9.06851 9.21146 9.34796
1.01785 1.09843 1.18280 1.27091 1.36265 1.45781 1.55627 1.65797 1.76289 1.87093 1.98194 2.09578 2.21226 2.33127 2.45269 2.57642 2.70240 2.83057 2.96093 3.09349 3.22826 3.36521 3.50423 3.64518 3.78790 3.93220 4.07790 4.22486 4.37294 4.52205 4.67209 4.82300 4.97470 5.12713 5.28019 5.43384 5.58800 5.74260 5.89757 6.05284 6.20832 6.36396 6.51967 6.67537 6.83102 6.98654 7.14187 7.29693 7.45167 7.60602 7.75993 7.91331 8.06609 8.21835 8.37052 8.53028 8.69412 8.85807 9.02114 9.18252 9.34142 9.49706 9.64870 9.79559 9.93703 10.07235
1.33381 1.42443 1.51850 1.61599 1.71682 1.82085 1.92797 2.03808 2.15112 2.26699 2.38562 2.50688 2.63064 2.75678 2.88519 3.01580 3.14853 3.28336 3.42026 3.55923 3.70024 3.84325 3.98816 4.13484 4.28316 4.43296 4.58411 4.73644 4.88987 5.04427 5.19958 5.35569 5.51254 5.67005 5.82817 5.98682 6.14592 6.30543 6.46525 6.62532 6.78557 6.94591 7.10628 7.26661 7.42683 7.58687 7.74667 7.90616 8.06527 8.22393 8.38207 8.53964 8.69655 8.85287 9.00940 9.17233 9.33694 9.50050 9.66238 9.82199 9.97874 10.13204 10.28130 10.42598 10.56552 10.69942
1.63073 1.72927 1.83097 1.93579 2.04366 2.15451 2.26823 2.38474 2.50396 2.62582 2.75023 2.87711 3.00637 3.13790 3.27162 3.40745 3.54534 3.68525 3.82715 3.97101 4.11678 4.26442 4.41383 4.56490 4.71752 4.87155 5.02687 5.18336 5.34091 5.49941 5.65879 5.81894 5.97981 6.14132 6.30339 6.46597 6.62898 6.79235 6.95600 7.11988 7.28389 7.44797 7.61205 7.77606 7.93992 8.10358 8.26694 8.42996 8.59256 8.75466 8.91621 9.07714 9.23737 9.39693 9.55684 9.72110 9.88514 10.04728 10.20716 10.36441 10.51862 10.66939 10.81629 10.95888 11.09670 11.22924
