tests/data/gray99/saval2D/outputs/resuqv8.asc
north:     17.44
south:      0.00
east:      60.51
west:       0.00
rows:   68
cols:  236
[rows 29 to 57 of 68, columns 0 to 64 of 236]
0.00000 0.00000 0.00000 0.00000 0.00001 0.00002 0.00006 0.00012 0.00021 0.00033 0.00051 0.00075 0.00105 0.00144 0.00193 0.00252 0.00324 0.00411 0.00515 0.00637 0.00779 0.00946 0.01138 0.01359 0.01611 0.01897 0.02221 0.02585 0.02990 0.03440 0.03935 0.04476 0.05063 0.05693 0.06364 0.07071 0.07809 0.08570 0.09344 0.10122 0.10894 0.11649 0.12378 0.13071 0.13720 0.14318 0.14853 0.15316 0.15700 0.16004 0.16230 0.16380 0.16459 0.16469 0.16409 0.16275 0.16066 0.15785 0.15437 0.15030 0.14575 0.14078 0.13544 0.12976 0.12371
0.00000 0.00000 0.00000 0.00000 0.00001 0.00002 0.00005 0.00010 0.00018 0.00028 0.00043 0.00062 0.00087 0.00119 0.00158 0.00207 0.00266 0.00337 0.00422 0.00522 0.00640 0.00776 0.00935 0.01117 0.01325 0.01561 0.01827 0.02126 0.02458 0.02824 0.03226 0.03663 0.04134 0.04636 0.05168 0.05724 0.06300 0.06890 0.07486 0.08080 0.08666 0.09236 0.09782 0.10298 0.10780 0.11221 0.11617 0.11960 0.12249 0.12480 0.12655 0.12776 0.12846 0.12868 0.12843 0.12769 0.12647 0.12476 0.12259 0.12000 0.11703 0.11375 0.11020 0.10640 0.10236
0.00000 0.00000 0.00000 0.00000 0.00001 0.00002 0.00004 0.00008 0.00013 0.00020 0.00030 0.00044 0.00061 0.00083 0.00111 0.00144 0.00185 0.00235 0.00294 0.00363 0.00445 0.00540 0.00650 0.00776 0.00919 0.01082 0.01265 0.01468 0.01695 0.01943 0.02214 0.02507 0.02821 0.03155 0.03506 0.03872 0.04249 0.04633 0.05020 0.05405 0.05784 0.06152 0.06506 0.06843 0.07160 0.07453 0.07721 0.07961 0.08170 0.08350 0.08499 0.08620 0.08713 0.08781 0.08824 0.08843 0.08836 0.08803 0.08744 0.08661 0.08556 0.08432 0.08290 0.08133 0.07962
0.00000 0.00000 0.00000 0.00000 0.00000 0.00001 0.00002 0.00004 0.00006 0.00010 0.00015 0.00021 0.00029 0.00040 0.00052 0.00068 0.00087 0.00110 0.00138 0.00170 0.00208 0.00251 0.00301 0.00358 0.00422 0.00494 0.00575 0.00665 0.00763 0.00870 0.00985 0.01108 0.01239 0.01377 0.01522 0.01672 0.01827 0.01984 0.02142 0.02300 0.02457 0.02614 0.02768 0.02922 0.03074 0.03223 0.03370 0.03513 0.03653 0.03791 0.03926 0.04061 0.04196 0.04330 0.04463 0.04593 0.04719 0.04839 0.04953 0.05061 0.05165 0.05265 0.05361 0.05451 0.05535
0.00000 -0.00000 -0.00000 -0.00000 -0.00000 -0.00000 -0.00000 -0.00001 -0.00001 -0.00002 -0.00003 -0.00005 -0.00007 -0.00009 -0.00012 -0.00016 -0.00021 -0.00027 -0.00034 -0.00043 -0.00053 -0.00066 -0.00081 -0.00099 -0.00120 -0.00145 -0.00175 -0.00210 -0.00250 -0.00295 -0.00346 -0.00402 -0.00464 -0.00532 -0.00605 -0.00682 -0.00761 -0.00840 -0.00917 -0.00990 -0.01057 -0.01114 -0.01160 -0.01193 -0.01209 -0.01205 -0.01179 -0.01129 -0.01053 -0.00951 -0.00823 -0.00670 -0.00493 -0.00292 -0.00069 0.00176 0.00439 0.00719 0.01014 0.01322 0.01640 0.01966 0.02301 0.02643 0.02991
0.00000 -0.00000 -0.00000 -0.00000 -0.00000 -0.00001 -0.00003 -0.00005 -0.00009 -0.00014 -0.00021 -0.00031 -0.00043 -0.00058 -0.00077 -0.00100 -0.00129 -0.00163 -0.00204 -0.00254 -0.00311 -0.00379 -0.00458 -0.00550 -0.00655 -0.00776 -0.00913 -0.01068 -0.01242 -0.01435 -0.01647 -0.01879 -0.02130 -0.02398 -0.02681 -0.02976 -0.03280 -0.03587 -0.03893 -0.04193 -0.04479 -0.04747 -0.04991 -0.05205 -0.05383 -0.05522 -0.05616 -0.05662 -0.05656 -0.05597 -0.05485 -0.05319 -0.05104 -0.04841 -0.04533 -0.04184 -0.03795 -0.03369 -0.02907 -0.02413 -0.01889 -0.01339 -0.00767 -0.00176 0.00430
0.00000 -0.00000 -0.00000 -0.00000 -0.00001 -0.00002 -0.00005 -0.00010 -0.00016 -0.00025 -0.00038 -0.00054 -0.00075 -0.00102 -0.00136 -0.00177 -0.00227 -0.00287 -0.00359 -0.00444 -0.00544 -0.00660 -0.00795 -0.00951 -0.01130 -0.01335 -0.01566 -0.01826 -0.02117 -0.02440 -0.02795 -0.03182 -0.03600 -0.04046 -0.04519 -0.05012 -0.05520 -0.06037 -0.06555 -0.07065 -0.07559 -0.08027 -0.08461 -0.08852 -0.09195 -0.09480 -0.09701 -0.09851 -0.09925 -0.09920 -0.09836 -0.09676 -0.09443 -0.09141 -0.08773 -0.08343 -0.07850 -0.07297 -0.06687 -0.06023 -0.05311 -0.04558 -0.03771 -0.02956 -0.02116
0.00000 -0.00000 -0.00000 -0.00000 -0.00001 -0.00003 -0.00007 -0.00013 -0.00021 -0.00034 -0.00051 -0.00073 -0.00102 -0.00139 -0.00184 -0.00240 -0.00308 -0.00388 -0.00485 -0.00598 -0.00731 -0.00885 -0.01064 -0.01270 -0.01505 -0.01773 -0.02076 -0.02417 -0.02797 -0.03220 -0.03685 -0.04193 -0.04744 -0.05333 -0.05959 -0.06616 -0.07297 -0.07994 -0.08697 -0.09396 -0.10079 -0.10736 -0.11354 -0.11924 -0.12435 -0.12877 -0.13238 -0.13507 -0.13680 -0.13752 -0.13724 -0.13600 -0.13385 -0.13082 -0.12694 -0.12218 -0.11654 -0.11004 -0.10272 -0.09466 -0.08596 -0.07672 -0.06704 -0.05698 -0.04658
0.00000 -0.00000 -0.00000 -0.00000 -0.00001 -0.00003 -0.00007 -0.00014 -0.00025 -0.00040 -0.00060 -0.00087 -0.00122 -0.00166 -0.00220 -0.00286 -0.00366 -0.00462 -0.00575 -0.00708 -0.00863 -0.01042 -0.01249 -0.01487 -0.01757 -0.02065 -0.02411 -0.02800 -0.03235 -0.03717 -0.04249 -0.04831 -0.05464 -0.06146 -0.06874 -0.07644 -0.08449 -0.09281 -0.10131 -0.10987 -0.11835 -0.12664 -0.13459 -0.14208 -0.14898 -0.15513 -0.16035 -0.16450 -0.16752 -0.16937 -0.17009 -0.16972 -0.16830 -0.16584 -0.16228 -0.15755 -0.15161 -0.14453 -0.13639 -0.12736 -0.11756 -0.10715 -0.09619 -0.08473 -0.07278
0.00000 -0.00000 -0.00000 -0.00000 -0.00001 -0.00003 -0.00008 -0.00015 -0.00027 -0.00043 -0.00066 -0.00096 -0.00134 -0.00182 -0.00242 -0.00315 -0.00402 -0.00506 -0.00629 -0.00773 -0.00940 -0.01132 -0.01353 -0.01605 -0.01890 -0.02212 -0.02574 -0.02979 -0.03429 -0.03926 -0.04475 -0.05075 -0.05729 -0.06436 -0.07195 -0.08006 -0.08863 -0.09762 -0.10696 -0.11653 -0.12623 -0.13592 -0.14547 -0.15472 -0.16352 -0.17161 -0.17871 -0.18469 -0.18947 -0.19306 -0.19545 -0.19670 -0.19684 -0.19576 -0.19321 -0.18906 -0.18337 -0.17628 -0.16799 -0.15871 -0.14865 -0.13788 -0.12642 -0.11420 -0.10119
0.00000 -0.00000 -0.00000 -0.00000 -0.00001 -0.00003 -0.00007 -0.00015 -0.00027 -0.00044 -0.00068 -0.00099 -0.00139 -0.00190 -0.00252 -0.00328 -0.00419 -0.00526 -0.00653 -0.00800 -0.00971 -0.01166 -0.01388 -0.01641 -0.01925 -0.02243 -0.02597 -0.02990 -0.03424 -0.03899 -0.04419 -0.04984 -0.05595 -0.06254 -0.06963 -0.07721 -0.08532 -0.09395 -0.10312 -0.11283 -0.12302 -0.13362 -0.14447 -0.15537 -0.16593 -0.17601 -0.18512 -0.19324 -0.20033 -0.20639 -0.21138 -0.21529 -0.21815 -0.21949 -0.21875 -0.21595 -0.21135 -0.20525 -0.19796 -0.18971 -0.18074 -0.17082 -0.15974 -0.14740 -0.13381
0.00000 -0.00000 -0.00000 -0.00000 -0.00000 -0.00002 -0.00007 -0.00014 -0.00026 -0.00043 -0.00067 -0.00099 -0.00139 -0.00190 -0.00253 -0.00330 -0.00422 -0.00530 -0.00658 -0.00806 -0.00976 -0.01171 -0.01392 -0.01641 -0.01920 -0.02231 -0.02575 -0.02954 -0.03368 -0.03820 -0.04309 -0.04835 -0.05400 -0.06001 -0.06639 -0.07313 -0.08020 -0.08761 -0.09534 -0.10336 -0.11168 -0.12026 -0.12912 -0.13823 -0.14763 -0.15733 -0.16799 -0.17948 -0.19149 -0.20354 -0.21495 -0.22491 -0.23253 -0.23778 -0.23961 -0.23896 -0.23654 -0.23283 -0.22814 -0.22266 -0.21658 -0.20865 -0.19858 -0.18655 -0.17293
0.00000 -0.00000 -0.00000 -0.00000 -0.00000 -0.00002 -0.00006 -0.00013 -0.00024 -0.00041 -0.00064 -0.00095 -0.00135 -0.00185 -0.00248 -0.00324 -0.00414 -0.00522 -0.00648 -0.00793 -0.00960 -0.01151 -0.01366 -0.01608 -0.01877 -0.02176 -0.02504 -0.02863 -0.03254 -0.03677 -0.04131 -0.04617 -0.05133 -0.05679 -0.06255 -0.06857 -0.07486 -0.08139 -0.08814 -0.09511 -0.10228 -0.10963 -0.11716 -0.12486 -0.13271 -0.14070 -0.14885 -0.15713 -0.16555 -0.17409 -0.18276 -0.19156 -0.20047 -0.20909 -0.21960 -0.23110 -0.24243 -0.25236 -0.25966 -0.26324 -0.26404 -0.25903 -0.24992 -0.23826 -0.22513
0.00000 -0.00000 -0.00000 -0.00000 -0.00000 -0.00001 -0.00005 -0.00011 -0.00021 -0.00037 -0.00059 -0.00088 -0.00127 -0.00175 -0.00235 -0.00309 -0.00397 -0.00501 -0.00622 -0.00763 -0.00924 -0.01107 -0.01314 -0.01545 -0.01801 -0.02083 -0.02393 -0.02729 -0.03093 -0.03484 -0.03902 -0.04345 -0.04814 -0.05306 -0.05820 -0.06355 -0.06910 -0.07482 -0.08070 -0.08673 -0.09289 -0.09917 -0.10556 -0.11206 -0.11865 -0.12534 -0.13211 -0.13895 -0.14587 -0.15285 -0.15989 -0.16699 -0.17413 -0.18132 -0.18855 -0.19581 -0.20310 -0.21041 -0.21775 -0.22511 -0.23027 -0.23775 -0.24649 -0.25516 -0.26245
0.00000 -0.00000 -0.00000 -0.00000 -0.00000 -0.00001 -0.00003 -0.00008 -0.00018 -0.00031 -0.00052 -0.00079 -0.00115 -0.00161 -0.00217 -0.00287 -0.00371 -0.00470 -0.00585 -0.00719 -0.00872 -0.01046 -0.01241 -0.01458 -0.01699 -0.01963 -0.02251 -0.02563 -0.02898 -0.03257 -0.03637 -0.04039 -0.04460 -0.04900 -0.05356 -0.05828 -0.06314 -0.06812 -0.07320 -0.07839 -0.08365 -0.08899 -0.09440 -0.09986 -0.10538 -0.11094 -0.11655 -0.12218 -0.12785 -0.13353 -0.13923 -0.14494 -0.15065 -0.15635 -0.16204 -0.16772 -0.17338 -0.17901 -0.18461 -0.19017 -0.19570 -0.20119 -0.20665 -0.21206 -0.21744
0.00000 -0.00000 -0.00000 -0.00000 -0.00000 -0.00000 -0.00002 -0.00006 -0.00014 -0.00026 -0.00043 -0.00068 -0.00101 -0.00143 -0.00196 -0.00261 -0.00339 -0.00431 -0.00540 -0.00665 -0.00809 -0.00971 -0.01153 -0.01356 -0.01579 -0.01824 -0.02089 -0.02375 -0.02681 -0.03006 -0.03350 -0.03710 -0.04086 -0.04475 -0.04877 -0.05290 -0.05712 -0.06142 -0.06579 -0.07022 -0.07469 -0.07920 -0.08374 -0.08831 -0.09290 -0.09750 -0.10211 -0.10672 -0.11133 -0.11592 -0.12049 -0.12504 -0.12956 -0.13404 -0.13848 -0.14287 -0.14720 -0.15147 -0.15567 -0.15981 -0.16388 -0.16788 -0.17180 -0.17565 -0.17942
0.00000 -0.00000 0.00000 -0.00000 -0.00000 -0.00000 -0.00001 -0.00004 -0.00010 -0.00020 -0.00035 -0.00056 -0.00086 -0.00124 -0.00172 -0.00231 -0.00303 -0.00388 -0.00489 -0.00605 -0.00737 -0.00888 -0.01056 -0.01242 -0.01448 -0.01671 -0.01913 -0.02173 -0.02449 -0.02742 -0.03049 -0.03369 -0.03701 -0.04043 -0.04394 -0.04752 -0.05115 -0.05484 -0.05856 -0.06231 -0.06608 -0.06986 -0.07365 -0.07744 -0.08123 -0.08501 -0.08877 -0.09251 -0.09622 -0.09989 -0.10352 -0.10711 -0.11064 -0.11411 -0.11751 -0.12084 -0.12409 -0.12726 -0.13034 -0.13334 -0.13624 -0.13905 -0.14177 -0.14439 -0.14692
0.00000 -0.00000 -0.00000 0.00000 -0.00000 0.00000 -0.00000 -0.00002 -0.00006 -0.00014 -0.00026 -0.00045 -0.00070 -0.00104 -0.00147 -0.00200 -0.00265 -0.00343 -0.00434 -0.00540 -0.00661 -0.00799 -0.00952 -0.01122 -0.01308 -0.01511 -0.01729 -0.01963 -0.02210 -0.02470 -0.02741 -0.03023 -0.03313 -0.03611 -0.03914 -0.04221 -0.04532 -0.04845 -0.05159 -0.05474 -0.05789 -0.06103 -0.06417 -0.06729 -0.07038 -0.07346 -0.07650 -0.07950 -0.08245 -0.08535 -0.08820 -0.09098 -0.09369 -0.09632 -0.09887 -0.10134 -0.10371 -0.10600 -0.10818 -0.11026 -0.11224 -0.11412 -0.11589 -0.11756 -0.11912
0.00000 -0.00000 -0.00000 -0.00000 -0.00000 -0.00000 -0.00000 -0.00001 -0.00003 -0.00009 -0.00019 -0.00034 -0.00055 -0.00084 -0.00122 -0.00169 -0.00227 -0.00296 -0.00378 -0.00474 -0.00583 -0.00707 -0.00845 -0.00998 -0.01166 -0.01347 -0.01542 -0.01749 -0.01968 -0.02197 -0.02434 -0.02679 -0.02930 -0.03186 -0.03445 -0.03706 -0.03968 -0.04231 -0.04494 -0.04756 -0.05016 -0.05275 -0.05532 -0.05786 -0.06037 -0.06284 -0.06527 -0.06765 -0.06997 -0.07222 -0.07441 -0.07652 -0.07856 -0.08051 -0.08236 -0.08413 -0.08580 -0.08736 -0.08883 -0.09019 -0.09144 -0.09259 -0.09363 -0.09456 -0.09538
0.00000 0.00000 -0.00000 -0.00000 -0.00000 -0.00000 -0.00000 -0.00000 -0.00001 -0.00005 -0.00012 -0.00024 -0.00041 -0.00066 -0.00098 -0.00138 -0.00189 -0.00250 -0.00323 -0.00408 -0.00505 -0.00615 -0.00739 -0.00875 -0.01023 -0.01184 -0.01355 -0.01537 -0.01728 -0.01927 -0.02132 -0.02343 -0.02557 -0.02774 -0.02993 -0.03212 -0.03431 -0.03649 -0.03866 -0.04082 -0.04295 -0.04506 -0.04714 -0.04919 -0.05120 -0.05316 -0.05507 -0.05692 -0.05871 -0.06042 -0.06207 -0.06363 -0.06511 -0.06650 -0.06780 -0.06900 -0.07010 -0.07110 -0.07200 -0.07279 -0.07348 -0.07407 -0.07455 -0.07493 -0.07519
0.00000 -0.00000 -0.00000 -0.00000 -0.00000 -0.00000 -0.00000 -0.00000 -0.00000 -0.00002 -0.00007 -0.00016 -0.00029 -0.00049 -0.00075 -0.00110 -0.00153 -0.00206 -0.00270 -0.00344 -0.00429 -0.00526 -0.00634 -0.00754 -0.00884 -0.01024 -0.01173 -0.01331 -0.01495 -0.01666 -0.01841 -0.02019 -0.02199 -0.02381 -0.02563 -0.02744 -0.02925 -0.03104 -0.03281 -0.03456 -0.03629 -0.03799 -0.03965 -0.04128 -0.04286 -0.04440 -0.04587 -0.04728 -0.04862 -0.04989 -0.05109 -0.05220 -0.05323 -0.05417 -0.05501 -0.05576 -0.05642 -0.05698 -0.05744 -0.05780 -0.05806 -0.05823 -0.05830 -0.05826 -0.05813
0.00000 -0.00000 -0.00000 -0.00000 -0.00000 -0.00000 -0.00000 -0.00000 -0.00000 -0.00001 -0.00003 -0.00009 -0.00019 -0.00034 -0.00056 -0.00084 -0.00120 -0.00165 -0.00219 -0.00283 -0.00357 -0.00441 -0.00534 -0.00637 -0.00749 -0.00870 -0.00998 -0.01132 -0.01272 -0.01416 -0.01562 -0.01711 -0.01861 -0.02010 -0.02159 -0.02308 -0.02454 -0.02599 -0.02742 -0.02882 -0.03020 -0.03155 -0.03286 -0.03413 -0.03536 -0.03653 -0.03764 -0.03869 -0.03966 -0.04056 -0.04139 -0.04214 -0.04281 -0.04339 -0.04387 -0.04428 -0.04459 -0.04481 -0.04494 -0.04498 -0.04493 -0.04479 -0.04457 -0.04425 -0.04385
0.00000 -0.00000 -0.00000 -0.00000 -0.00000 -0.00000 -0.00000 -0.00000 -0.00000 -0.00000 -0.00001 -0.00004 -0.00011 -0.00022 -0.00039 -0.00061 -0.00091 -0.00128 -0.00173 -0.00227 -0.00289 -0.00360 -0.00440 -0.00527 -0.00623 -0.00725 -0.00832 -0.00945 -0.01062 -0.01181 -0.01302 -0.01423 -0.01545 -0.01667 -0.01787 -0.01906 -0.02023 -0.02139 -0.02252 -0.02363 -0.02471 -0.02577 -0.02678 -0.02776 -0.02868 -0.02956 -0.03036 -0.03110 -0.03177 -0.03238 -0.03292 -0.03338 -0.03376 -0.03405 -0.03426 -0.03440 -0.03446 -0.03443 -0.03432 -0.03413 -0.03386 -0.03353 -0.03311 -0.03261 -0.03205
0.00000 -0.00000 -0.00000 0.00000 -0.00000 -0.00000 -0.00000 -0.00000 -0.00000 -0.00000 -0.00000 -0.00001 -0.00006 -0.00013 -0.00025 -0.00042 -0.00065 -0.00095 -0.00132 -0.00176 -0.00228 -0.00287 -0.00353 -0.00426 -0.00505 -0.00590 -0.00679 -0.00772 -0.00867 -0.00964 -0.01061 -0.01159 -0.01256 -0.01353 -0.01448 -0.01542 -0.01635 -0.01725 -0.01814 -0.01900 -0.01984 -0.02064 -0.02141 -0.02214 -0.02282 -0.02344 -0.02400 -0.02449 -0.02492 -0.02529 -0.02559 -0.02583 -0.02599 -0.02607 -0.02608 -0.02602 -0.02590 -0.02570 -0.02543 -0.02509 -0.02469 -0.02424 -0.02372 -0.02313 -0.02249
0.00000 0.00000 -0.00000 -0.00000 -0.00000 -0.00000 -0.00000 -0.00000 -0.00000 -0.00000 -0.00000 -0.00000 -0.00002 -0.00006 -0.00014 -0.00027 -0.00044 -0.00067 -0.00096 -0.00131 -0.00173 -0.00221 -0.00275 -0.00334 -0.00399 -0.00467 -0.00539 -0.00614 -0.00690 -0.00767 -0.00844 -0.00921 -0.00997 -0.01072 -0.01146 -0.01219 -0.01290 -0.01360 -0.01428 -0.01494 -0.01557 -0.01617 -0.01673 -0.01726 -0.01774 -0.01815 -0.01851 -0.01880 -0.01904 -0.01923 -0.01936 -0.01943 -0.01942 -0.01935 -0.01921 -0.01903 -0.01880 -0.01850 -0.01813 -0.01771 -0.01725 -0.01675 -0.01620 -0.01559 -0.01495
0.00000 -0.00000 -0.00000 -0.00000 -0.00000 -0.00000 -0.00000 -0.00000 -0.00000 -0.00000 -0.00000 -0.00000 -0.00000 -0.00002 -0.00007 -0.00015 -0.00027 -0.00044 -0.00066 -0.00093 -0.00126 -0.00163 -0.00206 -0.00253 -0.00304 -0.00358 -0.00415 -0.00473 -0.00532 -0.00592 -0.00651 -0.00710 -0.00768 -0.00825 -0.00882 -0.00937 -0.00992 -0.01044 -0.01095 -0.01144 -0.01190 -0.01233 -0.01273 -0.01309 -0.01341 -0.01366 -0.01386 -0.01399 -0.01409 -0.01414 -0.01415 -0.01410 -0.01398 -0.01380 -0.01358 -0.01333 -0.01305 -0.01269 -0.01228 -0.01184 -0.01139 -0.01091 -0.01038 -0.00980 -0.00922
0.00000 -0.00000 -0.00000 -0.00000 -0.00000 0.00000 -0.00000 -0.00000 -0.00000 -0.00000 -0.00000 -0.00000 -0.00000 -0.00000 -0.00002 -0.00007 -0.00015 -0.00026 -0.00042 -0.00062 -0.00086 -0.00115 -0.00147 -0.00184 -0.00223 -0.00264 -0.00307 -0.00351 -0.00396 -0.00440 -0.00484 -0.00528 -0.00572 -0.00614 -0.00656 -0.00698 -0.00738 -0.00777 -0.00814 -0.00849 -0.00881 -0.00911 -0.00938 -0.00961 -0.00979 -0.00992 -0.00999 -0.01001 -0.01000 -0.00997 -0.00991 -0.00978 -0.00959 -0.00935 -0.00909 -0.00883 -0.00853 -0.00817 -0.00776 -0.00735 -0.00695 -0.00654 -0.00607 -0.00556 -0.00509
0.00000 -0.00000 -0.00000 -0.00000 -0.00000 -0.00000 0.00000 0.00000 -0.00000 -0.00000 -0.00000 -0.00000 -0.00000 -0.00000 -0.00000 -0.00002 -0.00007 -0.00014 -0.00024 -0.00038 -0.00055 -0.00075 -0.00099 -0.00126 -0.00154 -0.00185 -0.00216 -0.00248 -0.00280 -0.00312 -0.00344 -0.00376 -0.00407 -0.00438 -0.00469 -0.00499 -0.00528 -0.00555 -0.00581 -0.00605 -0.00627 -0.00646 -0.00663 -0.00676 -0.00684 -0.00687 -0.00685 -0.00680 -0.00673 -0.00665 -0.00654 -0.00638 -0.00614 -0.00589 -0.00564 -0.00540 -0.00513 -0.00479 -0.00442 -0.00408 -0.00377 -0.00346 -0.00308 -0.00268 -0.00233
0.00000 -0.00000 -0.00000 -0.00000 -0.00000 -0.00000 -0.00000 -0.00000 -0.00000 -0.00000 -0.00000 -0.00000 -0.00000 -0.00000 -0.00000 -0.00000 -0.00002 -0.00005 -0.00011 -0.00020 -0.00031 -0.00045 -0.00061 -0.00080 -0.00099 -0.00120 -0.00142 -0.00164 -0.00187 -0.00209 -0.00231 -0.00253 -0.00275 -0.00297 -0.00318 -0.00339 -0.00359 -0.00378 -0.00395 -0.00410 -0.00423 -0.00435 -0.00444 -0.00449 -0.00451 -0.00447 -0.00439 -0.00430 -0.00420 -0.00411 -0.00399 -0.00381 -0.00357 -0.00333 -0.00313 -0.00294 -0.00272 -0.00244 -0.00213 -0.00188 -0.00169 -0.00148 -0.00121 -0.00093 -0.00073
