tests/data/gray99/saval2D/outputs/resuqu10.asc
north:     17.44
south:      0.00
east:      60.51
west:       0.00
rows:   68
cols:  236
[rows 0 to 28 of 68, columns 132 to 197 of 236]
0.00000 0.00000 0.00000 0.00000 0.00000 0.00000 0.00000 0.00000 0.00000 0.00000 0.00000 0.00000 0.00000 0.00000 0.00000 0.00000 0.00000 0.00000 0.00000 0.00000 0.00000 0.00000 0.00000 0.00000 0.00000 0.00000 0.00000 0.00000 0.00000 0.00000 0.00000 0.00000 0.00000 0.00000 0.00000 0.00000 0.00000 0.00000 0.00000 0.00000 0.00000 0.00000 0.00000 0.00000 0.00000 0.00000 0.00000 0.00000 0.00000 0.00000 0.00000 0.00000 0.00000 0.00000 0.00000 0.00000 0.00000 0.00000 0.00000 0.00000 0.00000 0.00000 0.00000 0.00000 0.00000 0.00000
0.00000 0.00000 0.00000 0.00000 0.00000 0.00000 0.00000 0.00000 0.00000 0.00000 0.00000 0.00000 0.00000 0.00000 0.00000 0.00000 0.00000 0.00000 0.00000 0.00000 0.00000 0.00000 0.00000 0.00000 0.00000 0.00000 0.00000 0.00000 0.00000 0.00000 0.00001 0.00001 0.00001 0.00001 0.00001 0.00001 0.00001 0.00000 0.00000 0.00000 0.00000 0.00000 0.00000 -0.00000 0.00000 0.00000 -0.00000 0.00000 -0.00000 0.00000 -0.00000 0.00000 -0.00000 0.00000 -0.00000 0.00000 -0.00000 0.00000 -0.00000 0.00000 -0.00000 -0.00000 0.00000 -0.00000 0.00000 0.00000
0.00000 0.00000 0.00000 0.00000 0.00000 0.00000 0.00000 0.00000 0.00000 0.00000 0.00000 0.00000 0.00000 0.00000 0.00000 0.00000 0.00000 0.00000 0.00000 0.00000 0.00000 0.00000 0.00000 0.00000 0.00000 0.00001 0.00004 0.00010 0.00022 0.00038 0.00057 0.00075 0.00088 0.00092 0.00087 0.00073 0.00055 0.00035 0.00019 0.00009 0.00003 0.00001 0.00000 0.00000 0.00000 0.00000 0.00000 -0.00000 -0.00000 0.00000 -0.00000 0.00000 -0.00000 0.00000 -0.00000 -0.00000 -0.00000 0.00000 -0.00000 0.00000 -0.00000 0.00000 0.00000 -0.00000 -0.00000 0.00000
0.00000 0.00000 0.00000 0.00000 0.00000 0.00000 0.00000 0.00000 0.00000 0.00000 0.00000 0.00000 0.00000 0.00000 0.00000 0.00000 0.00000 0.00000 0.00000 0.00000 0.00000 0.00000 0.00000 0.00003 0.00017 0.00056 0.00134 0.00256 0.00417 0.00603 0.00795 0.00966 0.01095 0.01161 0.01153 0.01070 0.00921 0.00728 0.00521 0.00330 0.00180 0.00080 0.00028 0.00007 0.00001 0.00000 0.00000 0.00000 -0.00000 0.00000 -0.00000 0.00000 -0.00000 -0.00000 0.00000 -0.00000 0.00000 -0.00000 -0.00000 0.00000 -0.00000 0.00000 -0.00000 0.00000 -0.00000 0.00000
0.00000 0.00000 0.00000 0.00000 0.00000 0.00000 0.00000 0.00000 0.00000 0.00000 0.00000 0.00000 0.00000 0.00000 0.00000 0.00000 0.00000 0.00000 0.00000 0.00000 0.00000 0.00005 0.00032 0.00125 0.00334 0.00691 0.01203 0.01844 0.02573 0.03342 0.04093 0.04767 0.05307 0.05665 0.05799 0.05683 0.05314 0.04713 0.03929 0.03040 0.02147 0.01350 0.00731 0.00325 0.00110 0.00026 0.00004 0.00000 0.00000 0.00000 0.00000 -0.00000 -0.00000 0.00000 -0.00000 -0.00000 -0.00000 0.00000 -0.00000 0.00000 0.00000 -0.00000 -0.00000 0.00000 -0.00000 0.00000
0.00000 0.00000 0.00000 0.00000 0.00000 0.00000 0.00000 0.00000 0.00000 0.00000 0.00000 0.00000 0.00000 0.00000 0.00000 0.00000 0.00000 0.00000 0.00000 0.00005 0.00041 0.00178 0.00520 0.01153 0.02100 0.03345 0.04857 0.06547 0.08334 0.10134 0.11864 0.13439 0.14780 0.15806 0.16445 0.16632 0.16319 0.15478 0.14116 0.12287 0.10101 0.07732 0.05403 0.03353 0.01779 0.00763 0.00244 0.00051 0.00006 0.00000 0.00000 0.00000 0.00000 -0.00000 0.00000 0.00000 -0.00000 -0.00000 0.00000 -0.00000 -0.00000 0.00000 -0.00000 0.00000 -0.00000 0.00000
0.00000 0.00000 0.00000 0.00000 0.00000 0.00000 0.00000 0.00000 0.00000 0.00000 0.00000 0.00000 0.00000 0.00000 0.00000 0.00000 0.00000 0.00005 0.00044 0.00210 0.00649 0.01505 0.02864 0.04712 0.06965 0.09549 0.12411 0.15436 0.18520 0.21566 0.24482 0.27177 0.29564 0.31554 0.33055 0.33979 0.34234 0.33740 0.32427 0.30254 0.27230 0.23436 0.19059 0.14404 0.09887 0.05969 0.03027 0.01205 0.00339 0.00058 0.00005 0.00000 0.00000 0.00000 0.00000 0.00000 -0.00000 -0.00000 0.00000 -0.00000 0.00000 -0.00000 0.00000 0.00000 -0.00000 0.00000
0.00000 0.00000 0.00000 0.00000 0.00000 0.00000 0.00000 0.00000 0.00000 0.00000 0.00000 0.00000 0.00000 0.00000 0.00000 0.00005 0.00047 0.00233 0.00744 0.01763 0.03423 0.05764 0.08738 0.12212 0.16020 0.20071 0.24319 0.28666 0.33013 0.37267 0.41339 0.45145 0.48600 0.51619 0.54111 0.55983 0.57132 0.57451 0.56826 0.55145 0.52307 0.48243 0.42947 0.36528 0.29265 0.21653 0.14391 0.08259 0.03864 0.01351 0.00307 0.00036 0.00002 0.00000 0.00000 0.00000 -0.00000 0.00000 -0.00000 0.00000 0.00000 -0.00000 0.00000 0.00000 -0.00000 0.00000
0.00000 0.00000 0.00000 0.00000 0.00000 0.00000 0.00000 0.00000 0.00000 0.00000 0.00000 0.00000 0.00000 0.00005 0.00051 0.00262 0.00845 0.02013 0.03924 0.06648 0.10170 0.14398 0.19188 0.24348 0.29701 0.35150 0.40666 0.46184 0.51630 0.56925 0.61994 0.66759 0.71146 0.75078 0.78472 0.81243 0.83294 0.84522 0.84807 0.84019 0.82013 0.78637 0.73744 0.67223 0.59053 0.49383 0.38636 0.27596 0.17375 0.09166 0.03756 0.01061 0.00170 0.00011 0.00000 0.00000 0.00000 0.00000 -0.00000 0.00000 0.00000 -0.00000 0.00000 -0.00000 0.00000 -0.00000
0.00000 0.00000 0.00000 0.00000 0.00000 0.00000 0.00000 0.00000 0.00000 0.00000 0.00000 0.00007 0.00066 0.00318 0.00998 0.02345 0.04529 0.07631 0.11650 0.16509 0.22084 0.28220 0.34743 0.41468 0.48229 0.54935 0.61572 0.68096 0.74458 0.80602 0.86468 0.91993 0.97112 1.01757 1.05858 1.09338 1.12113 1.14092 1.15170 1.15228 1.14126 1.11703 1.07775 1.02139 0.94593 0.84980 0.73273 0.59717 0.44999 0.30371 0.17533 0.08086 0.02680 0.00536 0.00048 0.00001 0.00000 0.00000 0.00000 0.00000 -0.00000 -0.00000 0.00000 -0.00000 -0.00000 0.00000
0.00000 0.00000 0.00000 0.00000 0.00000 0.00000 0.00000 0.00000 0.00001 0.00014 0.00103 0.00441 0.01282 0.02881 0.05420 0.08981 0.13556 0.19068 0.25395 0.32391 0.39895 0.47750 0.55797 0.63879 0.71852 0.79645 0.87240 0.94608 1.01717 1.08530 1.15003 1.21087 1.26729 1.31874 1.36460 1.40421 1.43685 1.46173 1.47797 1.48454 1.48028 1.46379 1.43341 1.38713 1.32259 1.23714 1.12809 0.99351 0.83362 0.65319 0.46414 0.28655 0.14424 0.05372 0.01264 0.00142 0.00005 0.00000 0.00000 0.00000 0.00000 -0.00000 0.00000 -0.00000 0.00000 0.00000
0.00000 0.00000 0.00000 0.00000 0.00000 0.00000 0.00003 0.00035 0.00199 0.00710 0.01842 0.03846 0.06896 0.11065 0.16333 0.22610 0.29770 0.37658 0.46115 0.54987 0.64132 0.73414 0.82708 0.91885 1.00837 1.09504 1.17866 1.25902 1.33590 1.40901 1.47803 1.54261 1.60234 1.65676 1.70536 1.74758 1.78280 1.81035 1.82946 1.83929 1.83885 1.82699 1.80236 1.76329 1.70773 1.63315 1.53649 1.41429 1.26322 1.08143 0.87114 0.64246 0.41649 0.22343 0.09047 0.02385 0.00316 0.00013 0.00000 0.00000 0.00000 -0.00000 0.00000 -0.00000 0.00000 0.00000
0.00000 0.00000 0.00000 0.00002 0.00019 0.00120 0.00470 0.01328 0.02977 0.05648 0.09482 0.14519 0.20711 0.27947 0.36077 0.44940 0.54380 0.64255 0.74430 0.84776 0.95178 1.05534 1.15751 1.25730 1.35386 1.44672 1.53575 1.62075 1.70152 1.77782 1.84941 1.91600 1.97725 2.03279 2.08222 2.12505 2.16078 2.18881 2.20849 2.21910 2.21979 2.20963 2.18750 2.15206 2.10167 2.03427 1.94726 1.83732 1.70045 1.53228 1.32920 1.09103 0.82553 0.55367 0.31039 0.13303 0.03781 0.00557 0.00027 0.00000 0.00000 0.00000 0.00000 0.00000 -0.00000 0.00000
0.00004 0.00030 0.00142 0.00486 0.01295 0.02847 0.05399 0.09135 0.14141 0.20409 0.27852 0.36333 0.45679 0.55712 0.66263 0.77179 0.88328 0.99601 1.10909 1.22178 1.33345 1.44343 1.55102 1.65544 1.75600 1.85228 1.94412 2.03137 2.11385 2.19135 2.26364 2.33044 2.39149 2.44644 2.49495 2.53661 2.57099 2.59758 2.61582 2.62509 2.62466 2.61373 2.59137 2.55648 2.50774 2.44353 2.36178 2.25982 2.13419 1.98048 1.79350 1.56823 1.30242 1.00169 0.68647 0.39551 0.17536 0.05200 0.00809 0.00042 0.00000 0.00000 0.00000 0.00000 -0.00000 0.00000
0.01001 0.02088 0.03937 0.06788 0.10826 0.16154 0.22790 0.30671 0.39676 0.49649 0.60412 0.71790 0.83612 0.95727 1.08000 1.20315 1.32575 1.44705 1.56641 1.68337 1.79755 1.90863 2.01632 2.12026 2.21998 2.31525 2.40602 2.49212 2.57333 2.64938 2.72001 2.78492 2.84380 2.89634 2.94218 2.98097 3.01229 3.03572 3.05076 3.05685 3.05338 3.03965 3.01485 2.97805 2.92817 2.86390 2.78358 2.68515 2.56585 2.42207 2.24904 2.04092 1.79151 1.49691 1.16110 0.80440 0.46936 0.21091 0.06335 0.00996 0.00052 0.00000 0.00000 0.00000 0.00000 -0.00000
0.12380 0.17248 0.23350 0.30707 0.39278 0.48966 0.59633 0.71118 0.83253 0.95874 1.08827 1.21977 1.35208 1.48422 1.61540 1.74496 1.87235 1.99714 2.11892 2.23734 2.35202 2.46259 2.56868 2.66985 2.76582 2.85652 2.94202 3.02241 3.09765 3.16768 3.23231 3.29129 3.34434 3.39108 3.43115 3.46413 3.48962 3.50719 3.51638 3.51670 3.50762 3.48854 3.45877 3.41754 3.36391 3.29680 3.21486 3.11639 2.99917 2.86031 2.69600 2.50111 2.26917 1.99299 1.66741 1.29550 0.89854 0.52373 0.23392 0.06917 0.01052 0.00051 0.00000 0.00000 0.00000 0.00000
0.52173 0.61165 0.71199 0.82173 0.93954 1.06397 1.19352 1.32671 1.46222 1.59883 1.73553 1.87147 2.00596 2.13844 2.26850 2.39580 2.52008 2.64113 2.75874 2.87272 2.98286 3.08891 3.19053 3.28734 3.37888 3.46490 3.54538 3.62022 3.68931 3.75256 3.80984 3.86101 3.90589 3.94426 3.97585 4.00035 4.01738 4.02653 4.02735 4.01934 4.00197 3.97466 3.93678 3.88761 3.82634 3.75206 3.66369 3.56001 3.43950 3.30003 3.13863 2.95113 2.73174 2.47306 2.16699 1.80750 1.39774 0.96156 0.55234 0.24043 0.06798 0.00954 0.00040 0.00000 0.00000 0.00000
1.27677 1.38640 1.50273 1.62465 1.75096 1.88045 2.01196 2.14440 2.27685 2.40852 2.53874 2.66700 2.79290 2.91613 3.03646 3.15373 3.26780 3.37854 3.48585 3.58958 3.68957 3.78560 3.87740 3.96460 4.04676 4.12368 4.19529 4.26147 4.32206 4.37692 4.42583 4.46858 4.50491 4.53456 4.55722 4.57257 4.58029 4.58000 4.57134 4.55389 4.52721 4.49080 4.44413 4.38654 4.31729 4.23551 4.14012 4.02982 3.90304 3.75791 3.59217 3.40297 3.18660 2.93756 2.64787 2.30807 1.91118 1.46153 0.98770 0.55125 0.22902 0.05999 0.00739 0.00024 0.00000 0.00000
2.28201 2.39693 2.51443 2.63384 2.75442 2.87548 2.99634 3.11639 3.23512 3.35209 3.46696 3.57946 3.68940 3.79662 3.90101 4.00250 4.10102 4.19647 4.28878 4.37783 4.46345 4.54543 4.62350 4.69728 4.76640 4.83063 4.88984 4.94390 4.99265 5.03590 5.07344 5.10501 5.13035 5.14917 5.16114 5.16592 5.16316 5.15248 5.13348 5.10576 5.06889 5.02240 4.96582 4.89859 4.82009 4.72960 4.62626 4.50901 4.37653 4.22715 4.05869 3.86822 3.65181 3.40453 3.12039 2.79235 2.41204 1.97296 1.48145 0.97307 0.51937 0.20114 0.04706 0.00478 0.00011 0.00000
3.40297 3.51969 3.63500 3.74855 3.86008 3.96937 4.07623 4.18055 4.28222 4.38119 4.47743 4.57093 4.66171 4.74977 4.83514 4.91782 4.99779 5.07503 5.14947 5.22098 5.28943 5.35460 5.41620 5.47391 5.52728 5.57609 5.62024 5.65956 5.69387 5.72298 5.74667 5.76469 5.77677 5.78261 5.78188 5.77424 5.75931 5.73670 5.70602 5.66682 5.61869 5.56116 5.49377 5.41602 5.32734 5.22709 5.11454 4.98879 4.84874 4.69301 4.51984 4.32690 4.11106 3.86798 3.59152 3.27340 2.90431 2.47663 1.98864 1.45345 0.91628 0.45908 0.16116 0.03221 0.00250 0.00004
4.55183 4.67004 4.78362 4.89236 4.99623 5.09532 5.18980 5.27989 5.36584 5.44791 5.52636 5.60144 5.67336 5.74231 5.80844 5.87187 5.93267 5.99087 6.04644 6.09931 6.14933 6.19632 6.24001 6.28004 6.31606 6.34782 6.37517 6.39796 6.41603 6.42918 6.43720 6.43985 6.43686 6.42796 6.41283 6.39112 6.36248 6.32651 6.28279 6.23090 6.17039 6.10081 6.02169 5.93253 5.83282 5.72196 5.59929 5.46403 5.31522 5.15169 4.97194 4.77406 4.55548 4.31271 4.04088 3.73318 3.38026 2.97052 2.49423 1.95368 1.37509 0.81918 0.37658 0.11574 0.01866 0.00100
5.67736 5.79698 5.90973 6.01543 6.11409 6.20593 6.29126 6.37050 6.44409 6.51250 6.57620 6.63561 6.69114 6.74311 6.79183 6.83751 6.88032 6.92037 6.95769 6.99226 7.02398 7.05270 7.07818 7.10014 7.11819 7.13212 7.14182 7.14716 7.14795 7.14404 7.13523 7.12130 7.10203 7.07714 7.04636 7.00936 6.96581 6.91531 6.85747 6.79186 6.71804 6.63553 6.54388 6.44258 6.33113 6.20897 6.07549 5.92996 5.77155 5.59922 5.41167 5.20725 4.98380 4.73842 4.46712 4.16430 3.82217 3.43031 2.97654 2.45116 1.86030 1.24540 0.68762 0.28179 0.07248 0.00872
6.74846 6.86915 6.98169 7.08583 7.18154 7.26901 7.34855 7.42061 7.48570 7.54437 7.59718 7.64466 7.68731 7.72557 7.75985 7.79045 7.81764 7.84158 7.86240 7.88013 7.89473 7.90610 7.91406 7.91836 7.91871 7.91494 7.90694 7.89460 7.87780 7.85639 7.83022 7.79912 7.76289 7.72131 7.67413 7.62107 7.56183 7.49604 7.42334 7.34330 7.25549 7.15944 7.05468 6.94072 6.81705 6.68312 6.53835 6.38207 6.21351 6.03173 5.83557 5.62359 5.39391 5.14403 4.87059 4.56890 4.23241 3.85208 3.41637 2.91316 2.33643 1.70134 1.06665 0.53255 0.18736 0.03792
7.74583 7.86715 7.97978 8.08340 8.17789 8.26334 8.33997 8.40814 8.46833 8.52105 8.56683 8.60625 8.63981 8.66802 8.69131 8.71006 8.72460 8.73515 8.74190 8.74494 8.74430 8.73995 8.73177 8.71958 8.70318 8.68242 8.65727 8.62767 8.59354 8.55478 8.51130 8.46297 8.40965 8.35117 8.28734 8.21792 8.14266 8.06124 7.97331 7.87850 7.77636 7.66646 7.54831 7.42143 7.28530 7.13939 6.98311 6.81585 6.63686 6.44529 6.24008 6.01994 5.78317 5.52761 5.25032 4.94729 4.61291 4.23937 3.81623 3.33108 2.77337 2.14463 1.47650 0.84860 0.37082 0.10637
8.65770 8.77925 8.89210 8.99587 9.09036 9.17552 9.25145 9.31838 9.37664 9.42664 9.46884 9.50371 9.53176 9.55344 9.56919 9.57941 9.58443 9.58454 9.57995 9.57081 9.55721 9.53919 9.51669 9.48964 9.45788 9.42135 9.38011 9.33414 9.28344 9.22797 9.16770 9.10256 9.03249 8.95737 8.87708 8.79145 8.70026 8.60327 8.50016 8.39058 8.27415 8.15041 8.01890 7.87914 7.73059 7.57274 7.40501 7.22678 7.03737 6.83595 6.62155 6.39298 6.14870 5.88677 5.60458 5.29861 4.96397 4.59384 4.17891 3.70734 3.16683 2.55146 1.87619 1.19616 0.61153 0.22351
9.47727 9.59875 9.71187 9.81623 9.91152 9.99759 10.07439 10.14199 10.20057 10.25039 10.29175 10.32503 10.35059 10.36885 10.38017 10.38492 10.38342 10.37595 10.36275 10.34401 10.31987 10.29040 10.25565 10.21558 10.17017 10.11945 10.06352 10.00244 9.93629 9.86513 9.78898 9.70787 9.62178 9.53070 9.43456 9.33326 9.22665 9.11454 8.99666 8.87272 8.74234 8.60512 8.46059 8.30828 8.14765 7.97819 7.79931 7.61041 7.41082 7.19975 6.97629 6.73933 6.48745 6.21885 5.93120 5.62131 5.28487 4.91583 4.50584 4.04393 3.51747 2.91661 2.24541 1.54013 0.88345 0.38504
10.20093 10.32220 10.43565 10.54085 10.63744 10.72516 10.80384 10.87341 10.93386 10.98529 11.02785 11.06174 11.08721 11.10454 11.11401 11.11589 11.11048 11.09801 11.07873 11.05282 11.02046 10.98177 10.93686 10.88578 10.82858 10.76538 10.69636 10.62170 10.54153 10.45600 10.36522 10.26930 10.16831 10.06230 9.95129 9.83524 9.71407 9.58766 9.45580 9.31823 9.17461 9.02458 8.86768 8.70344 8.53135 8.35086 8.16140 7.96236 7.75309 7.53282 7.30069 7.05563 6.79632 6.52110 6.22779 5.91350 5.57432 5.20481 4.79743 4.34207 3.82638 3.23868 2.57627 1.86132 1.15897 0.57447
10.82715 10.94817 11.06200 11.16819 11.26635 11.35613 11.43726 11.50953 11.57279 11.62697 11.67204 11.70806 11.73511 11.75334 11.76289 11.76396 11.75674 11.74142 11.71821 11.68728 11.64883 11.60300 11.54996 11.48981 11.42272 11.34887 11.26854 11.18197 11.08941 10.99107 10.88717 10.77789 10.66339 10.54380 10.41922 10.28968 10.15516 10.01561 9.87087 9.72073 9.56491 9.40304 9.23472 9.05947 8.87677 8.68610 8.48687 8.27847 8.06024 7.83145 7.59125 7.33862 7.07232 6.79075 6.49191 6.17309 5.83070 5.45975 5.05337 4.60219 4.09441 3.51762 2.86506 2.14909 1.41970 0.77200
11.35603 11.47665 11.59076 11.69794 11.79772 11.88969 11.97347 12.04874 12.11522 12.17269 12.22098 12.25998 12.28963 12.30992 12.32088 12.32256 12.31509 12.29857 12.27315 12.23898 12.19625 12.14514 12.08582 12.01849 11.94335 11.86069 11.77086 11.67419 11.57100 11.46162 11.34632 11.22537 11.09903 10.96749 10.83093 10.68944 10.54309 10.39186 10.23566 10.07432 9.90760 9.73517 9.55663 9.37153 9.17936 8.97958 8.77161 8.55483 8.32859 8.09216 7.84470 7.58524 7.31257 7.02519 6.72117 6.39798 6.05226 5.67936 5.27292 4.82420 4.32198 3.75369 3.11025 2.39737 1.65323 0.96147
