tests/data/gray99/saval2D/outputs/resuqv10.asc
north:     17.44
south:      0.00
east:      60.51
west:       0.00
rows:   68
cols:  236
[rows 29 to 57 of 68, columns 65 to 129 of 236]
0.08418 0.08475 0.08523 0.08561 0.08589 0.08608 0.08620 0.08623 0.08619 0.08606 0.08587 0.08560 0.08526 0.08485 0.08438 0.08384 0.08325 0.08260 0.08192 0.08121 0.08049 0.07977 0.07905 0.07835 0.07764 0.07694 0.07624 0.07552 0.07480 0.07407 0.07333 0.07259 0.07185 0.07111 0.07039 0.06969 0.06901 0.06835 0.06772 0.06713 0.06657 0.06606 0.06558 0.06515 0.06476 0.06443 0.06414 0.06392 0.06375 0.06364 0.06359 0.06361 0.06370 0.06386 0.06409 0.06438 0.06498 0.06582 0.06673 0.06758 0.06820 0.06847 0.06823 0.06735 0.06568
0.06726 0.06773 0.06814 0.06849 0.06878 0.06902 0.06920 0.06934 0.06943 0.06948 0.06947 0.06943 0.06934 0.06922 0.06905 0.06885 0.06861 0.06835 0.06807 0.06779 0.06750 0.06722 0.06696 0.06671 0.06648 0.06626 0.06604 0.06583 0.06561 0.06540 0.06518 0.06497 0.06475 0.06455 0.06435 0.06416 0.06398 0.06382 0.06369 0.06357 0.06349 0.06343 0.06340 0.06340 0.06344 0.06350 0.06361 0.06375 0.06394 0.06417 0.06444 0.06476 0.06512 0.06553 0.06599 0.06650 0.06730 0.06830 0.06939 0.07045 0.07138 0.07206 0.07238 0.07224 0.07153
0.04748 0.04799 0.04846 0.04892 0.04934 0.04975 0.05013 0.05050 0.05084 0.05116 0.05146 0.05174 0.05200 0.05224 0.05246 0.05266 0.05285 0.05302 0.05319 0.05336 0.05355 0.05375 0.05397 0.05421 0.05447 0.05474 0.05502 0.05532 0.05562 0.05593 0.05625 0.05657 0.05689 0.05722 0.05755 0.05789 0.05823 0.05860 0.05897 0.05936 0.05976 0.06018 0.06061 0.06106 0.06152 0.06201 0.06253 0.06306 0.06362 0.06420 0.06480 0.06542 0.06606 0.06673 0.06743 0.06818 0.06914 0.07025 0.07143 0.07261 0.07371 0.07466 0.07539 0.07583 0.07590
0.02586 0.02648 0.02710 0.02774 0.02839 0.02905 0.02972 0.03039 0.03105 0.03171 0.03237 0.03303 0.03369 0.03436 0.03503 0.03569 0.03634 0.03698 0.03761 0.03826 0.03892 0.03962 0.04035 0.04111 0.04189 0.04267 0.04346 0.04426 0.04508 0.04590 0.04675 0.04762 0.04849 0.04936 0.05021 0.05107 0.05192 0.05278 0.05366 0.05456 0.05547 0.05638 0.05729 0.05819 0.05908 0.05998 0.06089 0.06181 0.06276 0.06372 0.06467 0.06561 0.06654 0.06746 0.06838 0.06935 0.07043 0.07162 0.07286 0.07411 0.07531 0.07645 0.07749 0.07840 0.07915
0.00330 0.00410 0.00493 0.00580 0.00670 0.00762 0.00857 0.00957 0.01060 0.01166 0.01274 0.01383 0.01493 0.01603 0.01713 0.01823 0.01935 0.02048 0.02163 0.02280 0.02398 0.02517 0.02638 0.02762 0.02889 0.03019 0.03152 0.03288 0.03424 0.03562 0.03698 0.03834 0.03971 0.04109 0.04248 0.04388 0.04529 0.04668 0.04807 0.04944 0.05079 0.05214 0.05351 0.05487 0.05623 0.05759 0.05893 0.06025 0.06153 0.06279 0.06405 0.06530 0.06654 0.06777 0.06898 0.07018 0.07137 0.07253 0.07371 0.07491 0.07614 0.07741 0.07870 0.08003 0.08139
-0.01921 -0.01829 -0.01730 -0.01624 -0.01511 -0.01392 -0.01267 -0.01136 -0.01000 -0.00858 -0.00710 -0.00559 -0.00404 -0.00248 -0.00089 0.00070 0.00229 0.00390 0.00552 0.00716 0.00882 0.01051 0.01223 0.01399 0.01577 0.01759 0.01943 0.02129 0.02316 0.02505 0.02694 0.02884 0.03074 0.03265 0.03456 0.03646 0.03836 0.04024 0.04212 0.04398 0.04583 0.04767 0.04948 0.05128 0.05306 0.05482 0.05654 0.05823 0.05989 0.06152 0.06312 0.06468 0.06619 0.06767 0.06910 0.07049 0.07180 0.07303 0.07425 0.07548 0.07678 0.07819 0.07974 0.08149 0.08347
-0.04073 -0.03976 -0.03869 -0.03751 -0.03624 -0.03488 -0.03343 -0.03189 -0.03026 -0.02854 -0.02673 -0.02484 -0.02289 -0.02088 -0.01883 -0.01677 -0.01469 -0.01261 -0.01052 -0.00841 -0.00628 -0.00411 -0.00191 0.00033 0.00261 0.00492 0.00725 0.00961 0.01199 0.01438 0.01678 0.01919 0.02159 0.02400 0.02641 0.02880 0.03119 0.03356 0.03592 0.03825 0.04057 0.04285 0.04511 0.04733 0.04952 0.05167 0.05379 0.05585 0.05787 0.05983 0.06174 0.06359 0.06537 0.06709 0.06875 0.07036 0.07180 0.07311 0.07437 0.07566 0.07707 0.07868 0.08056 0.08279 0.08545
-0.06029 -0.05940 -0.05837 -0.05720 -0.05590 -0.05448 -0.05294 -0.05127 -0.04949 -0.04759 -0.04556 -0.04342 -0.04116 -0.03880 -0.03636 -0.03386 -0.03133 -0.02879 -0.02625 -0.02369 -0.02111 -0.01850 -0.01585 -0.01316 -0.01043 -0.00767 -0.00487 -0.00204 0.00081 0.00368 0.00655 0.00944 0.01233 0.01521 0.01809 0.02096 0.02381 0.02664 0.02946 0.03224 0.03499 0.03771 0.04039 0.04302 0.04561 0.04814 0.05062 0.05304 0.05539 0.05768 0.05988 0.06201 0.06405 0.06601 0.06787 0.06969 0.07129 0.07272 0.07410 0.07553 0.07715 0.07906 0.08138 0.08422 0.08769
-0.07686 -0.07621 -0.07539 -0.07440 -0.07325 -0.07193 -0.07046 -0.06882 -0.06703 -0.06508 -0.06297 -0.06069 -0.05825 -0.05565 -0.05292 -0.05010 -0.04721 -0.04428 -0.04134 -0.03838 -0.03540 -0.03240 -0.02936 -0.02627 -0.02314 -0.01996 -0.01675 -0.01350 -0.01022 -0.00693 -0.00361 -0.00029 0.00304 0.00636 0.00968 0.01298 0.01627 0.01953 0.02277 0.02598 0.02914 0.03227 0.03534 0.03836 0.04132 0.04422 0.04704 0.04979 0.05246 0.05504 0.05753 0.05992 0.06220 0.06437 0.06643 0.06844 0.07023 0.07184 0.07341 0.07510 0.07705 0.07941 0.08232 0.08593 0.09038
-0.08929 -0.08907 -0.08866 -0.08806 -0.08726 -0.08626 -0.08505 -0.08364 -0.08204 -0.08023 -0.07822 -0.07597 -0.07350 -0.07081 -0.06792 -0.06489 -0.06174 -0.05853 -0.05528 -0.05202 -0.04873 -0.04542 -0.04206 -0.03866 -0.03521 -0.03170 -0.02814 -0.02454 -0.02090 -0.01723 -0.01354 -0.00984 -0.00613 -0.00242 0.00129 0.00499 0.00867 0.01232 0.01594 0.01953 0.02308 0.02657 0.03001 0.03338 0.03669 0.03991 0.04306 0.04611 0.04907 0.05193 0.05467 0.05729 0.05979 0.06215 0.06438 0.06656 0.06857 0.07041 0.07226 0.07431 0.07673 0.07969 0.08338 0.08795 0.09359
-0.09633 -0.09674 -0.09697 -0.09701 -0.09680 -0.09634 -0.09562 -0.09467 -0.09351 -0.09209 -0.09041 -0.08842 -0.08612 -0.08352 -0.08064 -0.07754 -0.07428 -0.07091 -0.06748 -0.06403 -0.06055 -0.05705 -0.05350 -0.04989 -0.04622 -0.04248 -0.03868 -0.03482 -0.03091 -0.02696 -0.02297 -0.01897 -0.01494 -0.01091 -0.00688 -0.00286 0.00115 0.00514 0.00909 0.01301 0.01689 0.02070 0.02446 0.02815 0.03176 0.03528 0.03871 0.04203 0.04525 0.04834 0.05131 0.05414 0.05682 0.05935 0.06172 0.06403 0.06625 0.06836 0.07056 0.07306 0.07607 0.07980 0.08443 0.09017 0.09721
-0.09685 -0.09806 -0.09914 -0.10001 -0.10058 -0.10084 -0.10085 -0.10065 -0.10021 -0.09949 -0.09840 -0.09694 -0.09508 -0.09284 -0.09022 -0.08728 -0.08408 -0.08070 -0.07724 -0.07373 -0.07021 -0.06666 -0.06306 -0.05940 -0.05566 -0.05183 -0.04792 -0.04392 -0.03986 -0.03574 -0.03157 -0.02736 -0.02312 -0.01886 -0.01460 -0.01033 -0.00607 -0.00183 0.00239 0.00657 0.01071 0.01479 0.01880 0.02275 0.02661 0.03037 0.03404 0.03758 0.04101 0.04430 0.04745 0.05045 0.05328 0.05594 0.05843 0.06081 0.06321 0.06558 0.06815 0.07117 0.07487 0.07948 0.08523 0.09232 0.10097
-0.09016 -0.09226 -0.09426 -0.09603 -0.09745 -0.09855 -0.09948 -0.10029 -0.10086 -0.10105 -0.10082 -0.10018 -0.09912 -0.09763 -0.09565 -0.09319 -0.09031 -0.08715 -0.08382 -0.08043 -0.07702 -0.07359 -0.07012 -0.06658 -0.06294 -0.05919 -0.05533 -0.05136 -0.04730 -0.04315 -0.03893 -0.03465 -0.03033 -0.02596 -0.02157 -0.01717 -0.01276 -0.00836 -0.00398 0.00037 0.00469 0.00895 0.01315 0.01727 0.02131 0.02526 0.02909 0.03280 0.03639 0.03982 0.04310 0.04622 0.04916 0.05190 0.05446 0.05686 0.05937 0.06196 0.06488 0.06842 0.07285 0.07842 0.08538 0.09396 0.10440
-0.07304 -0.07727 -0.08105 -0.08405 -0.08656 -0.08866 -0.09069 -0.09264 -0.09429 -0.09549 -0.09625 -0.09670 -0.09687 -0.09661 -0.09574 -0.09418 -0.09201 -0.08940 -0.08651 -0.08348 -0.08037 -0.07723 -0.07405 -0.07081 -0.06747 -0.06400 -0.06039 -0.05664 -0.05276 -0.04876 -0.04467 -0.04048 -0.03622 -0.03190 -0.02753 -0.02313 -0.01871 -0.01427 -0.00985 -0.00543 -0.00105 0.00329 0.00757 0.01178 0.01591 0.01995 0.02388 0.02768 0.03134 0.03485 0.03820 0.04138 0.04436 0.04715 0.04972 0.05211 0.05463 0.05733 0.06052 0.06451 0.06963 0.07615 0.08436 0.09450 0.10682
-0.05574 -0.05620 -0.05699 -0.05885 -0.06216 -0.06673 -0.07153 -0.07576 -0.07896 -0.08150 -0.08351 -0.08539 -0.08713 -0.08844 -0.08903 -0.08879 -0.08788 -0.08644 -0.08457 -0.08231 -0.07977 -0.07709 -0.07434 -0.07155 -0.06869 -0.06571 -0.06258 -0.05928 -0.05581 -0.05218 -0.04841 -0.04452 -0.04052 -0.03643 -0.03226 -0.02803 -0.02376 -0.01945 -0.01513 -0.01080 -0.00648 -0.00219 0.00205 0.00623 0.01035 0.01437 0.01829 0.02208 0.02574 0.02926 0.03260 0.03577 0.03874 0.04150 0.04405 0.04639 0.04879 0.05149 0.05479 0.05910 0.06478 0.07216 0.08154 0.09319 0.10737
-0.04732 -0.04753 -0.04768 -0.04779 -0.04786 -0.04788 -0.04786 -0.04811 -0.04960 -0.05282 -0.05760 -0.06268 -0.06724 -0.07067 -0.07321 -0.07484 -0.07597 -0.07666 -0.07671 -0.07598 -0.07453 -0.07266 -0.07059 -0.06844 -0.06626 -0.06398 -0.06155 -0.05893 -0.05611 -0.05309 -0.04990 -0.04655 -0.04305 -0.03941 -0.03567 -0.03183 -0.02790 -0.02392 -0.01988 -0.01582 -0.01174 -0.00766 -0.00360 0.00041 0.00437 0.00825 0.01204 0.01573 0.01929 0.02271 0.02598 0.02906 0.03196 0.03464 0.03711 0.03936 0.04157 0.04412 0.04736 0.05178 0.05781 0.06582 0.07616 0.08912 0.10497
-0.03972 -0.03975 -0.03974 -0.03968 -0.03959 -0.03945 -0.03928 -0.03907 -0.03882 -0.03854 -0.03823 -0.03790 -0.03774 -0.03873 -0.04146 -0.04588 -0.05077 -0.05529 -0.05864 -0.06061 -0.06150 -0.06162 -0.06122 -0.06052 -0.05954 -0.05831 -0.05683 -0.05512 -0.05322 -0.05114 -0.04886 -0.04636 -0.04365 -0.04076 -0.03772 -0.03453 -0.03122 -0.02780 -0.02429 -0.02071 -0.01708 -0.01342 -0.00975 -0.00609 -0.00245 0.00114 0.00467 0.00812 0.01146 0.01469 0.01778 0.02071 0.02345 0.02600 0.02834 0.03047 0.03247 0.03476 0.03776 0.04203 0.04809 0.05638 0.06731 0.08119 0.09827
-0.03289 -0.03279 -0.03266 -0.03248 -0.03227 -0.03202 -0.03173 -0.03142 -0.03107 -0.03070 -0.03030 -0.02987 -0.02943 -0.02896 -0.02847 -0.02797 -0.02746 -0.02693 -0.02709 -0.02889 -0.03238 -0.03657 -0.04036 -0.04316 -0.04467 -0.04540 -0.04551 -0.04524 -0.04483 -0.04438 -0.04366 -0.04257 -0.04117 -0.03950 -0.03761 -0.03551 -0.03321 -0.03073 -0.02811 -0.02535 -0.02250 -0.01956 -0.01656 -0.01351 -0.01044 -0.00736 -0.00429 -0.00126 0.00172 0.00462 0.00740 0.01006 0.01257 0.01491 0.01706 0.01902 0.02085 0.02279 0.02539 0.02923 0.03493 0.04304 0.05398 0.06811 0.08568
-0.02682 -0.02662 -0.02639 -0.02613 -0.02584 -0.02551 -0.02516 -0.02477 -0.02437 -0.02394 -0.02349 -0.02302 -0.02253 -0.02203 -0.02151 -0.02098 -0.02045 -0.01991 -0.01935 -0.01880 -0.01824 -0.01768 -0.01712 -0.01656 -0.01718 -0.01930 -0.02222 -0.02470 -0.02668 -0.02838 -0.02958 -0.03034 -0.03078 -0.03105 -0.03111 -0.03087 -0.03032 -0.02950 -0.02843 -0.02715 -0.02569 -0.02404 -0.02224 -0.02031 -0.01825 -0.01609 -0.01387 -0.01160 -0.00932 -0.00706 -0.00484 -0.00268 -0.00062 0.00134 0.00316 0.00485 0.00642 0.00799 0.01002 0.01313 0.01802 0.02527 0.03540 0.04876 0.06560
-0.02147 -0.02121 -0.02092 -0.02060 -0.02026 -0.01989 -0.01950 -0.01908 -0.01865 -0.01820 -0.01773 -0.01725 -0.01676 -0.01626 -0.01574 -0.01523 -0.01471 -0.01418 -0.01366 -0.01313 -0.01260 -0.01209 -0.01157 -0.01106 -0.01054 -0.01004 -0.00957 -0.00910 -0.00863 -0.00816 -0.00889 -0.01047 -0.01179 -0.01310 -0.01453 -0.01587 -0.01702 -0.01801 -0.01887 -0.01956 -0.02006 -0.02034 -0.02039 -0.02022 -0.01984 -0.01928 -0.01856 -0.01771 -0.01675 -0.01572 -0.01463 -0.01351 -0.01238 -0.01126 -0.01017 -0.00913 -0.00815 -0.00719 -0.00599 -0.00401 -0.00059 0.00490 0.01298 0.02402 0.03828
-0.01682 -0.01652 -0.01620 -0.01585 -0.01549 -0.01510 -0.01470 -0.01428 -0.01385 -0.01340 -0.01295 -0.01248 -0.01202 -0.01154 -0.01106 -0.01059 -0.01011 -0.00964 -0.00916 -0.00869 -0.00823 -0.00779 -0.00734 -0.00690 -0.00646 -0.00605 -0.00566 -0.00528 -0.00489 -0.00451 -0.00415 -0.00385 -0.00357 -0.00330 -0.00300 -0.00299 -0.00337 -0.00382 -0.00448 -0.00534 -0.00629 -0.00723 -0.00814 -0.00902 -0.00986 -0.01064 -0.01137 -0.01202 -0.01258 -0.01304 -0.01339 -0.01363 -0.01376 -0.01381 -0.01378 -0.01373 -0.01368 -0.01364 -0.01356 -0.01306 -0.01174 -0.00906 -0.00458 0.00207 0.01121
-0.01283 -0.01252 -0.01219 -0.01184 -0.01147 -0.01109 -0.01070 -0.01031 -0.00990 -0.00948 -0.00906 -0.00864 -0.00822 -0.00780 -0.00737 -0.00696 -0.00655 -0.00615 -0.00574 -0.00535 -0.00497 -0.00462 -0.00426 -0.00390 -0.00355 -0.00324 -0.00297 -0.00269 -0.00239 -0.00210 -0.00186 -0.00167 -0.00151 -0.00133 -0.00112 -0.00091 -0.00075 -0.00065 -0.00058 -0.00053 -0.00049 -0.00053 -0.00060 -0.00072 -0.00091 -0.00117 -0.00148 -0.00185 -0.00225 -0.00269 -0.00316 -0.00363 -0.00411 -0.00458 -0.00503 -0.00544 -0.00583 -0.00619 -0.00655 -0.00682 -0.00692 -0.00672 -0.00603 -0.00461 -0.00208
-0.00947 -0.00917 -0.00885 -0.00851 -0.00817 -0.00782 -0.00746 -0.00710 -0.00674 -0.00636 -0.00600 -0.00564 -0.00529 -0.00492 -0.00457 -0.00423 -0.00391 -0.00359 -0.00326 -0.00295 -0.00267 -0.00242 -0.00216 -0.00188 -0.00163 -0.00144 -0.00127 -0.00109 -0.00089 -0.00069 -0.00056 -0.00048 -0.00041 -0.00033 -0.00022 -0.00010 -0.00003 -0.00001 -0.00000 -0.00000 -0.00000 -0.00000 -0.00000 -0.00000 -0.00000 -0.00000 -0.00000 -0.00001 -0.00001 -0.00002 -0.00004 -0.00006 -0.00009 -0.00012 -0.00017 -0.00022 -0.00028 -0.00034 -0.00041 -0.00050 -0.00060 -0.00075 -0.00097 -0.00126 -0.00157
-0.00671 -0.00643 -0.00614 -0.00584 -0.00552 -0.00521 -0.00491 -0.00460 -0.00429 -0.00398 -0.00368 -0.00339 -0.00311 -0.00282 -0.00254 -0.00229 -0.00206 -0.00182 -0.00158 -0.00136 -0.00118 -0.00103 -0.00086 -0.00067 -0.00052 -0.00042 -0.00035 -0.00027 -0.00015 -0.00004 -0.00000 -0.00000 -0.00000 -0.00000 -0.00000 -0.00000 -0.00000 -0.00000 -0.00000 -0.00000 -0.00000 -0.00000 -0.00000 -0.00000 -0.00000 -0.00000 -0.00000 -0.00000 -0.00000 -0.00000 -0.00000 -0.00000 0.00000 -0.00000 -0.00000 -0.00000 -0.00000 -0.00000 -0.00000 -0.00000 -0.00000 -0.00000 -0.00000 -0.00001 -0.00003
-0.00450 -0.00426 -0.00401 -0.00375 -0.00348 -0.00322 -0.00298 -0.00274 -0.00248 -0.00223 -0.00201 -0.00181 -0.00160 -0.00138 -0.00118 -0.00102 -0.00088 -0.00073 -0.00056 -0.00043 -0.00035 -0.00028 -0.00020 -0.00009 -0.00001 -0.00000 -0.00000 -0.00000 -0.00000 -0.00000 -0.00000 -0.00000 0.00000 -0.00000 -0.00000 -0.00000 -0.00000 -0.00000 -0.00000 -0.00000 -0.00000 -0.00000 -0.00000 -0.00000 -0.00000 -0.00000 -0.00000 -0.00000 -0.00000 -0.00000 -0.00000 -0.00000 -0.00000 -0.00000 -0.00000 -0.00000 -0.00000 -0.00000 -0.00000 -0.00000 -0.00000 -0.00000 -0.00000 -0.00000 -0.00000
-0.00280 -0.00260 -0.00241 -0.00219 -0.00198 -0.00178 -0.00161 -0.00143 -0.00124 -0.00105 -0.00091 -0.00079 -0.00065 -0.00050 -0.00038 -0.00030 -0.00024 -0.00017 -0.00007 -0.00001 -0.00000 -0.00000 -0.00000 -0.00000 -0.00000 -0.00000 -0.00000 0.00000 -0.00000 -0.00000 -0.00000 -0.00000 -0.00000 -0.00000 -0.00000 -0.00000 -0.00000 -0.00000 0.00000 -0.00000 -0.00000 -0.00000 -0.00000 0.00000 -0.00000 -0.00000 -0.00000 -0.00000 0.00000 -0.00000 -0.00000 -0.00000 -0.00000 0.00000 -0.00000 -0.00000 -0.00000 -0.00000 -0.00000 -0.00000 -0.00000 -0.00000 -0.00000 -0.00000 -0.00000
-0.00156 -0.00142 -0.00127 -0.00111 -0.00095 -0.00082 -0.00071 -0.00060 -0.00046 -0.00035 -0.00027 -0.00022 -0.00016 -0.00007 -0.00001 -0.00000 -0.00000 -0.00000 -0.00000 -0.00000 -0.00000 -0.00000 -0.00000 -0.00000 -0.00000 -0.00000 -0.00000 -0.00000 -0.00000 -0.00000 -0.00000 -0.00000 -0.00000 -0.00000 -0.00000 -0.00000 -0.00000 -0.00000 -0.00000 -0.00000 -0.00000 -0.00000 -0.00000 -0.00000 -0.00000 -0.00000 -0.00000 -0.00000 -0.00000 -0.00000 -0.00000 0.00000 -0.00000 -0.00000 -0.00000 -0.00000 -0.00000 -0.00000 -0.00000 -0.00000 -0.00000 -0.00000 -0.00000 -0.00000 -0.00000
-0.00072 -0.00063 -0.00054 -0.00043 -0.00032 -0.00025 -0.00021 -0.00015 -0.00008 -0.00002 -0.00000 -0.00000 -0.00000 -0.00000 -0.00000 -0.00000 -0.00000 -0.00000 -0.00000 -0.00000 -0.00000 -0.00000 -0.00000 -0.00000 -0.00000 -0.00000 -0.00000 -0.00000 -0.00000 -0.00000 -0.00000 -0.00000 -0.00000 -0.00000 -0.00000 -0.00000 -0.00000 -0.00000 -0.00000 -0.00000 -0.00000 -0.00000 -0.00000 -0.00000 -0.00000 -0.00000 -0.00000 -0.00000 -0.00000 -0.00000 0.00000 -0.00000 -0.00000 -0.00000 -0.00000 -0.00000 -0.00000 -0.00000 -0.00000 -0.00000 -0.00000 -0.00000 -0.00000 -0.00000 -0.00000
-0.00023 -0.00019 -0.00015 -0.00008 -0.00002 -0.00000 -0.00000 -0.00000 -0.00000 -0.00000 -0.00000 -0.00000 -0.00000 0.00000 -0.00000 -0.00000 -0.00000 -0.00000 -0.00000 -0.00000 -0.00000 -0.00000 -0.00000 -0.00000 -0.00000 -0.00000 -0.00000 -0.00000 -0.00000 -0.00000 -0.00000 -0.00000 0.00000 -0.00000 -0.00000 -0.00000 -0.00000 -0.00000 -0.00000 -0.00000 -0.00000 -0.00000 -0.00000 -0.00000 -0.00000 -0.00000 -0.00000 -0.00000 0.00000 -0.00000 -0.00000 -0.00000 -0.00000 -0.00000 -0.00000 -0.00000 -0.00000 0.00000 -0.00000 -0.00000 -0.00000 0.00000 -0.00000 -0.00000 -0.00000
