tests/data/gray99/saval2D/outputs/resuh7.asc
north:     17.44
south:      0.00
east:      60.51
west:       0.00
rows:   68
cols:  236
[rows 0 to 28 of 68, columns 67 to 133 of 236]
0.00001 0.00001 0.00001 0.00001 0.00001 0.00001 0.00001 0.00001 0.00001 0.00001 0.00001 0.00001 0.00001 0.00001 0.00001 0.00001 0.00001 0.00001 0.00001 0.00001 0.00001 0.00001 0.00001 0.00001 0.00001 0.00001 0.00001 0.00001 0.00001 0.00001 0.00001 0.00001 0.00001 0.00001 0.00001 0.00001 0.00001 0.00001 0.00001 0.00001 0.00001 0.00001 0.00001 0.00001 0.00001 0.00001 0.00001 0.00001 0.00001 0.00001 0.00001 0.00001 0.00001 0.00001 0.00001 0.00001 0.00001 0.00001 0.00001 0.00001 0.00001 0.00001 0.00001 0.00001 0.00001 0.00001 0.00001
0.00001 0.00001 0.00001 0.00001 0.00001 0.00001 0.00001 0.00001 0.00001 0.00001 0.00001 0.00001 0.00001 0.00001 0.00001 0.00001 0.00001 0.00001 0.00001 0.00001 0.00001 0.00001 0.00001 0.00001 0.00001 0.00001 0.00001 0.00001 0.00001 0.00001 0.00001 0.00001 0.00001 0.00001 0.00001 0.00001 0.00001 0.00001 0.00001 0.00001 0.00001 0.00001 0.00001 0.00001 0.00001 0.00001 0.00001 0.00001 0.00001 0.00001 0.00001 0.00001 0.00001 0.00001 0.00001 0.00001 0.00001 0.00001 0.00001 0.00001 0.00001 0.00001 0.00001 0.00001 0.00001 0.00001 0.00001
0.00001 0.00001 0.00001 0.00001 0.00001 0.00001 0.00001 0.00001 0.00001 0.00001 0.00001 0.00001 0.00001 0.00001 0.00001 0.00001 0.00001 0.00001 0.00001 0.00001 0.00001 0.00001 0.00001 0.00001 0.00001 0.00001 0.00001 0.00001 0.00001 0.00001 0.00001 0.00001 0.00001 0.00001 0.00001 0.00001 0.00001 0.00001 0.00001 0.00001 0.00001 0.00001 0.00001 0.00001 0.00001 0.00001 0.00001 0.00001 0.00001 0.00001 0.00001 0.00001 0.00001 0.00001 0.00001 0.00001 0.00001 0.00001 0.00001 0.00001 0.00001 0.00001 0.00001 0.00001 0.00001 0.00001 0.00001
0.00001 0.00001 0.00001 0.00001 0.00001 0.00001 0.00001 0.00001 0.00001 0.00001 0.00001 0.00001 0.00001 0.00001 0.00001 0.00001 0.00001 0.00001 0.00001 0.00001 0.00001 0.00001 0.00001 0.00001 0.00001 0.00001 0.00001 0.00001 0.00001 0.00001 0.00001 0.00001 0.00001 0.00001 0.00001 0.00001 0.00001 0.00001 0.00001 0.00001 0.00001 0.00001 0.00001 0.00001 0.00001 0.00001 0.00001 0.00001 0.00001 0.00001 0.00001 0.00001 0.00001 0.00001 0.00001 0.00001 0.00001 0.00001 0.00001 0.00001 0.00001 0.00001 0.00001 0.00001 0.00001 0.00001 0.00001
0.00001 0.00001 0.00001 0.00001 0.00001 0.00001 0.00001 0.00001 0.00001 0.00001 0.00001 0.00001 0.00001 0.00001 0.00001 0.00001 0.00001 0.00001 0.00001 0.00001 0.00001 0.00001 0.00001 0.00001 0.00001 0.00001 0.00001 0.00001 0.00001 0.00001 0.00001 0.00001 0.00001 0.00001 0.00001 0.00001 0.00001 0.00001 0.00001 0.00001 0.00001 0.00001 0.00001 0.00001 0.00001 0.00001 0.00001 0.00001 0.00001 0.00001 0.00001 0.00001 0.00001 0.00001 0.00001 0.00001 0.00001 0.00001 0.00001 0.00001 0.00001 0.00001 0.00001 0.00001 0.00001 0.00001 0.00001
0.00001 0.00001 0.00001 0.00001 0.00001 0.00001 0.00001 0.00001 0.00001 0.00001 0.00001 0.00001 0.00001 0.00001 0.00001 0.00001 0.00001 0.00001 0.00001 0.00001 0.00001 0.00001 0.00001 0.00001 0.00001 0.00001 0.00001 0.00001 0.00001 0.00001 0.00001 0.00001 0.00001 0.00001 0.00001 0.00001 0.00001 0.00001 0.00001 0.00001 0.00001 0.00001 0.00001 0.00001 0.00001 0.00001 0.00001 0.00001 0.00001 0.00001 0.00001 0.00001 0.00001 0.00001 0.00001 0.00001 0.00001 0.00001 0.00001 0.00001 0.00001 0.00001 0.00001 0.00001 0.00001 0.00001 0.00001
0.00001 0.00001 0.00001 0.00001 0.00001 0.00001 0.00001 0.00001 0.00001 0.00001 0.00001 0.00001 0.00001 0.00001 0.00001 0.00001 0.00001 0.00001 0.00001 0.00001 0.00001 0.00001 0.00001 0.00001 0.00001 0.00001 0.00001 0.00001 0.00001 0.00001 0.00001 0.00001 0.00001 0.00001 0.00001 0.00001 0.00001 0.00001 0.00001 0.00001 0.00001 0.00001 0.00001 0.00001 0.00001 0.00001 0.00001 0.00001 0.00001 0.00001 0.00001 0.00001 0.00001 0.00001 0.00001 0.00001 0.00001 0.00001 0.00001 0.00001 0.00001 0.00001 0.00001 0.00001 0.00001 0.00001 0.00001
0.00001 0.00001 0.00001 0.00001 0.00001 0.00001 0.00001 0.00001 0.00001 0.00001 0.00001 0.00001 0.00001 0.00001 0.00001 0.00001 0.00001 0.00001 0.00001 0.00001 0.00001 0.00001 0.00001 0.00001 0.00001 0.00001 0.00001 0.00001 0.00001 0.00001 0.00001 0.00001 0.00001 0.00001 0.00001 0.00001 0.00001 0.00001 0.00001 0.00001 0.00001 0.00001 0.00001 0.00001 0.00001 0.00001 0.00001 0.00001 0.00001 0.00001 0.00001 0.00001 0.00001 0.00001 0.00001 0.00001 0.00001 0.00001 0.00001 0.00001 0.00001 0.00001 0.00001 0.00001 0.00001 0.00001 0.00001
0.00001 0.00001 0.00001 0.00001 0.00001 0.00001 0.00001 0.00001 0.00001 0.00001 0.00001 0.00001 0.00001 0.00001 0.00001 0.00001 0.00001 0.00001 0.00001 0.00001 0.00001 0.00001 0.00001 0.00001 0.00001 0.00001 0.00001 0.00001 0.00001 0.00001 0.00001 0.00001 0.00001 0.00001 0.00001 0.00001 0.00001 0.00001 0.00001 0.00001 0.00001 0.00001 0.00001 0.00001 0.00001 0.00001 0.00001 0.00001 0.00001 0.00001 0.00001 0.00001 0.00001 0.00001 0.00001 0.00001 0.00001 0.00001 0.00001 0.00001 0.00001 0.00001 0.00001 0.00001 0.00001 0.00001 0.00001
0.00260 0.00186 0.00085 0.00017 0.00002 0.00001 0.00001 0.00001 0.00001 0.00001 0.00001 0.00001 0.00001 0.00001 0.00001 0.00001 0.00001 0.00001 0.00001 0.00001 0.00001 0.00001 0.00001 0.00001 0.00001 0.00001 0.00001 0.00001 0.00001 0.00001 0.00001 0.00001 0.00001 0.00001 0.00001 0.00001 0.00001 0.00001 0.00001 0.00001 0.00001 0.00001 0.00001 0.00001 0.00001 0.00001 0.00001 0.00001 0.00001 0.00001 0.00001 0.00001 0.00001 0.00001 0.00001 0.00001 0.00001 0.00001 0.00001 0.00001 0.00001 0.00001 0.00001 0.00001 0.00001 0.00001 0.00001
0.00665 0.00583 0.00494 0.00428 0.00381 0.00330 0.00246 0.00124 0.00029 0.00003 0.00001 0.00001 0.00001 0.00001 0.00001 0.00001 0.00001 0.00001 0.00001 0.00001 0.00001 0.00001 0.00001 0.00001 0.00001 0.00001 0.00001 0.00001 0.00001 0.00001 0.00001 0.00001 0.00001 0.00001 0.00001 0.00001 0.00001 0.00001 0.00001 0.00001 0.00001 0.00001 0.00001 0.00001 0.00001 0.00001 0.00001 0.00001 0.00001 0.00001 0.00001 0.00001 0.00001 0.00001 0.00001 0.00001 0.00001 0.00001 0.00001 0.00001 0.00001 0.00001 0.00001 0.00001 0.00001 0.00001 0.00001
0.01245 0.01163 0.01073 0.00994 0.00924 0.00849 0.00750 0.00636 0.00547 0.00484 0.00420 0.00320 0.00172 0.00046 0.00005 0.00001 0.00001 0.00001 0.00001 0.00001 0.00001 0.00001 0.00001 0.00001 0.00001 0.00001 0.00001 0.00001 0.00001 0.00001 0.00001 0.00001 0.00001 0.00001 0.00001 0.00001 0.00001 0.00001 0.00001 0.00001 0.00001 0.00001 0.00001 0.00001 0.00001 0.00001 0.00001 0.00001 0.00001 0.00001 0.00001 0.00001 0.00001 0.00001 0.00001 0.00001 0.00001 0.00001 0.00001 0.00001 0.00001 0.00001 0.00001 0.00001 0.00001 0.00001 0.00001
0.02020 0.01943 0.01858 0.01774 0.01693 0.01608 0.01505 0.01391 0.01286 0.01194 0.01098 0.00976 0.00833 0.00715 0.00632 0.00553 0.00441 0.00265 0.00088 0.00011 0.00001 0.00001 0.00001 0.00001 0.00001 0.00001 0.00001 0.00001 0.00001 0.00001 0.00001 0.00001 0.00001 0.00001 0.00001 0.00001 0.00001 0.00001 0.00001 0.00001 0.00001 0.00001 0.00001 0.00001 0.00001 0.00001 0.00001 0.00001 0.00001 0.00001 0.00001 0.00001 0.00001 0.00001 0.00001 0.00001 0.00001 0.00001 0.00001 0.00001 0.00001 0.00001 0.00001 0.00001 0.00001 0.00001 0.00001
0.03016 0.02952 0.02879 0.02803 0.02725 0.02641 0.02544 0.02436 0.02329 0.02225 0.02116 0.01988 0.01845 0.01711 0.01592 0.01474 0.01328 0.01149 0.00987 0.00872 0.00776 0.00659 0.00475 0.00233 0.00058 0.00007 0.00002 0.00002 0.00001 0.00001 0.00001 0.00001 0.00001 0.00001 0.00001 0.00001 0.00001 0.00001 0.00001 0.00001 0.00001 0.00001 0.00001 0.00001 0.00001 0.00001 0.00001 0.00001 0.00001 0.00001 0.00001 0.00001 0.00001 0.00001 0.00001 0.00001 0.00001 0.00001 0.00001 0.00001 0.00001 0.00001 0.00001 0.00001 0.00001 0.00001 0.00001
0.04272 0.04231 0.04182 0.04126 0.04065 0.03998 0.03920 0.03831 0.03737 0.03641 0.03538 0.03421 0.03290 0.03157 0.03028 0.02896 0.02744 0.02569 0.02397 0.02244 0.02100 0.01936 0.01726 0.01498 0.01318 0.01187 0.01065 0.00908 0.00673 0.00384 0.00156 0.00057 0.00028 0.00017 0.00011 0.00008 0.00005 0.00004 0.00003 0.00002 0.00002 0.00001 0.00001 0.00001 0.00001 0.00001 0.00001 0.00001 0.00001 0.00001 0.00001 0.00001 0.00001 0.00001 0.00001 0.00001 0.00001 0.00001 0.00001 0.00001 0.00001 0.00001 0.00001 0.00001 0.00001 0.00001 0.00001
0.05840 0.05836 0.05824 0.05805 0.05779 0.05747 0.05704 0.05652 0.05591 0.05525 0.05452 0.05367 0.05268 0.05163 0.05055 0.04940 0.04810 0.04662 0.04508 0.04358 0.04209 0.04043 0.03846 0.03633 0.03435 0.03261 0.03090 0.02884 0.02621 0.02337 0.02102 0.01931 0.01787 0.01622 0.01392 0.01092 0.00777 0.00529 0.00373 0.00283 0.00228 0.00189 0.00160 0.00138 0.00121 0.00107 0.00095 0.00083 0.00072 0.00062 0.00053 0.00043 0.00035 0.00027 0.00020 0.00014 0.00009 0.00006 0.00004 0.00003 0.00002 0.00002 0.00001 0.00001 0.00001 0.00001 0.00001
0.07787 0.07838 0.07882 0.07919 0.07949 0.07973 0.07988 0.07994 0.07993 0.07984 0.07968 0.07942 0.07904 0.07858 0.07806 0.07747 0.07676 0.07591 0.07496 0.07398 0.07298 0.07185 0.07051 0.06902 0.06754 0.06616 0.06479 0.06319 0.06122 0.05908 0.05716 0.05561 0.05422 0.05258 0.05032 0.04755 0.04486 0.04288 0.04168 0.04082 0.03967 0.03775 0.03507 0.03201 0.02890 0.02608 0.02363 0.02149 0.01947 0.01746 0.01546 0.01346 0.01148 0.00956 0.00775 0.00607 0.00460 0.00336 0.00240 0.00169 0.00117 0.00078 0.00050 0.00031 0.00017 0.00009 0.00004
0.10194 0.10322 0.10445 0.10563 0.10674 0.10781 0.10881 0.10973 0.11060 0.11140 0.11214 0.11280 0.11338 0.11389 0.11433 0.11472 0.11503 0.11523 0.11536 0.11545 0.11551 0.11551 0.11539 0.11519 0.11498 0.11484 0.11476 0.11462 0.11434 0.11403 0.11391 0.11414 0.11464 0.11518 0.11557 0.11593 0.11667 0.11815 0.12030 0.12239 0.12356 0.12355 0.12272 0.12172 0.12104 0.12017 0.11813 0.11424 0.10868 0.10226 0.09547 0.08814 0.08025 0.07188 0.06316 0.05430 0.04556 0.03734 0.03001 0.02373 0.01851 0.01421 0.01062 0.00763 0.00520 0.00331 0.00192
0.13161 0.13394 0.13624 0.13851 0.14075 0.14295 0.14512 0.14726 0.14935 0.15140 0.15342 0.15540 0.15734 0.15923 0.16109 0.16293 0.16473 0.16650 0.16823 0.16997 0.17173 0.17351 0.17529 0.17711 0.17902 0.18111 0.18341 0.18593 0.18868 0.19177 0.19543 0.19984 0.20511 0.21084 0.21633 0.22134 0.22587 0.22991 0.23326 0.23586 0.23776 0.23905 0.24003 0.24091 0.24164 0.24193 0.24160 0.24066 0.23903 0.23597 0.23093 0.22464 0.21734 0.20865 0.19806 0.18527 0.17021 0.15330 0.13503 0.11633 0.09831 0.08187 0.06727 0.05432 0.04269 0.03216 0.02283
0.16812 0.17184 0.17557 0.17930 0.18304 0.18679 0.19055 0.19431 0.19807 0.20185 0.20563 0.20943 0.21325 0.21709 0.22097 0.22489 0.22888 0.23295 0.23713 0.24147 0.24604 0.25091 0.25619 0.26202 0.26866 0.27648 0.28557 0.29506 0.30448 0.31358 0.32218 0.33009 0.33703 0.34305 0.34849 0.35344 0.35797 0.36217 0.36599 0.36934 0.37216 0.37446 0.37637 0.37794 0.37914 0.37987 0.38008 0.37981 0.37906 0.37777 0.37553 0.37170 0.36643 0.35982 0.35183 0.34250 0.33196 0.31986 0.30527 0.28742 0.26576 0.24032 0.21212 0.18285 0.15434 0.12763 0.10275
0.21326 0.21884 0.22449 0.23020 0.23599 0.24186 0.24781 0.25385 0.25999 0.26626 0.27266 0.27923 0.28601 0.29306 0.30048 0.30843 0.31714 0.32703 0.33881 0.35204 0.36578 0.37955 0.39308 0.40610 0.41831 0.42928 0.43884 0.44769 0.45608 0.46409 0.47175 0.47905 0.48599 0.49250 0.49853 0.50406 0.50910 0.51368 0.51777 0.52136 0.52441 0.52693 0.52894 0.53046 0.53146 0.53190 0.53176 0.53102 0.52970 0.52777 0.52510 0.52155 0.51691 0.51111 0.50421 0.49664 0.48887 0.48033 0.47030 0.45815 0.44332 0.42523 0.40320 0.37638 0.34400 0.30631 0.26485
0.27016 0.27840 0.28686 0.29554 0.30451 0.31381 0.32353 0.33382 0.34496 0.35745 0.37244 0.38971 0.40802 0.42671 0.44541 0.46380 0.48154 0.49814 0.51280 0.52585 0.53806 0.54975 0.56100 0.57185 0.58231 0.59237 0.60204 0.61131 0.62016 0.62858 0.63655 0.64405 0.65108 0.65760 0.66357 0.66898 0.67382 0.67811 0.68183 0.68497 0.68752 0.68948 0.69083 0.69159 0.69173 0.69124 0.69009 0.68827 0.68576 0.68250 0.67844 0.67375 0.66822 0.66172 0.65440 0.64716 0.64027 0.63298 0.62474 0.61506 0.60344 0.58937 0.57232 0.55181 0.52728 0.49808 0.46316
0.34889 0.36427 0.38336 0.40492 0.42781 0.45139 0.47524 0.49901 0.52234 0.54460 0.56455 0.58234 0.59897 0.61487 0.63021 0.64507 0.65946 0.67338 0.68683 0.69978 0.71228 0.72433 0.73592 0.74703 0.75767 0.76783 0.77750 0.78667 0.79534 0.80348 0.81108 0.81812 0.82459 0.83046 0.83572 0.84035 0.84434 0.84769 0.85040 0.85245 0.85384 0.85457 0.85462 0.85400 0.85270 0.85071 0.84801 0.84459 0.84041 0.83537 0.82972 0.82342 0.81636 0.80848 0.80011 0.79253 0.78542 0.77801 0.76987 0.76059 0.74978 0.73706 0.72204 0.70433 0.68352 0.65910 0.63044
0.53989 0.56686 0.59075 0.61270 0.63357 0.65372 0.67331 0.69240 0.71101 0.72912 0.74671 0.76376 0.78030 0.79634 0.81189 0.82692 0.84143 0.85541 0.86885 0.88175 0.89411 0.90594 0.91723 0.92797 0.93816 0.94778 0.95684 0.96531 0.97319 0.98045 0.98709 0.99309 0.99843 1.00310 1.00709 1.01037 1.01296 1.01483 1.01599 1.01643 1.01616 1.01518 1.01347 1.01105 1.00791 1.00404 0.99944 0.99406 0.98789 0.98108 0.97361 0.96549 0.95666 0.94712 0.93757 0.92927 0.92136 0.91318 0.90436 0.89456 0.88346 0.87075 0.85612 0.83928 0.81993 0.79772 0.77221
0.73000 0.75237 0.77419 0.79546 0.81622 0.83648 0.85624 0.87548 0.89418 0.91233 0.92990 0.94690 0.96333 0.97920 0.99449 1.00921 1.02335 1.03690 1.04985 1.06219 1.07393 1.08506 1.09558 1.10548 1.11474 1.12336 1.13133 1.13864 1.14527 1.15121 1.15646 1.16098 1.16479 1.16786 1.17018 1.17175 1.17257 1.17263 1.17193 1.17049 1.16829 1.16535 1.16167 1.15726 1.15211 1.14621 1.13956 1.13221 1.12418 1.11549 1.10615 1.09617 1.08553 1.07429 1.06363 1.05430 1.04527 1.03599 1.02615 1.01545 1.00362 0.99040 0.97553 0.95877 0.93988 0.91857 0.89454
0.90278 0.92569 0.94798 0.96963 0.99068 1.01113 1.03097 1.05022 1.06885 1.08685 1.10422 1.12095 1.13705 1.15252 1.16734 1.18152 1.19505 1.20791 1.22010 1.23163 1.24247 1.25264 1.26211 1.27089 1.27895 1.28631 1.29293 1.29882 1.30397 1.30837 1.31201 1.31488 1.31697 1.31828 1.31880 1.31854 1.31749 1.31567 1.31307 1.30970 1.30557 1.30069 1.29507 1.28869 1.28158 1.27377 1.26527 1.25609 1.24626 1.23578 1.22468 1.21296 1.20065 1.18786 1.17614 1.16564 1.15534 1.14482 1.13382 1.12209 1.10939 1.09550 1.08019 1.06325 1.04446 1.02358 1.00033
1.05739 1.08088 1.10366 1.12572 1.14708 1.16775 1.18772 1.20699 1.22556 1.24342 1.26058 1.27702 1.29276 1.30777 1.32207 1.33565 1.34849 1.36060 1.37196 1.38259 1.39246 1.40158 1.40994 1.41753 1.42434 1.43038 1.43563 1.44009 1.44376 1.44663 1.44869 1.44994 1.45039 1.45002 1.44884 1.44686 1.44408 1.44051 1.43617 1.43105 1.42517 1.41854 1.41116 1.40307 1.39428 1.38481 1.37467 1.36389 1.35246 1.34043 1.32779 1.31457 1.30079 1.28670 1.27394 1.26221 1.25063 1.23888 1.22673 1.21397 1.20041 1.18585 1.17009 1.15292 1.13415 1.11355 1.09084
1.18860 1.21269 1.23598 1.25847 1.28017 1.30108 1.32120 1.34054 1.35909 1.37685 1.39383 1.41001 1.42540 1.44000 1.45380 1.46680 1.47900 1.49040 1.50099 1.51077 1.51973 1.52788 1.53521 1.54171 1.54739 1.55224 1.55625 1.55944 1.56179 1.56330 1.56399 1.56383 1.56285 1.56103 1.55840 1.55496 1.55072 1.54568 1.53986 1.53328 1.52593 1.51785 1.50906 1.49956 1.48939 1.47855 1.46706 1.45494 1.44220 1.42888 1.41498 1.40051 1.38554 1.37041 1.35666 1.34374 1.33095 1.31805 1.30485 1.29116 1.27683 1.26167 1.24551 1.22816 1.20942 1.18906 1.16681
1.29512 1.31974 1.34349 1.36636 1.38837 1.40951 1.42978 1.44919 1.46773 1.48542 1.50224 1.51819 1.53329 1.54753 1.56090 1.57341 1.58506 1.59585 1.60578 1.61484 1.62304 1.63037 1.63684 1.64244 1.64717 1.65104 1.65405 1.65619 1.65747 1.65790 1.65747 1.65619 1.65406 1.65110 1.64732 1.64272 1.63731 1.63112 1.62415 1.61642 1.60794 1.59874 1.58884 1.57824 1.56698 1.55506 1.54252 1.52935 1.51560 1.50126 1.48637 1.47094 1.45503 1.43909 1.42443 1.41044 1.39658 1.38267 1.36856 1.35408 1.33910 1.32346 1.30699 1.28951 1.27082 1.25070 1.22888
