tests/data/gray99/saval2D/outputs/resuqu5.asc
north:     17.44
south:      0.00
east:      60.51
west:       0.00
rows:   68
cols:  236
[rows 29 to 57 of 68, columns 65 to 129 of 236]
11.34379 11.52945 11.71274 11.89369 12.07235 12.24869 12.42268 12.59424 12.76323 12.92941 13.09254 13.25226 13.40813 13.55964 13.70621 13.84715 13.98174 14.10914 14.22844 14.33864 14.43868 14.52736 14.60347 14.66564 14.71248 14.74248 14.75410 14.74568 14.71548 14.66173 14.58249 14.47572 14.33912 14.17007 13.96540 13.72106 13.43159 13.08922 12.68274 12.19704 11.61160 10.89923 10.02615 8.95582 7.66070 6.14610 4.48529 2.84706 1.47187 0.56085 0.13372 0.01481 0.00043 0.00000 0.00000 0.00000 0.00000 0.00000 0.00000 0.00000 0.00000 0.00000 0.00000 0.00000 0.00000
11.43295 11.61814 11.80130 11.98255 12.16199 12.33973 12.51584 12.69035 12.86323 13.03440 13.20367 13.37080 13.53542 13.69709 13.85523 14.00918 14.15814 14.30117 14.43725 14.56521 14.68375 14.79151 14.88698 14.96860 15.03471 15.08358 15.11345 15.12248 15.10882 15.07054 15.00568 14.91216 14.78771 14.62982 14.43543 14.20074 13.92071 13.58810 13.19260 12.72021 12.15180 11.46168 10.61723 9.58150 8.32233 6.83245 5.16215 3.45209 1.93037 0.82907 0.23886 0.03638 0.00186 0.00002 0.00000 0.00000 0.00000 0.00000 0.00000 0.00000 0.00000 0.00000 0.00000 0.00000 0.00000
11.48566 11.67005 11.85258 12.03341 12.21271 12.39066 12.56741 12.74310 12.91778 13.09148 13.26411 13.43550 13.60539 13.77337 13.93893 14.10141 14.26000 14.41372 14.56144 14.70187 14.83358 14.95500 15.06444 15.16014 15.24026 15.30289 15.34610 15.36791 15.36633 15.33939 15.28504 15.20120 15.08564 14.93588 14.74900 14.52133 14.24791 13.92179 13.53350 13.06983 12.51260 11.83715 11.01177 9.99963 8.76636 7.29782 5.63043 3.88564 2.27799 1.05101 0.33857 0.06200 0.00438 0.00006 0.00000 0.00000 0.00000 0.00000 0.00000 0.00000 0.00000 0.00000 0.00000 0.00000 0.00000
11.50251 11.68628 11.86820 12.04848 12.22736 12.40508 12.58182 12.75771 12.93286 13.10732 13.28108 13.45403 13.62598 13.79664 13.96554 14.13201 14.29521 14.45413 14.60761 14.75428 14.89266 15.02110 15.13791 15.24118 15.32891 15.39908 15.44961 15.47846 15.48356 15.46290 15.41446 15.33619 15.22582 15.08084 14.89830 14.67455 14.40484 14.08266 13.69888 13.24080 12.69063 12.02418 11.21019 10.21197 8.99427 7.53983 5.87827 4.12090 2.47359 1.18267 0.40257 0.08063 0.00665 0.00012 0.00000 0.00000 0.00000 0.00000 0.00000 0.00000 0.00000 0.00000 0.00000 0.00000 0.00000
11.48028 11.66388 11.84559 12.02561 12.20417 12.38148 12.55772 12.73305 12.90757 13.08134 13.25436 13.42654 13.59769 13.76752 13.93557 14.10121 14.26363 14.42186 14.57474 14.72097 14.85904 14.98735 15.10416 15.20759 15.29566 15.36635 15.41759 15.44734 15.45354 15.43414 15.38712 15.31039 15.20170 15.05856 14.87803 14.65647 14.38911 14.06946 13.68846 13.23345 12.68668 12.02399 11.21412 10.22039 9.00751 7.55790 5.90037 4.14478 2.49549 1.19860 0.41087 0.08322 0.00700 0.00013 0.00000 0.00000 0.00000 0.00000 0.00000 0.00000 0.00000 0.00000 0.00000 0.00000 0.00000
11.42459 11.60846 11.79031 11.97032 12.14863 12.32542 12.50083 12.67498 12.84795 13.01977 13.19039 13.35966 13.52735 13.69310 13.85646 14.01683 14.17346 14.32545 14.47173 14.61106 14.74207 14.86321 14.97285 15.06923 15.15051 15.21481 15.26017 15.28461 15.28613 15.26270 15.21229 15.13277 15.02190 14.87714 14.69555 14.47339 14.20582 13.88621 13.50534 13.05023 12.50253 11.83743 11.02333 10.02350 8.80341 7.34792 5.69094 3.94985 2.33533 1.09121 0.35842 0.06772 0.00505 0.00008 0.00000 0.00000 0.00000 0.00000 0.00000 0.00000 0.00000 0.00000 0.00000 0.00000 0.00000
11.33431 11.51850 11.70045 11.88028 12.05807 12.23392 12.40790 12.58003 12.75030 12.91865 13.08494 13.24896 13.41043 13.56894 13.72403 13.87510 14.02144 14.16222 14.29649 14.42315 14.54100 14.64871 14.74483 14.82781 14.89601 14.94773 14.98117 14.99450 14.98583 14.95323 14.89469 14.80810 14.69118 14.54134 14.35550 14.12980 13.85919 13.53678 13.15295 12.69390 12.14019 11.46623 10.63964 9.62358 8.38533 6.91554 5.25985 3.55222 2.01555 0.88478 0.26368 0.04245 0.00239 0.00002 0.00000 0.00000 0.00000 0.00000 0.00000 0.00000 0.00000 0.00000 0.00000 0.00000 0.00000
11.20646 11.39056 11.57208 11.75103 11.92745 12.10131 12.27258 12.44118 12.60700 12.76985 12.92951 13.08571 13.23806 13.38615 13.52948 13.66747 13.79948 13.92478 14.04253 14.15182 14.25167 14.34095 14.41845 14.48289 14.53288 14.56694 14.58350 14.58092 14.55744 14.51127 14.44046 14.34291 14.21632 14.05801 13.86477 13.63253 13.35593 13.02764 12.63728 12.16962 11.60408 10.91374 10.06514 9.02175 7.75469 6.26542 4.61982 2.97750 1.57455 0.62083 0.15620 0.01894 0.00065 0.00000 0.00000 0.00000 0.00000 0.00000 0.00000 0.00000 0.00000 0.00000 0.00000 0.00000 0.00000
11.03630 11.21927 11.39914 11.57586 11.74935 11.91948 12.08610 12.24905 12.40809 12.56296 12.71333 12.85886 12.99912 13.13370 13.26207 13.38370 13.49803 13.60443 13.70221 13.79065 13.86893 13.93619 13.99148 14.03374 14.06186 14.07458 14.07060 14.04846 14.00662 13.94337 13.85689 13.74511 13.60567 13.43585 13.23222 12.99046 12.70478 12.36714 11.96584 11.48383 10.89909 10.18298 9.30101 8.21818 6.91342 5.40688 3.79564 2.27172 1.07410 0.35645 0.06795 0.00511 0.00008 0.00000 0.00000 0.00000 0.00000 0.00000 0.00000 0.00000 0.00000 0.00000 0.00000 0.00000 0.00000
10.81742 10.99757 11.17397 11.34646 11.51485 11.67896 11.83852 11.99325 12.14284 12.28698 12.42526 12.55731 12.68270 12.80098 12.91169 13.01435 13.10846 13.19350 13.26897 13.33424 13.38873 13.43178 13.46263 13.48050 13.48448 13.47356 13.44666 13.40254 13.33981 13.25694 13.15218 13.02352 12.86860 12.68453 12.46773 12.21346 11.91530 11.56410 11.14598 10.64219 10.02870 9.27496 8.34621 7.21219 5.86696 4.36155 2.83607 1.51205 0.59943 0.15087 0.01817 0.00061 0.00000 0.00000 0.00000 0.00000 0.00000 0.00000 0.00000 0.00000 0.00000 0.00000 0.00000 0.00000 0.00000
10.54268 10.71784 10.88846 11.05429 11.21510 11.37057 11.52040 11.66424 11.80172 11.93245 12.05608 12.17217 12.28031 12.38009 12.47110 12.55294 12.62517 12.68737 12.73915 12.78007 12.80967 12.82746 12.83289 12.82533 12.80410 12.76842 12.71733 12.64982 12.56468 12.46049 12.33562 12.18809 12.01548 11.81480 11.58211 11.31215 10.99752 10.62719 10.18440 9.64873 8.99384 8.18774 7.19800 6.00605 4.63413 3.18022 1.83240 0.81309 0.24258 0.03851 0.00209 0.00002 0.00000 0.00000 0.00000 0.00000 0.00000 0.00000 0.00000 0.00000 0.00000 0.00000 0.00000 0.00000 0.00000
10.20563 10.37338 10.53571 10.69235 10.84297 10.98722 11.12476 11.25522 11.37820 11.49330 11.60012 11.69829 11.78743 11.86720 11.93718 11.99709 12.04656 12.08527 12.11288 12.12910 12.13357 12.12595 12.10582 12.07274 12.02613 11.96539 11.88975 11.79830 11.69000 11.56356 11.41738 11.24951 11.05747 10.83797 10.58665 10.29733 9.96094 9.56308 9.08488 8.50384 7.79147 6.91664 5.85623 4.61728 3.26989 1.97088 0.93253 0.30553 0.05613 0.00391 0.00005 0.00000 0.00000 0.00000 0.00000 0.00000 0.00000 0.00000 0.00000 0.00000 0.00000 0.00000 0.00000 0.00000 0.00000
9.80204 9.95991 10.11151 10.25651 10.39456 10.52530 10.64835 10.76332 10.86985 10.96754 11.05604 11.13497 11.20400 11.26281 11.31112 11.34863 11.37508 11.39023 11.39382 11.38560 11.36533 11.33275 11.28755 11.22937 11.15783 11.07237 10.97239 10.85710 10.72552 10.57641 10.40825 10.21899 10.00594 9.76539 9.49213 9.17844 8.81213 8.37458 7.84624 7.20225 6.41432 5.45959 4.33960 3.11003 1.90601 0.92228 0.31132 0.05966 0.00444 0.00007 0.00000 0.00000 0.00000 0.00000 0.00000 0.00000 0.00000 0.00000 0.00000 0.00000 0.00000 0.00000 0.00000 0.00000 0.00000
9.33075 9.47645 9.61511 9.74637 9.86983 9.98513 10.09192 10.18981 10.27847 10.35754 10.42666 10.48555 10.53389 10.57139 10.59781 10.61294 10.61656 10.60849 10.58855 10.55652 10.51226 10.45551 10.38607 10.30368 10.20797 10.09854 9.97483 9.83615 9.68154 9.50978 9.31923 9.10763 8.87184 8.60733 8.30727 7.96087 7.55025 7.05682 6.45940 5.73350 4.85976 3.84145 2.73125 1.65339 0.78391 0.25558 0.04616 0.00310 0.00004 0.00000 0.00000 0.00000 0.00000 0.00000 0.00000 0.00000 0.00000 0.00000 0.00000 0.00000 0.00000 0.00000 0.00000 0.00000 0.00000
8.79379 8.92532 9.04914 9.16487 9.27212 9.37057 9.45979 9.53948 9.60930 9.66894 9.71811 9.75653 9.78394 9.80010 9.80484 9.79789 9.77916 9.74844 9.70566 9.65065 9.58326 9.50336 9.41074 9.30518 9.18636 9.05394 8.90738 8.74598 8.56877 8.37442 8.16097 7.92567 7.66438 7.37083 7.03488 6.63927 6.16526 5.59573 4.91103 4.09842 3.16922 2.18253 1.25978 0.55534 0.16175 0.02441 0.00121 0.00001 0.00000 0.00000 0.00000 0.00000 0.00000 0.00000 0.00000 0.00000 0.00000 0.00000 0.00000 0.00000 0.00000 0.00000 0.00000 0.00000 0.00000
8.19555 8.31132 8.41879 8.51761 8.60743 8.68788 8.75864 8.81940 8.86982 8.90963 8.93857 8.95640 8.96292 8.95795 8.94128 8.91278 8.87231 8.81974 8.75495 8.67789 8.58841 8.48640 8.37173 8.24416 8.10343 7.94914 7.78070 7.59732 7.39784 7.18054 6.94279 6.68067 6.38796 6.05450 5.66289 5.19483 4.63792 3.97947 3.21749 2.37788 1.53280 0.80189 0.30525 0.07136 0.00763 0.00022 0.00000 0.00000 0.00000 0.00000 0.00000 0.00000 0.00000 0.00000 0.00000 0.00000 0.00000 0.00000 0.00000 0.00000 0.00000 0.00000 0.00000 0.00000 0.00000
7.54197 7.64075 7.73076 7.81169 7.88317 7.94491 7.99660 8.03793 8.06865 8.08847 8.09721 8.09460 8.08049 8.05472 8.01715 7.96767 7.90617 7.83258 7.74680 7.64873 7.53830 7.41540 7.27989 7.13155 6.97006 6.79493 6.60543 6.40041 6.17815 5.93597 5.66977 5.37290 5.03449 4.63616 4.16269 3.60880 2.97259 2.26865 1.54270 0.88001 0.38492 0.11316 0.01813 0.00110 0.00002 0.00000 0.00000 0.00000 0.00000 0.00000 0.00000 0.00000 0.00000 0.00000 0.00000 0.00000 0.00000 0.00000 0.00000 0.00000 0.00000 0.00000 0.00000 0.00000 0.00000
6.83968 6.92051 6.99228 7.05466 7.10734 7.14996 7.18227 7.20402 7.21495 7.21486 7.20354 7.18081 7.14654 7.10057 7.04277 6.97310 6.89145 6.79779 6.69205 6.57417 6.44405 6.30157 6.14654 5.97866 5.79742 5.60206 5.39133 5.16330 4.91494 4.64146 4.33526 3.98401 3.56908 3.08469 2.53746 1.94217 1.33445 0.77881 0.35643 0.11451 0.02200 0.00196 0.00006 0.00000 0.00000 0.00000 0.00000 0.00000 0.00000 0.00000 0.00000 0.00000 0.00000 0.00000 0.00000 0.00000 0.00000 0.00000 0.00000 0.00000 0.00000 0.00000 0.00000 0.00000 0.00000
6.09541 6.15784 6.21090 6.25435 6.28792 6.31132 6.32430 6.32659 6.31799 6.29833 6.26740 6.22511 6.17130 6.10590 6.02883 5.93999 5.83937 5.72688 5.60247 5.46611 5.31765 5.15688 4.98344 4.79675 4.59580 4.37905 4.14404 3.88697 3.60203 3.28041 2.90809 2.47434 1.99313 1.48718 0.99066 0.55710 0.24512 0.07659 0.01504 0.00158 0.00007 0.00000 0.00000 0.00000 0.00000 0.00000 0.00000 0.00000 0.00000 0.00000 0.00000 0.00000 0.00000 0.00000 0.00000 0.00000 0.00000 0.00000 0.00000 0.00000 0.00000 0.00000 0.00000 0.00000 0.00000
5.30578 5.35251 5.38950 5.41623 5.43233 5.43748 5.43156 5.41484 5.38729 5.34876 5.29909 5.23814 5.16588 5.08221 4.98708 4.88043 4.76225 4.63248 4.49098 4.33759 4.17205 3.99375 3.80186 3.59506 3.37107 3.12668 2.85732 2.55630 2.21476 1.82456 1.40269 0.98288 0.60151 0.30254 0.11608 0.03141 0.00559 0.00061 0.00004 0.00000 0.00000 0.00000 0.00000 0.00000 0.00000 0.00000 0.00000 0.00000 0.00000 0.00000 0.00000 0.00000 0.00000 0.00000 0.00000 0.00000 0.00000 0.00000 0.00000 0.00000 0.00000 0.00000 0.00000 0.00000 0.00000
4.48779 4.51447 4.53215 4.54055 4.53945 4.52863 4.50763 4.47560 4.43218 4.37713 4.31030 4.23218 4.14303 4.04283 3.93142 3.80873 3.67481 3.52945 3.37212 3.20246 3.01976 2.82231 2.60809 2.37484 2.11845 1.83492 1.52190 1.17874 0.82764 0.51034 0.26232 0.10522 0.03091 0.00651 0.00100 0.00011 0.00001 0.00000 0.00000 0.00000 0.00000 0.00000 0.00000 0.00000 0.00000 0.00000 0.00000 0.00000 0.00000 0.00000 0.00000 0.00000 0.00000 0.00000 0.00000 0.00000 0.00000 0.00000 0.00000 0.00000 0.00000 0.00000 0.00000 0.00000 0.00000
3.66082 3.66792 3.66615 3.65527 3.63509 3.60550 3.56628 3.51723 3.45828 3.38943 3.31024 3.21984 3.11797 3.00451 2.87920 2.74238 2.59435 2.43435 2.26067 2.07244 1.86898 1.64712 1.40481 1.14620 0.87508 0.59875 0.34844 0.16524 0.06023 0.01599 0.00319 0.00053 0.00008 0.00001 0.00000 0.00000 0.00000 0.00000 0.00000 0.00000 0.00000 0.00000 0.00000 0.00000 0.00000 0.00000 0.00000 0.00000 0.00000 0.00000 0.00000 0.00000 0.00000 0.00000 0.00000 0.00000 0.00000 0.00000 0.00000 0.00000 0.00000 0.00000 0.00000 0.00000 0.00000
2.83661 2.82521 2.80525 2.77646 2.73874 2.69207 2.63623 2.57094 2.49634 2.41253 2.31904 2.21543 2.10210 1.97896 1.84408 1.69587 1.53520 1.36130 1.17085 0.96596 0.75648 0.54970 0.35015 0.17903 0.06764 0.01834 0.00348 0.00054 0.00009 0.00001 0.00000 0.00000 0.00000 0.00000 0.00000 0.00000 0.00000 0.00000 0.00000 0.00000 0.00000 0.00000 0.00000 0.00000 0.00000 0.00000 0.00000 0.00000 0.00000 0.00000 0.00000 0.00000 0.00000 0.00000 0.00000 0.00000 0.00000 0.00000 0.00000 0.00000 0.00000 0.00000 0.00000 0.00000 0.00000
2.03620 2.00792 1.97153 1.92664 1.87334 1.81180 1.74159 1.66216 1.57395 1.47745 1.37149 1.25496 1.12946 0.99640 0.85357 0.70096 0.54722 0.40168 0.26514 0.14284 0.05436 0.01227 0.00156 0.00013 0.00001 0.00000 0.00000 0.00000 0.00000 0.00000 0.00000 0.00000 0.00000 0.00000 0.00000 0.00000 0.00000 0.00000 0.00000 0.00000 0.00000 0.00000 0.00000 0.00000 0.00000 0.00000 0.00000 0.00000 0.00000 0.00000 0.00000 0.00000 0.00000 0.00000 0.00000 0.00000 0.00000 0.00000 0.00000 0.00000 0.00000 0.00000 0.00000 0.00000 0.00000
1.29713 1.25550 1.20659 1.14983 1.08569 1.01497 0.93711 0.85123 0.75902 0.66307 0.56273 0.45726 0.35270 0.25757 0.17203 0.09482 0.03593 0.00697 0.00043 0.00000 0.00000 0.00000 0.00000 0.00000 0.00000 0.00000 0.00000 0.00000 0.00000 0.00000 0.00000 0.00000 0.00000 0.00000 0.00000 0.00000 0.00000 0.00000 0.00000 0.00000 0.00000 0.00000 0.00000 0.00000 0.00000 0.00000 0.00000 0.00000 0.00000 0.00000 0.00000 0.00000 0.00000 0.00000 0.00000 0.00000 0.00000 0.00000 0.00000 0.00000 0.00000 0.00000 0.00000 0.00000 0.00000
0.68239 0.63642 0.58549 0.52897 0.46839 0.40632 0.34264 0.27643 0.21137 0.15378 0.10374 0.05843 0.02241 0.00417 0.00022 0.00000 0.00000 0.00000 0.00000 0.00000 0.00000 0.00000 0.00000 0.00000 0.00000 0.00000 0.00000 0.00000 0.00000 0.00000 0.00000 0.00000 0.00000 0.00000 0.00000 0.00000 0.00000 0.00000 0.00000 0.00000 0.00000 0.00000 0.00000 0.00000 0.00000 0.00000 0.00000 0.00000 0.00000 0.00000 0.00000 0.00000 0.00000 0.00000 0.00000 0.00000 0.00000 0.00000 0.00000 0.00000 0.00000 0.00000 0.00000 0.00000 0.00000
0.26374 0.22831 0.19212 0.15433 0.11733 0.08535 0.05812 0.03315 0.01264 0.00221 0.00010 0.00000 0.00000 0.00000 0.00000 0.00000 0.00000 0.00000 0.00000 0.00000 0.00000 0.00000 0.00000 0.00000 0.00000 0.00000 0.00000 0.00000 0.00000 0.00000 0.00000 0.00000 0.00000 0.00000 0.00000 0.00000 0.00000 0.00000 0.00000 0.00000 0.00000 0.00000 0.00000 0.00000 0.00000 0.00000 0.00000 0.00000 0.00000 0.00000 0.00000 0.00000 0.00000 0.00000 0.00000 0.00000 0.00000 0.00000 0.00000 0.00000 0.00000 0.00000 0.00000 0.00000 0.00000
0.05952 0.04360 0.03000 0.01704 0.00616 0.00092 0.00003 0.00000 0.00000 0.00000 0.00000 0.00000 0.00000 0.00000 0.00000 0.00000 0.00000 0.00000 0.00000 0.00000 0.00000 0.00000 0.00000 0.00000 0.00000 0.00000 0.00000 0.00000 0.00000 0.00000 0.00000 0.00000 0.00000 0.00000 0.00000 0.00000 0.00000 0.00000 0.00000 0.00000 0.00000 0.00000 0.00000 0.00000 0.00000 0.00000 0.00000 0.00000 0.00000 0.00000 0.00000 0.00000 0.00000 0.00000 0.00000 0.00000 0.00000 0.00000 0.00000 0.00000 0.00000 0.00000 0.00000 0.00000 0.00000
0.00237 0.00025 0.00000 0.00000 0.00000 0.00000 0.00000 0.00000 0.00000 0.00000 0.00000 0.00000 0.00000 0.00000 0.00000 0.00000 0.00000 0.00000 0.00000 0.00000 0.00000 0.00000 0.00000 0.00000 0.00000 0.00000 0.00000 0.00000 0.00000 0.00000 0.00000 0.00000 0.00000 0.00000 0.00000 0.00000 0.00000 0.00000 0.00000 0.00000 0.00000 0.00000 0.00000 0.00000 0.00000 0.00000 0.00000 0.00000 0.00000 0.00000 0.00000 0.00000 0.00000 0.00000 0.00000 0.00000 0.00000 0.00000 0.00000 0.00000 0.00000 0.00000 0.00000 0.00000 0.00000
