tests/data/gray99/saval2D/outputs/resuh4.asc
north:     17.44
south:      0.00
east:      60.51
west:       0.00
rows:   68
cols:  236
[rows 0 to 28 of 68, columns 0 to 66 of 236]
0.00001 0.00001 0.00001 0.00001 0.00001 0.00001 0.00001 0.00001 0.00001 0.00001 0.00001 0.00001 0.00001 0.00001 0.00001 0.00001 0.00001 0.00001 0.00001 0.00001 0.00001 0.00001 0.00001 0.00001 0.00001 0.00001 0.00001 0.00001 0.00001 0.00001 0.00001 0.00001 0.00001 0.00001 0.00001 0.00001 0.00001 0.00001 0.00001 0.00001 0.00001 0.00001 0.00001 0.00001 0.00001 0.00001 0.00001 0.00001 0.00001 0.00001 0.00001 0.00001 0.00001 0.00001 0.00001 0.00001 0.00001 0.00001 0.00001 0.00001 0.00001 0.00001 0.00001 0.00001 0.00001 0.00001 0.00001
0.00001 0.00001 0.00001 0.00001 0.00001 0.00001 0.00001 0.00001 0.00001 0.00001 0.00001 0.00001 0.00001 0.00001 0.00001 0.00001 0.00001 0.00001 0.00001 0.00001 0.00001 0.00001 0.00001 0.00001 0.00001 0.00001 0.00001 0.00001 0.00001 0.00001 0.00001 0.00001 0.00001 0.00001 0.00001 0.00001 0.00001 0.00001 0.00001 0.00001 0.00001 0.00001 0.00001 0.00001 0.00001 0.00001 0.00001 0.00001 0.00001 0.00001 0.00001 0.00001 0.00001 0.00001 0.00001 0.00001 0.00001 0.00001 0.00001 0.00001 0.00001 0.00001 0.00001 0.00001 0.00001 0.00001 0.00001
0.00001 0.00001 0.00001 0.00001 0.00001 0.00001 0.00001 0.00001 0.00001 0.00001 0.00001 0.00001 0.00001 0.00001 0.00001 0.00001 0.00001 0.00001 0.00001 0.00001 0.00001 0.00001 0.00001 0.00001 0.00001 0.00001 0.00001 0.00001 0.00001 0.00001 0.00001 0.00001 0.00001 0.00001 0.00001 0.00001 0.00001 0.00001 0.00001 0.00001 0.00001 0.00001 0.00001 0.00001 0.00001 0.00001 0.00001 0.00001 0.00001 0.00001 0.00001 0.00001 0.00001 0.00001 0.00001 0.00001 0.00001 0.00001 0.00001 0.00001 0.00001 0.00001 0.00001 0.00001 0.00001 0.00001 0.00001
0.00001 0.00001 0.00001 0.00001 0.00001 0.00001 0.00001 0.00001 0.00001 0.00001 0.00001 0.00001 0.00001 0.00001 0.00001 0.00001 0.00001 0.00001 0.00001 0.00001 0.00001 0.00001 0.00001 0.00001 0.00001 0.00001 0.00001 0.00001 0.00001 0.00001 0.00001 0.00001 0.00001 0.00001 0.00001 0.00001 0.00001 0.00001 0.00001 0.00001 0.00001 0.00001 0.00001 0.00001 0.00001 0.00001 0.00001 0.00001 0.00001 0.00001 0.00001 0.00001 0.00001 0.00001 0.00001 0.00001 0.00001 0.00001 0.00001 0.00001 0.00001 0.00001 0.00001 0.00001 0.00001 0.00001 0.00001
0.00001 0.00001 0.00001 0.00001 0.00001 0.00001 0.00001 0.00001 0.00001 0.00001 0.00001 0.00001 0.00001 0.00001 0.00001 0.00001 0.00001 0.00001 0.00001 0.00001 0.00001 0.00001 0.00001 0.00001 0.00001 0.00001 0.00001 0.00002 0.00004 0.00007 0.00011 0.00017 0.00023 0.00027 0.00029 0.00027 0.00021 0.00014 0.00008 0.00004 0.00002 0.00001 0.00001 0.00001 0.00001 0.00001 0.00001 0.00001 0.00001 0.00001 0.00001 0.00001 0.00001 0.00001 0.00001 0.00001 0.00001 0.00001 0.00001 0.00001 0.00001 0.00001 0.00001 0.00001 0.00001 0.00001 0.00001
0.00001 0.00001 0.00001 0.00001 0.00001 0.00001 0.00001 0.00001 0.00001 0.00001 0.00001 0.00001 0.00001 0.00001 0.00001 0.00001 0.00001 0.00001 0.00001 0.00001 0.00001 0.00001 0.00001 0.00003 0.00016 0.00048 0.00091 0.00138 0.00188 0.00238 0.00289 0.00339 0.00389 0.00435 0.00478 0.00513 0.00538 0.00550 0.00544 0.00514 0.00455 0.00364 0.00251 0.00140 0.00059 0.00018 0.00004 0.00001 0.00001 0.00001 0.00001 0.00001 0.00001 0.00001 0.00001 0.00001 0.00001 0.00001 0.00001 0.00001 0.00001 0.00001 0.00001 0.00001 0.00001 0.00001 0.00001
0.00001 0.00001 0.00001 0.00001 0.00001 0.00001 0.00001 0.00001 0.00001 0.00001 0.00001 0.00001 0.00001 0.00001 0.00001 0.00001 0.00001 0.00001 0.00001 0.00001 0.00002 0.00017 0.00058 0.00127 0.00212 0.00310 0.00421 0.00543 0.00674 0.00813 0.00961 0.01115 0.01275 0.01439 0.01602 0.01760 0.01906 0.02032 0.02130 0.02190 0.02206 0.02177 0.02110 0.02017 0.01899 0.01745 0.01527 0.01218 0.00818 0.00400 0.00115 0.00016 0.00002 0.00001 0.00001 0.00001 0.00001 0.00001 0.00001 0.00001 0.00001 0.00001 0.00001 0.00001 0.00001 0.00001 0.00001
0.00001 0.00001 0.00001 0.00001 0.00001 0.00001 0.00001 0.00001 0.00001 0.00001 0.00001 0.00001 0.00001 0.00001 0.00001 0.00001 0.00001 0.00001 0.00001 0.00021 0.00092 0.00186 0.00302 0.00448 0.00625 0.00836 0.01084 0.01371 0.01697 0.02063 0.02466 0.02904 0.03373 0.03867 0.04376 0.04888 0.05387 0.05856 0.06277 0.06632 0.06908 0.07094 0.07189 0.07193 0.07098 0.06890 0.06547 0.06060 0.05458 0.04825 0.04226 0.03626 0.02928 0.02067 0.01112 0.00359 0.00048 0.00002 0.00001 0.00001 0.00001 0.00001 0.00001 0.00001 0.00001 0.00001 0.00001
0.00001 0.00001 0.00001 0.00001 0.00001 0.00001 0.00001 0.00001 0.00001 0.00001 0.00001 0.00001 0.00001 0.00001 0.00001 0.00001 0.00001 0.00007 0.00072 0.00178 0.00325 0.00513 0.00748 0.01041 0.01408 0.01866 0.02428 0.03103 0.03888 0.04773 0.05742 0.06779 0.07864 0.08979 0.10104 0.11217 0.12294 0.13311 0.14244 0.15071 0.15775 0.16344 0.16772 0.17053 0.17181 0.17140 0.16914 0.16498 0.15909 0.15185 0.14339 0.13326 0.12078 0.10583 0.08973 0.07450 0.06024 0.04518 0.02865 0.01314 0.00337 0.00033 0.00002 0.00001 0.00001 0.00001 0.00001
0.00001 0.00001 0.00001 0.00001 0.00001 0.00001 0.00001 0.00001 0.00001 0.00001 0.00001 0.00001 0.00001 0.00001 0.00001 0.00001 0.00023 0.00123 0.00268 0.00469 0.00735 0.01085 0.01542 0.02139 0.02912 0.03886 0.05072 0.06458 0.08012 0.09688 0.11439 0.13225 0.15013 0.16779 0.18500 0.20156 0.21730 0.23202 0.24555 0.25773 0.26845 0.27763 0.28523 0.29120 0.29551 0.29807 0.29880 0.29766 0.29474 0.29015 0.28384 0.27546 0.26457 0.25105 0.23532 0.21779 0.19786 0.17449 0.14800 0.12081 0.09501 0.06965 0.04383 0.02075 0.00602 0.00078 0.00004
0.00001 0.00001 0.00001 0.00001 0.00001 0.00001 0.00001 0.00001 0.00001 0.00001 0.00001 0.00001 0.00001 0.00001 0.00001 0.00045 0.00167 0.00353 0.00611 0.00964 0.01447 0.02108 0.03001 0.04171 0.05642 0.07410 0.09438 0.11662 0.14004 0.16392 0.18767 0.21091 0.23340 0.25501 0.27565 0.29525 0.31371 0.33096 0.34691 0.36147 0.37459 0.38621 0.39630 0.40484 0.41181 0.41715 0.42083 0.42281 0.42311 0.42177 0.41874 0.41385 0.40688 0.39778 0.38664 0.37345 0.35780 0.33915 0.31743 0.29296 0.26537 0.23354 0.19749 0.15949 0.12174 0.08437 0.04877
0.00001 0.00001 0.00001 0.00001 0.00001 0.00001 0.00001 0.00001 0.00001 0.00001 0.00001 0.00001 0.00001 0.00001 0.00057 0.00201 0.00422 0.00737 0.01183 0.01817 0.02711 0.03936 0.05534 0.07509 0.09821 0.12397 0.15146 0.17976 0.20805 0.23576 0.26253 0.28821 0.31274 0.33612 0.35836 0.37948 0.39943 0.41818 0.43569 0.45190 0.46677 0.48027 0.49237 0.50304 0.51227 0.51999 0.52616 0.53075 0.53376 0.53517 0.53493 0.53296 0.52915 0.52344 0.51585 0.50633 0.49470 0.48078 0.46451 0.44588 0.42466 0.40033 0.37267 0.34165 0.30661 0.26645 0.22166
0.00001 0.00001 0.00001 0.00001 0.00001 0.00001 0.00001 0.00001 0.00001 0.00001 0.00001 0.00001 0.00001 0.00059 0.00215 0.00463 0.00829 0.01364 0.02150 0.03282 0.04838 0.06844 0.09267 0.12025 0.15011 0.18120 0.21261 0.24364 0.27381 0.30283 0.33060 0.35713 0.38246 0.40666 0.42976 0.45178 0.47272 0.49254 0.51121 0.52867 0.54487 0.55978 0.57339 0.58566 0.59659 0.60616 0.61435 0.62113 0.62648 0.63035 0.63272 0.63350 0.63263 0.63005 0.62572 0.61957 0.61151 0.60142 0.58924 0.57491 0.55829 0.53921 0.51754 0.49318 0.46577 0.43486 0.40012
0.00001 0.00001 0.00001 0.00001 0.00001 0.00001 0.00001 0.00001 0.00001 0.00001 0.00001 0.00001 0.00050 0.00210 0.00472 0.00871 0.01474 0.02388 0.03728 0.05571 0.07922 0.10706 0.13800 0.17076 0.20423 0.23762 0.27038 0.30215 0.33273 0.36201 0.39002 0.41681 0.44246 0.46705 0.49062 0.51316 0.53464 0.55505 0.57435 0.59255 0.60964 0.62560 0.64041 0.65407 0.66653 0.67780 0.68784 0.69661 0.70408 0.71023 0.71499 0.71832 0.72015 0.72043 0.71910 0.71610 0.71134 0.70474 0.69622 0.68571 0.67310 0.65831 0.64122 0.62176 0.59977 0.57509 0.54751
0.00001 0.00001 0.00001 0.00001 0.00001 0.00001 0.00001 0.00001 0.00001 0.00001 0.00001 0.00033 0.00189 0.00453 0.00863 0.01501 0.02493 0.03975 0.06028 0.08633 0.11679 0.15014 0.18492 0.22002 0.25477 0.28873 0.32168 0.35345 0.38395 0.41317 0.44113 0.46793 0.49360 0.51819 0.54176 0.56439 0.58608 0.60685 0.62665 0.64547 0.66329 0.68008 0.69584 0.71056 0.72422 0.73681 0.74830 0.75868 0.76791 0.77596 0.78278 0.78833 0.79255 0.79538 0.79676 0.79662 0.79490 0.79150 0.78636 0.77938 0.77047 0.75956 0.74654 0.73133 0.71384 0.69396 0.67159
0.00001 0.00001 0.00001 0.00001 0.00001 0.00001 0.00001 0.00001 0.00001 0.00001 0.00013 0.00157 0.00410 0.00813 0.01450 0.02462 0.04004 0.06170 0.08929 0.12146 0.15642 0.19260 0.22889 0.26464 0.29952 0.33336 0.36608 0.39759 0.42786 0.45685 0.48454 0.51101 0.53643 0.56088 0.58443 0.60712 0.62894 0.64990 0.66998 0.68915 0.70740 0.72472 0.74110 0.75653 0.77102 0.78455 0.79711 0.80871 0.81930 0.82885 0.83734 0.84472 0.85095 0.85596 0.85970 0.86210 0.86310 0.86261 0.86054 0.85682 0.85135 0.84403 0.83476 0.82348 0.81008 0.79447 0.77658
0.00001 0.00001 0.00001 0.00001 0.00001 0.00001 0.00001 0.00001 0.00001 0.00002 0.00116 0.00348 0.00729 0.01337 0.02316 0.03839 0.06019 0.08835 0.12139 0.15735 0.19450 0.23166 0.26820 0.30380 0.33834 0.37178 0.40410 0.43519 0.46497 0.49350 0.52086 0.54713 0.57237 0.59668 0.62012 0.64272 0.66449 0.68545 0.70558 0.72487 0.74331 0.76088 0.77760 0.79344 0.80843 0.82257 0.83585 0.84827 0.85981 0.87046 0.88021 0.88900 0.89681 0.90359 0.90929 0.91385 0.91719 0.91924 0.91992 0.91913 0.91678 0.91277 0.90700 0.89937 0.88979 0.87815 0.86439
0.00001 0.00001 0.00001 0.00001 0.00001 0.00001 0.00001 0.00001 0.00001 0.00068 0.00272 0.00618 0.01176 0.02083 0.03521 0.05630 0.08414 0.11732 0.15376 0.19154 0.22939 0.26658 0.30278 0.33789 0.37188 0.40469 0.43630 0.46677 0.49611 0.52433 0.55143 0.57747 0.60251 0.62662 0.64986 0.67226 0.69387 0.71468 0.73470 0.75393 0.77236 0.78998 0.80680 0.82282 0.83805 0.85249 0.86616 0.87907 0.89121 0.90258 0.91317 0.92296 0.93192 0.94003 0.94724 0.95350 0.95875 0.96292 0.96593 0.96770 0.96811 0.96707 0.96447 0.96021 0.95416 0.94625 0.93636
0.00001 0.00001 0.00001 0.00001 0.00001 0.00001 0.00001 0.00001 0.00025 0.00191 0.00492 0.00986 0.01792 0.03096 0.05063 0.07737 0.11003 0.14648 0.18465 0.22305 0.26084 0.29761 0.33322 0.36758 0.40068 0.43266 0.46361 0.49355 0.52246 0.55033 0.57715 0.60294 0.62775 0.65162 0.67462 0.69679 0.71815 0.73874 0.75856 0.77761 0.79589 0.81340 0.83015 0.84615 0.86141 0.87594 0.88976 0.90288 0.91531 0.92707 0.93814 0.94854 0.95824 0.96724 0.97550 0.98301 0.98969 0.99551 1.00038 1.00423 1.00696 1.00848 1.00866 1.00741 1.00459 1.00009 0.99380
0.00001 0.00001 0.00001 0.00001 0.00001 0.00001 0.00001 0.00004 0.00116 0.00364 0.00784 0.01475 0.02608 0.04375 0.06870 0.10021 0.13625 0.17458 0.21345 0.25184 0.28922 0.32532 0.35999 0.39336 0.42561 0.45683 0.48710 0.51644 0.54486 0.57232 0.59882 0.62435 0.64892 0.67258 0.69536 0.71729 0.73842 0.75876 0.77833 0.79715 0.81521 0.83253 0.84912 0.86498 0.88014 0.89460 0.90839 0.92152 0.93402 0.94591 0.95719 0.96786 0.97796 0.98746 0.99636 1.00464 1.01227 1.01923 1.02545 1.03087 1.03542 1.03899 1.04148 1.04277 1.04275 1.04129 1.03826
0.00001 0.00001 0.00001 0.00001 0.00001 0.00001 0.00001 0.00052 0.00242 0.00587 0.01158 0.02104 0.03627 0.05877 0.08845 0.12360 0.16185 0.20115 0.24020 0.27825 0.31485 0.34994 0.38368 0.41619 0.44759 0.47801 0.50753 0.53621 0.56407 0.59110 0.61726 0.64253 0.66690 0.69039 0.71300 0.73476 0.75570 0.77584 0.79520 0.81380 0.83166 0.84878 0.86517 0.88086 0.89585 0.91017 0.92384 0.93688 0.94931 0.96115 0.97244 0.98317 0.99337 1.00306 1.01223 1.02090 1.02905 1.03667 1.04374 1.05020 1.05599 1.06105 1.06528 1.06858 1.07084 1.07192 1.07169
0.00001 0.00001 0.00001 0.00001 0.00001 0.00001 0.00010 0.00137 0.00405 0.00863 0.01624 0.02880 0.04826 0.07535 0.10897 0.14679 0.18644 0.22621 0.26495 0.30218 0.33791 0.37217 0.40505 0.43669 0.46723 0.49682 0.52557 0.55358 0.58087 0.60744 0.63326 0.65830 0.68251 0.70589 0.72842 0.75011 0.77097 0.79103 0.81029 0.82878 0.84651 0.86349 0.87974 0.89529 0.91015 0.92433 0.93787 0.95078 0.96309 0.97482 0.98600 0.99665 1.00679 1.01645 1.02565 1.03440 1.04272 1.05060 1.05804 1.06503 1.07154 1.07751 1.08289 1.08759 1.09150 1.09452 1.09652
0.00001 0.00001 0.00001 0.00001 0.00001 0.00001 0.00056 0.00247 0.00601 0.01194 0.02185 0.03789 0.06161 0.09283 0.12962 0.16939 0.20980 0.24931 0.28741 0.32397 0.35896 0.39242 0.42447 0.45527 0.48498 0.51378 0.54180 0.56915 0.59589 0.62203 0.64755 0.67239 0.69652 0.71988 0.74244 0.76419 0.78513 0.80524 0.82456 0.84307 0.86081 0.87779 0.89403 0.90954 0.92434 0.93847 0.95193 0.96475 0.97696 0.98858 0.99963 1.01015 1.02016 1.02968 1.03875 1.04738 1.05561 1.06346 1.07095 1.07807 1.08482 1.09120 1.09715 1.10264 1.10757 1.11187 1.11543
0.00001 0.00001 0.00001 0.00001 0.00001 0.00007 0.00121 0.00379 0.00828 0.01580 0.02834 0.04804 0.07583 0.11064 0.14991 0.19070 0.23113 0.27034 0.30795 0.34387 0.37814 0.41085 0.44213 0.47217 0.50114 0.52924 0.55662 0.58340 0.60968 0.63546 0.66074 0.68547 0.70958 0.73302 0.75572 0.77766 0.79880 0.81913 0.83865 0.85736 0.87527 0.89239 0.90875 0.92435 0.93922 0.95338 0.96685 0.97966 0.99183 1.00339 1.01435 1.02475 1.03461 1.04397 1.05284 1.06128 1.06930 1.07696 1.08426 1.09124 1.09792 1.10430 1.11038 1.11614 1.12153 1.12650 1.13098
0.00001 0.00001 0.00001 0.00001 0.00001 0.00031 0.00199 0.00527 0.01082 0.02015 0.03554 0.05891 0.09044 0.12809 0.16876 0.21009 0.25058 0.28949 0.32661 0.36192 0.39552 0.42755 0.45816 0.48755 0.51590 0.54343 0.57031 0.59666 0.62259 0.64813 0.67326 0.69796 0.72213 0.74573 0.76866 0.79088 0.81233 0.83299 0.85284 0.87186 0.89007 0.90746 0.92405 0.93985 0.95490 0.96919 0.98277 0.99565 1.00786 1.01941 1.03034 1.04066 1.05041 1.05961 1.06831 1.07653 1.08432 1.09170 1.09873 1.10543 1.11185 1.11800 1.12391 1.12959 1.13503 1.14019 1.14504
0.00001 0.00001 0.00001 0.00001 0.00001 0.00065 0.00286 0.00687 0.01360 0.02493 0.04326 0.07008 0.10452 0.14406 0.18585 0.22764 0.26812 0.30675 0.34340 0.37815 0.41116 0.44260 0.47264 0.50150 0.52938 0.55649 0.58300 0.60907 0.63479 0.66020 0.68530 0.71004 0.73435 0.75815 0.78137 0.80392 0.82574 0.84678 0.86702 0.88642 0.90499 0.92272 0.93962 0.95570 0.97099 0.98549 0.99924 1.01225 1.02454 1.03614 1.04708 1.05738 1.06706 1.07616 1.08471 1.09275 1.10031 1.10744 1.11417 1.12056 1.12665 1.13247 1.13808 1.14348 1.14871 1.15375 1.15860
0.00001 0.00001 0.00001 0.00001 0.00005 0.00119 0.00390 0.00868 0.01670 0.03010 0.05112 0.08057 0.11722 0.15833 0.20102 0.24317 0.28366 0.32206 0.35834 0.39264 0.42516 0.45611 0.48569 0.51413 0.54165 0.56846 0.59475 0.62065 0.64627 0.67165 0.69679 0.72164 0.74612 0.77017 0.79367 0.81656 0.83875 0.86018 0.88081 0.90061 0.91955 0.93764 0.95487 0.97126 0.98681 1.00155 1.01549 1.02866 1.04107 1.05276 1.06375 1.07405 1.08371 1.09274 1.10119 1.10908 1.11646 1.12336 1.12984 1.13594 1.14171 1.14720 1.15246 1.15752 1.16243 1.16720 1.17183
0.00001 0.00001 0.00001 0.00001 0.00024 0.00188 0.00514 0.01070 0.01997 0.03515 0.05829 0.08987 0.12828 0.17060 0.21401 0.25651 0.29708 0.33538 0.37144 0.40543 0.43759 0.46815 0.49737 0.52548 0.55273 0.57933 0.60547 0.63129 0.65688 0.68230 0.70752 0.73251 0.75719 0.78147 0.80525 0.82844 0.85097 0.87275 0.89374 0.91389 0.93319 0.95161 0.96915 0.98582 1.00163 1.01660 1.03073 1.04406 1.05661 1.06839 1.07944 1.08978 1.09943 1.10843 1.11680 1.12459 1.13183 1.13855 1.14482 1.15068 1.15618 1.16138 1.16631 1.17105 1.17562 1.18006 1.18441
0.00001 0.00001 0.00001 0.00001 0.00054 0.00263 0.00644 0.01275 0.02312 0.03980 0.06463 0.09779 0.13745 0.18067 0.22466 0.26753 0.30829 0.34665 0.38264 0.41647 0.44839 0.47869 0.50763 0.53549 0.56253 0.58897 0.61501 0.64079 0.66639 0.69186 0.71719 0.74232 0.76718 0.79167 0.81569 0.83915 0.86195 0.88403 0.90531 0.92577 0.94536 0.96406 0.98187 0.99878 1.01482 1.02998 1.04428 1.05775 1.07042 1.08229 1.09340 1.10378 1.11344 1.12242 1.13074 1.13845 1.14558 1.15218 1.15829 1.16395 1.16924 1.17418 1.17886 1.18331 1.18758 1.19173 1.19580
