tests/data/gray99/saval2D/outputs/resuh8.asc
north:     17.44
south:      0.00
east:      60.51
west:       0.00
rows:   68
cols:  236
[rows 0 to 28 of 68, columns 0 to 66 of 236]
0.00001 0.00001 0.00001 0.00001 0.00001 0.00001 0.00001 0.00001 0.00001 0.00001 0.00001 0.00001 0.00001 0.00001 0.00001 0.00001 0.00001 0.00001 0.00001 0.00001 0.00001 0.00001 0.00001 0.00001 0.00001 0.00001 0.00001 0.00001 0.00001 0.00001 0.00001 0.00001 0.00001 0.00001 0.00001 0.00001 0.00001 0.00001 0.00001 0.00001 0.00001 0.00001 0.00001 0.00001 0.00001 0.00001 0.00001 0.00001 0.00001 0.00001 0.00001 0.00001 0.00001 0.00001 0.00001 0.00001 0.00001 0.00001 0.00001 0.00001 0.00001 0.00001 0.00001 0.00001 0.00001 0.00001 0.00001
0.00001 0.00001 0.00001 0.00001 0.00001 0.00001 0.00001 0.00001 0.00001 0.00001 0.00001 0.00001 0.00001 0.00001 0.00001 0.00001 0.00001 0.00001 0.00001 0.00001 0.00001 0.00001 0.00001 0.00001 0.00001 0.00001 0.00001 0.00001 0.00001 0.00001 0.00001 0.00001 0.00001 0.00001 0.00001 0.00001 0.00001 0.00001 0.00001 0.00001 0.00001 0.00001 0.00001 0.00001 0.00001 0.00001 0.00001 0.00001 0.00001 0.00001 0.00001 0.00001 0.00001 0.00001 0.00001 0.00001 0.00001 0.00001 0.00001 0.00001 0.00001 0.00001 0.00001 0.00001 0.00001 0.00001 0.00001
0.00001 0.00001 0.00001 0.00001 0.00001 0.00001 0.00001 0.00001 0.00001 0.00001 0.00001 0.00001 0.00001 0.00001 0.00001 0.00001 0.00001 0.00001 0.00001 0.00001 0.00001 0.00001 0.00001 0.00001 0.00001 0.00001 0.00001 0.00001 0.00001 0.00001 0.00001 0.00001 0.00001 0.00001 0.00001 0.00001 0.00001 0.00001 0.00001 0.00001 0.00001 0.00001 0.00001 0.00001 0.00001 0.00001 0.00001 0.00001 0.00001 0.00001 0.00001 0.00001 0.00001 0.00001 0.00001 0.00001 0.00001 0.00001 0.00001 0.00001 0.00001 0.00001 0.00001 0.00001 0.00001 0.00001 0.00001
0.00001 0.00001 0.00001 0.00001 0.00001 0.00001 0.00001 0.00001 0.00001 0.00001 0.00001 0.00001 0.00001 0.00001 0.00001 0.00001 0.00001 0.00001 0.00001 0.00001 0.00001 0.00001 0.00001 0.00001 0.00001 0.00001 0.00001 0.00001 0.00001 0.00001 0.00001 0.00001 0.00001 0.00001 0.00001 0.00001 0.00001 0.00001 0.00001 0.00001 0.00001 0.00001 0.00001 0.00001 0.00001 0.00001 0.00001 0.00001 0.00001 0.00001 0.00001 0.00001 0.00001 0.00001 0.00001 0.00001 0.00001 0.00001 0.00001 0.00001 0.00001 0.00001 0.00001 0.00001 0.00001 0.00001 0.00001
0.00001 0.00001 0.00001 0.00001 0.00001 0.00001 0.00001 0.00001 0.00001 0.00001 0.00001 0.00001 0.00001 0.00001 0.00001 0.00001 0.00001 0.00001 0.00001 0.00001 0.00001 0.00001 0.00001 0.00001 0.00001 0.00001 0.00001 0.00001 0.00003 0.00004 0.00006 0.00009 0.00011 0.00013 0.00015 0.00015 0.00013 0.00010 0.00007 0.00004 0.00002 0.00001 0.00001 0.00001 0.00001 0.00001 0.00001 0.00001 0.00001 0.00001 0.00001 0.00001 0.00001 0.00001 0.00001 0.00001 0.00001 0.00001 0.00001 0.00001 0.00001 0.00001 0.00001 0.00001 0.00001 0.00001 0.00001
0.00001 0.00001 0.00001 0.00001 0.00001 0.00001 0.00001 0.00001 0.00001 0.00001 0.00001 0.00001 0.00001 0.00001 0.00001 0.00001 0.00001 0.00001 0.00001 0.00001 0.00001 0.00001 0.00001 0.00002 0.00008 0.00016 0.00025 0.00033 0.00040 0.00046 0.00052 0.00058 0.00063 0.00067 0.00071 0.00074 0.00075 0.00076 0.00076 0.00075 0.00074 0.00072 0.00068 0.00060 0.00046 0.00029 0.00012 0.00003 0.00001 0.00001 0.00001 0.00001 0.00001 0.00001 0.00001 0.00001 0.00001 0.00001 0.00001 0.00001 0.00001 0.00001 0.00001 0.00001 0.00001 0.00001 0.00001
0.00001 0.00001 0.00001 0.00001 0.00001 0.00001 0.00001 0.00001 0.00001 0.00001 0.00001 0.00001 0.00001 0.00001 0.00001 0.00001 0.00001 0.00001 0.00001 0.00001 0.00001 0.00008 0.00017 0.00028 0.00040 0.00052 0.00065 0.00079 0.00091 0.00103 0.00114 0.00124 0.00133 0.00141 0.00148 0.00154 0.00159 0.00163 0.00165 0.00167 0.00167 0.00166 0.00161 0.00153 0.00141 0.00127 0.00116 0.00110 0.00105 0.00099 0.00088 0.00066 0.00034 0.00008 0.00001 0.00001 0.00001 0.00001 0.00001 0.00001 0.00001 0.00001 0.00001 0.00001 0.00001 0.00001 0.00001
0.00001 0.00001 0.00001 0.00001 0.00001 0.00001 0.00001 0.00001 0.00001 0.00001 0.00001 0.00001 0.00001 0.00001 0.00001 0.00001 0.00001 0.00001 0.00001 0.00009 0.00021 0.00035 0.00050 0.00067 0.00084 0.00103 0.00122 0.00141 0.00159 0.00177 0.00193 0.00208 0.00222 0.00235 0.00247 0.00257 0.00266 0.00274 0.00280 0.00284 0.00287 0.00288 0.00285 0.00279 0.00270 0.00259 0.00249 0.00242 0.00236 0.00228 0.00214 0.00191 0.00164 0.00145 0.00135 0.00127 0.00116 0.00093 0.00054 0.00017 0.00002 0.00001 0.00001 0.00001 0.00001 0.00001 0.00001
0.00001 0.00001 0.00001 0.00001 0.00001 0.00001 0.00001 0.00001 0.00001 0.00001 0.00001 0.00001 0.00001 0.00001 0.00001 0.00001 0.00001 0.00004 0.00017 0.00033 0.00051 0.00072 0.00094 0.00117 0.00142 0.00167 0.00192 0.00218 0.00243 0.00267 0.00290 0.00311 0.00331 0.00350 0.00367 0.00382 0.00396 0.00409 0.00419 0.00428 0.00435 0.00439 0.00440 0.00438 0.00432 0.00424 0.00416 0.00410 0.00403 0.00395 0.00382 0.00361 0.00337 0.00316 0.00301 0.00288 0.00272 0.00246 0.00210 0.00180 0.00162 0.00150 0.00134 0.00103 0.00054 0.00014 0.00002
0.00001 0.00001 0.00001 0.00001 0.00001 0.00001 0.00001 0.00001 0.00001 0.00001 0.00001 0.00001 0.00001 0.00001 0.00001 0.00001 0.00009 0.00024 0.00043 0.00066 0.00091 0.00119 0.00149 0.00180 0.00212 0.00244 0.00277 0.00310 0.00342 0.00373 0.00403 0.00432 0.00459 0.00484 0.00508 0.00530 0.00550 0.00568 0.00584 0.00598 0.00610 0.00619 0.00625 0.00628 0.00627 0.00624 0.00619 0.00615 0.00610 0.00603 0.00592 0.00574 0.00553 0.00532 0.00515 0.00499 0.00481 0.00455 0.00421 0.00389 0.00365 0.00344 0.00321 0.00285 0.00241 0.00207 0.00186
0.00001 0.00001 0.00001 0.00001 0.00001 0.00001 0.00001 0.00001 0.00001 0.00001 0.00001 0.00001 0.00001 0.00001 0.00001 0.00013 0.00029 0.00051 0.00077 0.00107 0.00140 0.00176 0.00214 0.00253 0.00293 0.00334 0.00375 0.00416 0.00456 0.00496 0.00534 0.00571 0.00606 0.00639 0.00670 0.00700 0.00727 0.00752 0.00775 0.00795 0.00814 0.00829 0.00841 0.00850 0.00855 0.00858 0.00858 0.00857 0.00856 0.00852 0.00844 0.00831 0.00814 0.00795 0.00778 0.00761 0.00743 0.00718 0.00687 0.00656 0.00627 0.00602 0.00574 0.00537 0.00494 0.00455 0.00424
0.00001 0.00001 0.00001 0.00001 0.00001 0.00001 0.00001 0.00001 0.00001 0.00001 0.00001 0.00001 0.00001 0.00001 0.00014 0.00033 0.00057 0.00086 0.00120 0.00158 0.00199 0.00243 0.00289 0.00336 0.00385 0.00435 0.00485 0.00535 0.00585 0.00634 0.00681 0.00728 0.00772 0.00814 0.00854 0.00892 0.00928 0.00961 0.00992 0.01021 0.01046 0.01069 0.01089 0.01105 0.01118 0.01127 0.01134 0.01139 0.01142 0.01143 0.01141 0.01133 0.01121 0.01107 0.01092 0.01077 0.01060 0.01038 0.01011 0.00982 0.00953 0.00925 0.00895 0.00859 0.00818 0.00776 0.00739
0.00001 0.00001 0.00001 0.00001 0.00001 0.00001 0.00001 0.00001 0.00001 0.00001 0.00001 0.00001 0.00001 0.00015 0.00034 0.00060 0.00092 0.00129 0.00170 0.00216 0.00265 0.00318 0.00373 0.00430 0.00489 0.00548 0.00608 0.00669 0.00728 0.00788 0.00846 0.00902 0.00957 0.01009 0.01060 0.01108 0.01153 0.01196 0.01236 0.01274 0.01309 0.01341 0.01369 0.01394 0.01416 0.01434 0.01449 0.01461 0.01471 0.01479 0.01483 0.01482 0.01478 0.01470 0.01460 0.01449 0.01435 0.01418 0.01396 0.01371 0.01344 0.01317 0.01288 0.01254 0.01216 0.01175 0.01136
0.00001 0.00001 0.00001 0.00001 0.00001 0.00001 0.00001 0.00001 0.00001 0.00001 0.00001 0.00001 0.00013 0.00033 0.00060 0.00094 0.00133 0.00178 0.00228 0.00282 0.00341 0.00402 0.00467 0.00534 0.00603 0.00673 0.00744 0.00816 0.00887 0.00957 0.01027 0.01095 0.01161 0.01225 0.01287 0.01346 0.01403 0.01457 0.01509 0.01557 0.01603 0.01645 0.01684 0.01720 0.01751 0.01779 0.01804 0.01826 0.01845 0.01861 0.01873 0.01882 0.01886 0.01886 0.01884 0.01879 0.01872 0.01861 0.01846 0.01827 0.01805 0.01782 0.01757 0.01728 0.01694 0.01657 0.01620
0.00001 0.00001 0.00001 0.00001 0.00001 0.00001 0.00001 0.00001 0.00001 0.00001 0.00001 0.00010 0.00030 0.00057 0.00092 0.00133 0.00180 0.00233 0.00292 0.00356 0.00424 0.00496 0.00571 0.00649 0.00729 0.00810 0.00893 0.00976 0.01060 0.01143 0.01225 0.01306 0.01385 0.01462 0.01537 0.01610 0.01679 0.01746 0.01810 0.01871 0.01929 0.01984 0.02035 0.02082 0.02126 0.02166 0.02203 0.02236 0.02266 0.02292 0.02315 0.02335 0.02349 0.02360 0.02368 0.02372 0.02374 0.02372 0.02365 0.02355 0.02342 0.02326 0.02308 0.02286 0.02259 0.02229 0.02197
0.00001 0.00001 0.00001 0.00001 0.00001 0.00001 0.00001 0.00001 0.00001 0.00001 0.00006 0.00025 0.00052 0.00087 0.00129 0.00178 0.00233 0.00295 0.00363 0.00437 0.00515 0.00597 0.00684 0.00773 0.00865 0.00959 0.01054 0.01151 0.01248 0.01344 0.01441 0.01536 0.01629 0.01721 0.01811 0.01898 0.01982 0.02064 0.02142 0.02218 0.02290 0.02359 0.02424 0.02486 0.02543 0.02597 0.02648 0.02694 0.02737 0.02777 0.02813 0.02845 0.02873 0.02897 0.02917 0.02933 0.02946 0.02956 0.02962 0.02963 0.02961 0.02956 0.02948 0.02936 0.02920 0.02900 0.02878
0.00001 0.00001 0.00001 0.00001 0.00001 0.00001 0.00001 0.00001 0.00001 0.00002 0.00020 0.00046 0.00080 0.00122 0.00171 0.00228 0.00292 0.00364 0.00441 0.00525 0.00614 0.00708 0.00806 0.00908 0.01012 0.01120 0.01229 0.01340 0.01452 0.01563 0.01675 0.01786 0.01895 0.02003 0.02109 0.02213 0.02314 0.02412 0.02507 0.02599 0.02687 0.02773 0.02854 0.02932 0.03006 0.03077 0.03143 0.03206 0.03265 0.03320 0.03372 0.03419 0.03463 0.03502 0.03538 0.03569 0.03597 0.03622 0.03642 0.03659 0.03672 0.03681 0.03687 0.03689 0.03688 0.03682 0.03673
0.00001 0.00001 0.00001 0.00001 0.00001 0.00001 0.00001 0.00001 0.00001 0.00015 0.00039 0.00071 0.00112 0.00161 0.00218 0.00284 0.00357 0.00438 0.00526 0.00620 0.00720 0.00826 0.00937 0.01052 0.01171 0.01293 0.01418 0.01544 0.01672 0.01800 0.01929 0.02057 0.02184 0.02310 0.02435 0.02557 0.02676 0.02793 0.02907 0.03018 0.03125 0.03229 0.03330 0.03427 0.03520 0.03609 0.03694 0.03776 0.03854 0.03928 0.03998 0.04064 0.04127 0.04185 0.04239 0.04290 0.04337 0.04380 0.04419 0.04455 0.04486 0.04514 0.04539 0.04560 0.04578 0.04591 0.04602
0.00001 0.00001 0.00001 0.00001 0.00001 0.00001 0.00001 0.00001 0.00009 0.00030 0.00060 0.00100 0.00148 0.00205 0.00271 0.00345 0.00428 0.00518 0.00617 0.00722 0.00835 0.00954 0.01078 0.01208 0.01342 0.01480 0.01621 0.01765 0.01910 0.02057 0.02204 0.02351 0.02498 0.02644 0.02789 0.02932 0.03072 0.03210 0.03346 0.03478 0.03607 0.03733 0.03855 0.03974 0.04089 0.04201 0.04308 0.04412 0.04512 0.04609 0.04702 0.04791 0.04876 0.04957 0.05034 0.05108 0.05178 0.05244 0.05307 0.05366 0.05422 0.05474 0.05523 0.05569 0.05611 0.05651 0.05686
0.00001 0.00001 0.00001 0.00001 0.00001 0.00001 0.00001 0.00002 0.00021 0.00049 0.00086 0.00132 0.00188 0.00253 0.00327 0.00411 0.00503 0.00605 0.00714 0.00832 0.00958 0.01091 0.01230 0.01375 0.01525 0.01680 0.01839 0.02002 0.02166 0.02333 0.02501 0.02670 0.02839 0.03008 0.03175 0.03342 0.03506 0.03668 0.03828 0.03985 0.04139 0.04290 0.04438 0.04582 0.04723 0.04861 0.04995 0.05125 0.05252 0.05375 0.05495 0.05611 0.05724 0.05833 0.05938 0.06041 0.06140 0.06235 0.06328 0.06417 0.06503 0.06586 0.06667 0.06745 0.06820 0.06892 0.06962
0.00001 0.00001 0.00001 0.00001 0.00001 0.00001 0.00001 0.00013 0.00037 0.00071 0.00114 0.00168 0.00232 0.00305 0.00389 0.00482 0.00585 0.00697 0.00819 0.00950 0.01089 0.01237 0.01392 0.01553 0.01722 0.01895 0.02074 0.02257 0.02443 0.02632 0.02824 0.03016 0.03210 0.03404 0.03598 0.03790 0.03982 0.04172 0.04360 0.04545 0.04729 0.04909 0.05086 0.05261 0.05432 0.05601 0.05766 0.05928 0.06086 0.06242 0.06395 0.06544 0.06691 0.06834 0.06975 0.07113 0.07248 0.07380 0.07510 0.07638 0.07763 0.07887 0.08008 0.08128 0.08246 0.08363 0.08479
0.00001 0.00001 0.00001 0.00001 0.00001 0.00001 0.00005 0.00025 0.00055 0.00096 0.00146 0.00207 0.00279 0.00361 0.00454 0.00558 0.00672 0.00796 0.00931 0.01075 0.01229 0.01393 0.01565 0.01745 0.01932 0.02126 0.02327 0.02532 0.02743 0.02957 0.03174 0.03394 0.03615 0.03838 0.04061 0.04284 0.04507 0.04729 0.04949 0.05168 0.05385 0.05600 0.05813 0.06024 0.06231 0.06437 0.06639 0.06840 0.07038 0.07233 0.07426 0.07617 0.07805 0.07992 0.08176 0.08359 0.08541 0.08721 0.08899 0.09077 0.09254 0.09430 0.09607 0.09783 0.09960 0.10137 0.10316
0.00001 0.00001 0.00001 0.00001 0.00001 0.00001 0.00015 0.00040 0.00076 0.00123 0.00180 0.00249 0.00329 0.00421 0.00524 0.00638 0.00764 0.00901 0.01049 0.01208 0.01379 0.01559 0.01750 0.01949 0.02158 0.02375 0.02599 0.02830 0.03067 0.03309 0.03556 0.03806 0.04059 0.04315 0.04572 0.04831 0.05090 0.05349 0.05608 0.05867 0.06125 0.06381 0.06636 0.06890 0.07142 0.07393 0.07642 0.07890 0.08136 0.08381 0.08625 0.08868 0.09111 0.09353 0.09594 0.09836 0.10078 0.10321 0.10565 0.10810 0.11058 0.11307 0.11560 0.11817 0.12078 0.12344 0.12616
0.00001 0.00001 0.00001 0.00001 0.00001 0.00004 0.00025 0.00056 0.00098 0.00151 0.00217 0.00293 0.00382 0.00483 0.00597 0.00722 0.00861 0.01012 0.01175 0.01350 0.01538 0.01737 0.01948 0.02169 0.02401 0.02643 0.02894 0.03153 0.03420 0.03694 0.03974 0.04260 0.04550 0.04844 0.05142 0.05442 0.05745 0.06049 0.06354 0.06661 0.06968 0.07275 0.07583 0.07891 0.08198 0.08506 0.08815 0.09123 0.09432 0.09742 0.10054 0.10366 0.10681 0.10998 0.11318 0.11642 0.11970 0.12303 0.12642 0.12988 0.13343 0.14610 0.16432 0.18700 0.21334 0.24270 0.27462
0.00001 0.00001 0.00001 0.00001 0.00001 0.00011 0.00036 0.00073 0.00121 0.00181 0.00254 0.00339 0.00437 0.00548 0.00673 0.00811 0.00963 0.01128 0.01307 0.01500 0.01707 0.01926 0.02160 0.02405 0.02664 0.02934 0.03215 0.03506 0.03808 0.04119 0.04438 0.04765 0.05099 0.05439 0.05785 0.06136 0.06492 0.06852 0.07216 0.07583 0.07953 0.08326 0.08702 0.09081 0.09463 0.09848 0.10237 0.10630 0.11028 0.11432 0.11842 0.12261 0.12698 0.13461 0.14771 0.16565 0.18779 0.21356 0.24258 0.27451 0.30910 0.33754 0.36412 0.38989 0.41535 0.44078 0.46627
0.00001 0.00001 0.00001 0.00001 0.00001 0.00018 0.00048 0.00090 0.00145 0.00212 0.00292 0.00386 0.00494 0.00615 0.00752 0.00903 0.01069 0.01250 0.01446 0.01658 0.01886 0.02128 0.02386 0.02659 0.02947 0.03249 0.03566 0.03895 0.04237 0.04592 0.04958 0.05336 0.05724 0.06122 0.06529 0.06946 0.07371 0.07805 0.08247 0.08698 0.09157 0.09625 0.10103 0.10594 0.11105 0.11676 0.12481 0.13601 0.15034 0.16778 0.18835 0.21204 0.23874 0.26556 0.29097 0.31581 0.34063 0.36572 0.39119 0.41707 0.44333 0.46929 0.49460 0.51942 0.54400 0.56853 0.59313
0.00001 0.00001 0.00001 0.00001 0.00003 0.00026 0.00061 0.00108 0.00169 0.00243 0.00331 0.00433 0.00551 0.00683 0.00832 0.00997 0.01178 0.01376 0.01592 0.01825 0.02075 0.02343 0.02630 0.02934 0.03256 0.03596 0.03953 0.04328 0.04721 0.05130 0.05557 0.06000 0.06461 0.06939 0.07435 0.07953 0.08504 0.09120 0.09818 0.10615 0.11534 0.12597 0.13831 0.15259 0.16901 0.18750 0.20674 0.22640 0.24678 0.26802 0.29016 0.31318 0.33702 0.36143 0.38597 0.41065 0.43558 0.46085 0.48650 0.51250 0.53882 0.56522 0.59141 0.61728 0.64282 0.66809 0.69316
0.00001 0.00001 0.00001 0.00001 0.00010 0.00036 0.00076 0.00129 0.00196 0.00277 0.00374 0.00486 0.00615 0.00761 0.00925 0.01107 0.01308 0.01529 0.01770 0.02032 0.02315 0.02620 0.02949 0.03301 0.03678 0.04081 0.04511 0.04971 0.05463 0.05991 0.06559 0.07172 0.07839 0.08568 0.09369 0.10256 0.11234 0.12294 0.13446 0.14701 0.16065 0.17543 0.19137 0.20850 0.22679 0.24621 0.26662 0.28790 0.31002 0.33294 0.35664 0.38106 0.40615 0.43173 0.45759 0.48359 0.50972 0.53598 0.56241 0.58900 0.61572 0.64250 0.66920 0.69569 0.72189 0.74778 0.77336
0.00001 0.00001 0.00001 0.00001 0.00017 0.00048 0.00092 0.00150 0.00224 0.00312 0.00418 0.00540 0.00681 0.00840 0.01020 0.01220 0.01442 0.01687 0.01956 0.02250 0.02571 0.02920 0.03299 0.03710 0.04155 0.04637 0.05159 0.05725 0.06338 0.07004 0.07727 0.08513 0.09369 0.10302 0.11317 0.12421 0.13621 0.14921 0.16324 0.17834 0.19452 0.21180 0.23015 0.24957 0.27001 0.29142 0.31371 0.33678 0.36055 0.38498 0.41001 0.43561 0.46171 0.48821 0.51499 0.54192 0.56894 0.59600 0.62310 0.65022 0.67735 0.70445 0.73146 0.75829 0.78487 0.81115 0.83709
