tests/data/gray99/saval2D/outputs/resuqv7.asc
north:     17.44
south:      0.00
east:      60.51
west:       0.00
rows:   68
cols:  236
[rows 0 to 27 of 68, columns 0 to 63 of 236]
0.00000 0.00000 0.00000 0.00000 0.00000 0.00000 0.00000 0.00000 0.00000 0.00000 0.00000 0.00000 0.00000 0.00000 0.00000 0.00000 0.00000 0.00000 0.00000 0.00000 0.00000 0.00000 0.00000 0.00000 0.00000 0.00000 0.00000 0.00000 0.00000 0.00000 0.00000 0.00000 0.00000 0.00000 0.00000 0.00000 0.00000 0.00000 0.00000 0.00000 0.00000 0.00000 0.00000 0.00000 0.00000 0.00000 0.00000 0.00000 0.00000 0.00000 0.00000 0.00000 0.00000 0.00000 0.00000 0.00000 0.00000 0.00000 0.00000 0.00000 0.00000 0.00000 0.00000 0.00000
0.00000 0.00000 0.00000 0.00000 0.00000 0.00000 0.00000 0.00000 0.00000 0.00000 0.00000 0.00000 0.00000 0.00000 0.00000 0.00000 0.00000 0.00000 0.00000 0.00000 0.00000 0.00000 0.00000 0.00000 0.00000 0.00000 0.00000 0.00000 0.00000 0.00000 0.00000 0.00000 0.00000 0.00000 0.00000 0.00000 0.00000 0.00000 0.00000 0.00000 0.00000 0.00000 0.00000 0.00000 0.00000 0.00000 0.00000 0.00000 0.00000 0.00000 0.00000 0.00000 0.00000 0.00000 0.00000 0.00000 0.00000 0.00000 0.00000 0.00000 0.00000 0.00000 0.00000 0.00000
0.00000 0.00000 0.00000 0.00000 0.00000 0.00000 0.00000 0.00000 0.00000 0.00000 0.00000 0.00000 0.00000 0.00000 0.00000 0.00000 0.00000 0.00000 0.00000 0.00000 0.00000 0.00000 0.00000 0.00000 0.00000 0.00000 0.00000 0.00000 0.00000 0.00000 0.00000 0.00000 0.00000 0.00000 0.00000 0.00000 0.00000 0.00000 0.00000 0.00000 0.00000 0.00000 0.00000 0.00000 0.00000 0.00000 0.00000 0.00000 0.00000 0.00000 0.00000 0.00000 0.00000 0.00000 0.00000 0.00000 0.00000 0.00000 0.00000 0.00000 0.00000 0.00000 0.00000 0.00000
0.00000 0.00000 0.00000 0.00000 0.00000 0.00000 0.00000 0.00000 0.00000 0.00000 0.00000 0.00000 0.00000 0.00000 0.00000 0.00000 0.00000 0.00000 0.00000 0.00000 0.00000 0.00000 0.00000 0.00000 0.00000 0.00000 0.00000 0.00000 0.00000 0.00000 0.00000 0.00000 0.00000 0.00000 0.00000 0.00000 0.00000 0.00000 0.00000 0.00000 0.00000 0.00000 0.00000 0.00000 0.00000 0.00000 0.00000 0.00000 0.00000 0.00000 0.00000 0.00000 0.00000 0.00000 0.00000 0.00000 0.00000 0.00000 0.00000 0.00000 0.00000 0.00000 0.00000 0.00000
0.00000 0.00000 0.00000 0.00000 0.00000 0.00000 0.00000 0.00000 0.00000 0.00000 0.00000 0.00000 0.00000 0.00000 0.00000 0.00000 0.00000 0.00000 0.00000 0.00000 0.00000 0.00000 0.00000 0.00000 0.00000 0.00000 0.00000 0.00000 0.00000 0.00000 0.00001 0.00001 0.00001 0.00002 0.00002 0.00002 0.00002 0.00001 0.00001 0.00000 0.00000 0.00000 0.00000 0.00000 0.00000 0.00000 0.00000 0.00000 0.00000 0.00000 0.00000 0.00000 0.00000 0.00000 0.00000 0.00000 0.00000 0.00000 0.00000 0.00000 0.00000 0.00000 0.00000 0.00000
0.00000 0.00000 0.00000 0.00000 0.00000 0.00000 0.00000 0.00000 0.00000 0.00000 0.00000 0.00000 0.00000 0.00000 0.00000 0.00000 0.00000 0.00000 0.00000 0.00000 0.00000 0.00000 0.00000 0.00000 0.00001 0.00003 0.00005 0.00008 0.00011 0.00015 0.00018 0.00021 0.00024 0.00026 0.00029 0.00030 0.00032 0.00032 0.00033 0.00032 0.00031 0.00029 0.00026 0.00020 0.00012 0.00005 0.00001 0.00000 0.00000 0.00000 0.00000 0.00000 0.00000 0.00000 0.00000 0.00000 0.00000 0.00000 0.00000 0.00000 0.00000 0.00000 0.00000 0.00000
0.00000 0.00000 0.00000 0.00000 0.00000 0.00000 0.00000 0.00000 0.00000 0.00000 0.00000 0.00000 0.00000 0.00000 0.00000 0.00000 0.00000 0.00000 0.00000 0.00000 0.00000 0.00001 0.00003 0.00007 0.00011 0.00017 0.00025 0.00033 0.00041 0.00050 0.00058 0.00066 0.00074 0.00082 0.00089 0.00095 0.00100 0.00104 0.00107 0.00109 0.00109 0.00107 0.00102 0.00093 0.00082 0.00072 0.00065 0.00061 0.00057 0.00050 0.00038 0.00020 0.00005 0.00000 0.00000 0.00000 0.00000 0.00000 0.00000 0.00000 0.00000 0.00000 0.00000 0.00000
0.00000 0.00000 0.00000 0.00000 0.00000 0.00000 0.00000 0.00000 0.00000 0.00000 0.00000 0.00000 0.00000 0.00000 0.00000 0.00000 0.00000 0.00000 0.00000 0.00001 0.00004 0.00009 0.00016 0.00025 0.00036 0.00049 0.00063 0.00079 0.00096 0.00113 0.00130 0.00146 0.00162 0.00178 0.00192 0.00206 0.00218 0.00228 0.00237 0.00244 0.00249 0.00250 0.00247 0.00240 0.00229 0.00218 0.00210 0.00202 0.00195 0.00182 0.00162 0.00134 0.00109 0.00095 0.00087 0.00078 0.00063 0.00037 0.00010 0.00001 0.00000 0.00000 0.00000 0.00000
0.00000 0.00000 0.00000 0.00000 0.00000 0.00000 0.00000 0.00000 0.00000 0.00000 0.00000 0.00000 0.00000 0.00000 0.00000 0.00000 0.00000 0.00000 0.00003 0.00008 0.00016 0.00028 0.00042 0.00059 0.00079 0.00101 0.00126 0.00153 0.00181 0.00210 0.00239 0.00267 0.00295 0.00323 0.00349 0.00374 0.00397 0.00418 0.00437 0.00453 0.00466 0.00475 0.00479 0.00478 0.00472 0.00464 0.00457 0.00450 0.00441 0.00427 0.00403 0.00370 0.00338 0.00313 0.00294 0.00274 0.00246 0.00203 0.00161 0.00134 0.00118 0.00102 0.00077 0.00039
0.00000 0.00000 0.00000 0.00000 0.00000 0.00000 0.00000 0.00000 0.00000 0.00000 0.00000 0.00000 0.00000 0.00000 0.00000 0.00000 0.00001 0.00005 0.00012 0.00023 0.00039 0.00059 0.00083 0.00111 0.00143 0.00178 0.00217 0.00258 0.00301 0.00346 0.00391 0.00436 0.00481 0.00524 0.00567 0.00608 0.00647 0.00683 0.00717 0.00748 0.00775 0.00797 0.00814 0.00825 0.00830 0.00831 0.00831 0.00829 0.00824 0.00812 0.00791 0.00759 0.00724 0.00693 0.00666 0.00637 0.00599 0.00546 0.00490 0.00444 0.00408 0.00372 0.00323 0.00260
0.00000 0.00000 0.00000 0.00000 0.00000 0.00000 0.00000 0.00000 0.00000 0.00000 0.00000 0.00000 0.00000 0.00000 0.00000 0.00002 0.00007 0.00016 0.00030 0.00049 0.00074 0.00105 0.00141 0.00183 0.00230 0.00282 0.00338 0.00397 0.00460 0.00524 0.00590 0.00657 0.00723 0.00789 0.00853 0.00916 0.00977 0.01035 0.01091 0.01142 0.01190 0.01232 0.01269 0.01299 0.01322 0.01340 0.01354 0.01364 0.01370 0.01369 0.01358 0.01335 0.01305 0.01275 0.01245 0.01213 0.01171 0.01115 0.01051 0.00991 0.00937 0.00882 0.00815 0.00733
0.00000 0.00000 0.00000 0.00000 0.00000 0.00000 0.00000 0.00000 0.00000 0.00000 0.00000 0.00000 0.00000 0.00000 0.00002 0.00008 0.00018 0.00034 0.00057 0.00086 0.00123 0.00167 0.00219 0.00278 0.00343 0.00414 0.00491 0.00573 0.00659 0.00749 0.00840 0.00934 0.01028 0.01121 0.01214 0.01306 0.01395 0.01483 0.01567 0.01647 0.01724 0.01794 0.01859 0.01917 0.01967 0.02011 0.02049 0.02082 0.02109 0.02128 0.02136 0.02132 0.02118 0.02099 0.02078 0.02051 0.02015 0.01964 0.01903 0.01839 0.01775 0.01710 0.01631 0.01537
0.00000 0.00000 0.00000 0.00000 0.00000 0.00000 0.00000 0.00000 0.00000 0.00000 0.00000 0.00000 0.00000 0.00002 0.00008 0.00019 0.00036 0.00061 0.00094 0.00136 0.00187 0.00247 0.00317 0.00395 0.00481 0.00576 0.00678 0.00786 0.00901 0.01020 0.01143 0.01269 0.01397 0.01526 0.01655 0.01783 0.01909 0.02034 0.02156 0.02274 0.02389 0.02498 0.02601 0.02697 0.02785 0.02866 0.02941 0.03008 0.03068 0.03120 0.03160 0.03188 0.03204 0.03211 0.03211 0.03205 0.03188 0.03156 0.03110 0.03056 0.02998 0.02935 0.02858 0.02765
0.00000 0.00000 0.00000 0.00000 0.00000 0.00000 0.00000 0.00000 0.00000 0.00000 0.00000 0.00000 0.00002 0.00007 0.00018 0.00036 0.00063 0.00098 0.00143 0.00199 0.00266 0.00345 0.00434 0.00535 0.00646 0.00768 0.00898 0.01038 0.01186 0.01340 0.01501 0.01666 0.01834 0.02006 0.02178 0.02352 0.02524 0.02696 0.02866 0.03034 0.03197 0.03357 0.03511 0.03658 0.03798 0.03931 0.04056 0.04173 0.04282 0.04383 0.04471 0.04547 0.04609 0.04660 0.04702 0.04734 0.04754 0.04758 0.04747 0.04724 0.04692 0.04650 0.04594 0.04520
0.00000 0.00000 0.00000 0.00000 0.00000 0.00000 0.00000 0.00000 0.00000 0.00000 0.00000 0.00001 0.00006 0.00017 0.00034 0.00060 0.00097 0.00144 0.00203 0.00275 0.00360 0.00459 0.00572 0.00698 0.00837 0.00989 0.01153 0.01328 0.01514 0.01709 0.01913 0.02124 0.02341 0.02563 0.02789 0.03017 0.03247 0.03477 0.03708 0.03937 0.04164 0.04387 0.04607 0.04821 0.05029 0.05231 0.05424 0.05610 0.05788 0.05957 0.06114 0.06259 0.06390 0.06508 0.06614 0.06709 0.06790 0.06855 0.06904 0.06937 0.06957 0.06964 0.06956 0.06929
0.00000 0.00000 0.00000 0.00000 0.00000 0.00000 0.00000 0.00000 0.00000 0.00000 0.00000 0.00004 0.00014 0.00030 0.00055 0.00091 0.00138 0.00199 0.00273 0.00363 0.00469 0.00590 0.00728 0.00882 0.01052 0.01238 0.01439 0.01655 0.01884 0.02126 0.02380 0.02644 0.02918 0.03200 0.03489 0.03784 0.04082 0.04385 0.04689 0.04995 0.05302 0.05607 0.05910 0.06211 0.06506 0.06797 0.07081 0.07359 0.07630 0.07892 0.08144 0.08384 0.08610 0.08824 0.09024 0.09212 0.09385 0.09543 0.09683 0.09807 0.09914 0.10006 0.10080 0.10135
0.00000 0.00000 0.00000 0.00000 0.00000 0.00000 0.00000 0.00000 0.00000 0.00000 0.00003 0.00011 0.00025 0.00048 0.00082 0.00128 0.00187 0.00262 0.00353 0.00462 0.00589 0.00735 0.00901 0.01086 0.01290 0.01514 0.01756 0.02017 0.02295 0.02590 0.02901 0.03228 0.03567 0.03919 0.04283 0.04656 0.05038 0.05427 0.05823 0.06223 0.06628 0.07035 0.07443 0.07852 0.08259 0.08664 0.09066 0.09463 0.09855 0.10240 0.10618 0.10985 0.11342 0.11685 0.12017 0.12335 0.12639 0.12928 0.13201 0.13456 0.13693 0.13914 0.14117 0.14300
0.00000 0.00000 0.00000 0.00000 0.00000 0.00000 0.00000 0.00000 0.00000 0.00002 0.00008 0.00020 0.00041 0.00071 0.00114 0.00170 0.00243 0.00333 0.00441 0.00570 0.00721 0.00893 0.01088 0.01306 0.01548 0.01813 0.02101 0.02411 0.02745 0.03100 0.03476 0.03873 0.04288 0.04722 0.05173 0.05640 0.06120 0.06614 0.07119 0.07634 0.08159 0.08691 0.09229 0.09773 0.10320 0.10869 0.11418 0.11968 0.12515 0.13060 0.13600 0.14134 0.14659 0.15175 0.15680 0.16173 0.16655 0.17123 0.17575 0.18012 0.18431 0.18834 0.19219 0.19584
0.00000 0.00000 0.00000 0.00000 0.00000 0.00000 0.00000 0.00000 0.00001 0.00005 0.00015 0.00032 0.00059 0.00098 0.00150 0.00218 0.00303 0.00409 0.00536 0.00686 0.00860 0.01060 0.01286 0.01540 0.01821 0.02131 0.02469 0.02835 0.03229 0.03651 0.04101 0.04578 0.05081 0.05610 0.06162 0.06738 0.07335 0.07952 0.08588 0.09242 0.09911 0.10595 0.11292 0.12001 0.12719 0.13446 0.14179 0.14918 0.15661 0.16406 0.17152 0.17896 0.18636 0.19372 0.20100 0.20821 0.21532 0.22233 0.22921 0.23596 0.24256 0.24900 0.25529 0.26139
0.00000 0.00000 0.00000 0.00000 0.00000 0.00000 0.00000 0.00000 0.00003 0.00010 0.00024 0.00047 0.00080 0.00127 0.00189 0.00268 0.00368 0.00489 0.00634 0.00806 0.01005 0.01233 0.01492 0.01783 0.02107 0.02464 0.02855 0.03282 0.03744 0.04241 0.04773 0.05341 0.05944 0.06580 0.07250 0.07953 0.08686 0.09448 0.10239 0.11056 0.11898 0.12764 0.13652 0.14559 0.15485 0.16428 0.17386 0.18356 0.19338 0.20329 0.21328 0.22332 0.23339 0.24347 0.25354 0.26358 0.27357 0.28350 0.29335 0.30310 0.31274 0.32224 0.33161 0.34082
0.00000 0.00000 0.00000 0.00000 0.00000 0.00000 0.00000 0.00001 0.00006 0.00017 0.00035 0.00063 0.00103 0.00158 0.00230 0.00321 0.00434 0.00571 0.00735 0.00927 0.01151 0.01408 0.01701 0.02030 0.02398 0.02806 0.03255 0.03747 0.04283 0.04862 0.05487 0.06157 0.06872 0.07631 0.08436 0.09283 0.10174 0.11105 0.12076 0.13085 0.14130 0.15210 0.16323 0.17467 0.18640 0.19840 0.21065 0.22313 0.23581 0.24868 0.26172 0.27489 0.28818 0.30155 0.31499 0.32846 0.34194 0.35542 0.36887 0.38227 0.39559 0.40881 0.42192 0.43490
0.00000 0.00000 0.00000 0.00000 0.00000 0.00000 0.00000 0.00003 0.00010 0.00024 0.00047 0.00081 0.00127 0.00190 0.00271 0.00373 0.00499 0.00652 0.00833 0.01047 0.01295 0.01581 0.01907 0.02276 0.02690 0.03151 0.03661 0.04223 0.04838 0.05508 0.06234 0.07017 0.07858 0.08756 0.09712 0.10725 0.11795 0.12920 0.14099 0.15330 0.16611 0.17940 0.19316 0.20735 0.22197 0.23698 0.25237 0.26811 0.28416 0.30052 0.31714 0.33400 0.35108 0.36833 0.38573 0.40324 0.42084 0.43849 0.45617 0.47385 0.49149 0.50907 0.52656 0.54393
0.00000 0.00000 0.00000 0.00000 0.00000 0.00000 0.00001 0.00006 0.00016 0.00033 0.00060 0.00098 0.00151 0.00221 0.00311 0.00423 0.00561 0.00728 0.00926 0.01160 0.01432 0.01746 0.02105 0.02513 0.02974 0.03490 0.04064 0.04700 0.05401 0.06168 0.07005 0.07912 0.08891 0.09944 0.11070 0.12270 0.13543 0.14887 0.16303 0.17787 0.19338 0.20953 0.22631 0.24369 0.26164 0.28014 0.29915 0.31865 0.33861 0.35899 0.37976 0.40089 0.42234 0.44406 0.46603 0.48820 0.51053 0.53298 0.55552 0.57811 0.60070 0.62327 0.64578 0.66821
0.00000 0.00000 0.00000 0.00000 0.00000 0.00000 0.00002 0.00009 0.00021 0.00041 0.00072 0.00115 0.00173 0.00250 0.00347 0.00468 0.00616 0.00796 0.01009 0.01261 0.01555 0.01896 0.02288 0.02735 0.03242 0.03813 0.04454 0.05167 0.05958 0.06829 0.07785 0.08827 0.09959 0.11182 0.12497 0.13905 0.15405 0.16997 0.18680 0.20452 0.22310 0.24252 0.26276 0.28378 0.30555 0.32804 0.35122 0.37504 0.39948 0.42449 0.45004 0.47607 0.50256 0.52946 0.55672 0.58431 0.61223 0.64048 0.66913 0.69833 0.72719 0.75725 0.78688 0.81513
0.00000 0.00000 0.00000 0.00000 0.00000 0.00001 0.00004 0.00012 0.00026 0.00049 0.00082 0.00129 0.00192 0.00273 0.00376 0.00504 0.00661 0.00851 0.01077 0.01345 0.01659 0.02023 0.02445 0.02929 0.03482 0.04108 0.04815 0.05608 0.06493 0.07474 0.08556 0.09744 0.11042 0.12451 0.13975 0.15614 0.17369 0.19240 0.21226 0.23325 0.25535 0.27853 0.30277 0.32802 0.35427 0.38147 0.40960 0.43866 0.46866 0.49969 0.53187 0.56465 0.59906 0.63371 0.66766 0.70029 0.73112 0.75981 0.78614 0.80999 0.83259 0.85296 0.87193 0.88969
0.00000 0.00000 0.00000 0.00000 0.00000 0.00001 0.00005 0.00015 0.00030 0.00055 0.00091 0.00140 0.00205 0.00290 0.00397 0.00529 0.00692 0.00889 0.01125 0.01404 0.01733 0.02119 0.02566 0.03084 0.03678 0.04358 0.05129 0.06001 0.06981 0.08075 0.09291 0.10635 0.12111 0.13724 0.15480 0.17379 0.19425 0.21619 0.23963 0.26459 0.29113 0.31932 0.34898 0.38059 0.41350 0.44707 0.48074 0.51395 0.54622 0.57712 0.60636 0.63474 0.66140 0.68691 0.71137 0.73478 0.75711 0.77830 0.79826 0.81684 0.83382 0.84900 0.86262 0.87489
0.00000 0.00000 0.00000 0.00000 0.00000 0.00002 0.00007 0.00017 0.00034 0.00059 0.00096 0.00146 0.00212 0.00297 0.00405 0.00540 0.00705 0.00904 0.01145 0.01431 0.01771 0.02170 0.02638 0.03182 0.03812 0.04538 0.05370 0.06318 0.07391 0.08601 0.09957 0.11469 0.13149 0.15005 0.17050 0.19285 0.21700 0.24279 0.27001 0.29834 0.32744 0.35688 0.38659 0.41598 0.44507 0.47373 0.50179 0.52912 0.55559 0.58107 0.60536 0.62821 0.64946 0.66930 0.68789 0.70529 0.72157 0.73673 0.75073 0.76352 0.77497 0.78503 0.79380 0.80136
0.00000 0.00000 0.00000 0.00000 0.00000 0.00003 0.00008 0.00019 0.00036 0.00062 0.00098 0.00148 0.00214 0.00298 0.00405 0.00539 0.00703 0.00902 0.01144 0.01433 0.01777 0.02186 0.02668 0.03234 0.03894 0.04662 0.05549 0.06567 0.07728 0.09041 0.10516 0.12155 0.13960 0.15928 0.18049 0.20310 0.22694 0.25184 0.27754 0.30382 0.33039 0.35696 0.38323 0.40884 0.43365 0.45759 0.48056 0.50251 0.52340 0.54315 0.56169 0.57891 0.59478 0.60939 0.62284 0.63521 0.64655 0.65688 0.66619 0.67445 0.68161 0.68766 0.69262 0.69655
