tests/data/gray99/saval2D/outputs/resuqu8.asc
north:     17.44
south:      0.00
east:      60.51
west:       0.00
rows:   68
cols:  236
[rows 0 to 28 of 68, columns 65 to 129 of 236]
0.00000 0.00000 0.00000 0.00000 0.00000 0.00000 0.00000 0.00000 0.00000 0.00000 0.00000 0.00000 0.00000 0.00000 0.00000 0.00000 0.00000 0.00000 0.00000 0.00000 0.00000 0.00000 0.00000 0.00000 0.00000 0.00000 0.00000 0.00000 0.00000 0.00000 0.00000 0.00000 0.00000 0.00000 0.00000 0.00000 0.00000 0.00000 0.00000 0.00000 0.00000 0.00000 0.00000 0.00000 0.00000 0.00000 0.00000 0.00000 0.00000 0.00000 0.00000 0.00000 0.00000 0.00000 0.00000 0.00000 0.00000 0.00000 0.00000 0.00000 0.00000 0.00000 0.00000 0.00000 0.00000
0.00000 0.00000 0.00000 0.00000 0.00000 0.00000 0.00000 0.00000 0.00000 0.00000 0.00000 0.00000 0.00000 0.00000 0.00000 0.00000 0.00000 0.00000 0.00000 0.00000 0.00000 0.00000 0.00000 0.00000 0.00000 0.00000 0.00000 0.00000 0.00000 0.00000 0.00000 0.00000 0.00000 0.00000 0.00000 0.00000 0.00000 0.00000 0.00000 0.00000 0.00000 0.00000 0.00000 0.00000 0.00000 0.00000 0.00000 0.00000 0.00000 0.00000 0.00000 0.00000 0.00000 0.00000 0.00000 0.00000 0.00000 0.00000 0.00000 0.00000 0.00000 0.00000 0.00000 0.00000 0.00000
0.00000 0.00000 0.00000 0.00000 0.00000 0.00000 0.00000 0.00000 0.00000 0.00000 0.00000 0.00000 0.00000 0.00000 0.00000 0.00000 0.00000 0.00000 0.00000 0.00000 0.00000 0.00000 0.00000 0.00000 0.00000 0.00000 0.00000 0.00000 0.00000 0.00000 0.00000 0.00000 0.00000 0.00000 0.00000 0.00000 0.00000 0.00000 0.00000 0.00000 0.00000 0.00000 0.00000 0.00000 0.00000 0.00000 0.00000 0.00000 0.00000 0.00000 0.00000 0.00000 0.00000 0.00000 0.00000 0.00000 0.00000 0.00000 0.00000 0.00000 0.00000 0.00000 0.00000 0.00000 0.00000
0.00000 0.00000 0.00000 0.00000 0.00000 0.00000 0.00000 0.00000 0.00000 0.00000 0.00000 0.00000 0.00000 0.00000 0.00000 0.00000 0.00000 0.00000 0.00000 0.00000 0.00000 0.00000 0.00000 0.00000 0.00000 0.00000 0.00000 0.00000 0.00000 0.00000 0.00000 0.00000 0.00000 0.00000 0.00000 0.00000 0.00000 0.00000 0.00000 0.00000 0.00000 0.00000 0.00000 0.00000 0.00000 0.00000 0.00000 0.00000 0.00000 0.00000 0.00000 0.00000 0.00000 0.00000 0.00000 0.00000 0.00000 0.00000 0.00000 0.00000 0.00000 0.00000 0.00000 0.00000 0.00000
0.00000 0.00000 0.00000 0.00000 0.00000 0.00000 0.00000 0.00000 0.00000 0.00000 0.00000 0.00000 0.00000 0.00000 0.00000 0.00000 0.00000 0.00000 0.00000 0.00000 0.00000 0.00000 0.00000 0.00000 0.00000 0.00000 0.00000 0.00000 0.00000 0.00000 0.00000 0.00000 0.00000 0.00000 0.00000 0.00000 0.00000 0.00000 0.00000 0.00000 0.00000 0.00000 0.00000 0.00000 0.00000 0.00000 0.00000 0.00000 0.00000 0.00000 0.00000 0.00000 0.00000 0.00000 0.00000 0.00000 0.00000 0.00000 0.00000 0.00000 0.00000 0.00000 0.00000 0.00000 0.00000
0.00000 0.00000 0.00000 0.00000 0.00000 0.00000 0.00000 0.00000 0.00000 0.00000 0.00000 0.00000 0.00000 0.00000 0.00000 0.00000 0.00000 0.00000 0.00000 0.00000 0.00000 0.00000 0.00000 0.00000 0.00000 0.00000 0.00000 0.00000 0.00000 0.00000 0.00000 0.00000 0.00000 0.00000 0.00000 0.00000 0.00000 0.00000 0.00000 0.00000 0.00000 0.00000 0.00000 0.00000 0.00000 0.00000 0.00000 0.00000 0.00000 0.00000 0.00000 0.00000 0.00000 0.00000 0.00000 0.00000 0.00000 0.00000 0.00000 0.00000 0.00000 0.00000 0.00000 0.00000 0.00000
0.00000 0.00000 0.00000 0.00000 0.00000 0.00000 0.00000 0.00000 0.00000 0.00000 0.00000 0.00000 0.00000 0.00000 0.00000 0.00000 0.00000 0.00000 0.00000 0.00000 0.00000 0.00000 0.00000 0.00000 0.00000 0.00000 0.00000 0.00000 0.00000 0.00000 0.00000 0.00000 0.00000 0.00000 0.00000 0.00000 0.00000 0.00000 0.00000 0.00000 0.00000 0.00000 0.00000 0.00000 0.00000 0.00000 0.00000 0.00000 0.00000 0.00000 0.00000 0.00000 0.00000 0.00000 0.00000 0.00000 0.00000 0.00000 0.00000 0.00000 0.00000 0.00000 0.00000 0.00000 0.00000
0.00000 0.00000 0.00000 0.00000 0.00000 0.00000 0.00000 0.00000 0.00000 0.00000 0.00000 0.00000 0.00000 0.00000 0.00000 0.00000 0.00000 0.00000 0.00000 0.00000 0.00000 0.00000 0.00000 0.00000 0.00000 0.00000 0.00000 0.00000 0.00000 0.00000 0.00000 0.00000 0.00000 0.00000 0.00000 0.00000 0.00000 0.00000 0.00000 0.00000 0.00000 0.00000 0.00000 0.00000 0.00000 0.00000 0.00000 0.00000 0.00000 0.00000 0.00000 0.00000 0.00000 0.00000 0.00000 0.00000 0.00000 0.00000 0.00000 0.00000 0.00000 0.00000 0.00000 0.00000 0.00000
0.00001 0.00000 0.00000 0.00000 0.00000 0.00000 0.00000 0.00000 0.00000 0.00000 0.00000 0.00000 0.00000 0.00000 0.00000 0.00000 0.00000 0.00000 0.00000 0.00000 0.00000 0.00000 0.00000 0.00000 0.00000 0.00000 0.00000 0.00000 0.00000 0.00000 0.00000 0.00000 0.00000 0.00000 0.00000 0.00000 0.00000 0.00000 0.00000 0.00000 0.00000 0.00000 0.00000 0.00000 0.00000 0.00000 0.00000 0.00000 0.00000 0.00000 0.00000 0.00000 0.00000 0.00000 0.00000 0.00000 0.00000 0.00000 0.00000 0.00000 0.00000 0.00000 0.00000 0.00000 0.00000
0.00056 0.00047 0.00040 0.00031 0.00016 0.00003 0.00000 0.00000 0.00000 0.00000 0.00000 0.00000 0.00000 0.00000 0.00000 0.00000 0.00000 0.00000 0.00000 0.00000 0.00000 0.00000 0.00000 0.00000 0.00000 0.00000 0.00000 0.00000 0.00000 0.00000 0.00000 0.00000 0.00000 0.00000 0.00000 0.00000 0.00000 0.00000 0.00000 0.00000 0.00000 0.00000 0.00000 0.00000 0.00000 0.00000 0.00000 0.00000 0.00000 0.00000 0.00000 0.00000 0.00000 0.00000 0.00000 0.00000 0.00000 0.00000 0.00000 0.00000 0.00000 0.00000 0.00000 0.00000 0.00000
0.00190 0.00171 0.00154 0.00132 0.00105 0.00082 0.00067 0.00056 0.00044 0.00026 0.00007 0.00001 0.00000 0.00000 0.00000 0.00000 0.00000 0.00000 0.00000 0.00000 0.00000 0.00000 0.00000 0.00000 0.00000 0.00000 0.00000 0.00000 0.00000 0.00000 0.00000 0.00000 0.00000 0.00000 0.00000 0.00000 0.00000 0.00000 0.00000 0.00000 0.00000 0.00000 0.00000 0.00000 0.00000 0.00000 0.00000 0.00000 0.00000 0.00000 0.00000 0.00000 0.00000 0.00000 0.00000 0.00000 0.00000 0.00000 0.00000 0.00000 0.00000 0.00000 0.00000 0.00000 0.00000
0.00441 0.00410 0.00381 0.00347 0.00308 0.00271 0.00240 0.00214 0.00186 0.00151 0.00117 0.00094 0.00079 0.00063 0.00040 0.00014 0.00002 0.00000 0.00000 0.00000 0.00000 0.00000 0.00000 0.00000 0.00000 0.00000 0.00000 0.00000 0.00000 0.00000 0.00000 0.00000 0.00000 0.00000 0.00000 0.00000 0.00000 0.00000 0.00000 0.00000 0.00000 0.00000 0.00000 0.00000 0.00000 0.00000 0.00000 0.00000 0.00000 0.00000 0.00000 0.00000 0.00000 0.00000 0.00000 0.00000 0.00000 0.00000 0.00000 0.00000 0.00000 0.00000 0.00000 0.00000 0.00000
0.00856 0.00814 0.00772 0.00728 0.00677 0.00625 0.00578 0.00534 0.00489 0.00436 0.00383 0.00338 0.00301 0.00264 0.00218 0.00170 0.00135 0.00113 0.00094 0.00066 0.00030 0.00006 0.00000 0.00000 0.00000 0.00000 0.00000 0.00000 0.00000 0.00000 0.00000 0.00000 0.00000 0.00000 0.00000 0.00000 0.00000 0.00000 0.00000 0.00000 0.00000 0.00000 0.00000 0.00000 0.00000 0.00000 0.00000 0.00000 0.00000 0.00000 0.00000 0.00000 0.00000 0.00000 0.00000 0.00000 0.00000 0.00000 0.00000 0.00000 0.00000 0.00000 0.00000 0.00000 0.00000
0.01490 0.01441 0.01392 0.01338 0.01279 0.01216 0.01154 0.01093 0.01030 0.00961 0.00889 0.00822 0.00760 0.00697 0.00628 0.00554 0.00490 0.00438 0.00388 0.00330 0.00264 0.00209 0.00173 0.00148 0.00119 0.00077 0.00029 0.00004 0.00000 0.00000 0.00000 0.00000 0.00000 0.00000 0.00000 0.00000 0.00000 0.00000 0.00000 0.00000 0.00000 0.00000 0.00000 0.00000 0.00000 0.00000 0.00000 0.00000 0.00000 0.00000 0.00000 0.00000 0.00000 0.00000 0.00000 0.00000 0.00000 0.00000 0.00000 0.00000 0.00000 0.00000 0.00000 0.00000 0.00000
0.02415 0.02367 0.02316 0.02260 0.02198 0.02130 0.02059 0.01988 0.01913 0.01832 0.01745 0.01659 0.01575 0.01490 0.01397 0.01300 0.01206 0.01120 0.01037 0.00946 0.00846 0.00753 0.00676 0.00609 0.00540 0.00456 0.00366 0.00298 0.00254 0.00221 0.00185 0.00134 0.00072 0.00024 0.00006 0.00002 0.00001 0.00000 0.00000 0.00000 0.00000 0.00000 0.00000 0.00000 0.00000 0.00000 0.00000 0.00000 0.00000 0.00000 0.00000 0.00000 0.00000 0.00000 0.00000 0.00000 0.00000 0.00000 0.00000 0.00000 0.00000 0.00000 0.00000 0.00000 0.00001
0.03720 0.03684 0.03644 0.03597 0.03542 0.03481 0.03414 0.03343 0.03268 0.03184 0.03094 0.03000 0.02905 0.02806 0.02700 0.02587 0.02472 0.02360 0.02249 0.02131 0.02003 0.01875 0.01757 0.01647 0.01534 0.01408 0.01274 0.01153 0.01052 0.00965 0.00876 0.00768 0.00647 0.00539 0.00463 0.00412 0.00370 0.00324 0.00266 0.00197 0.00131 0.00083 0.00055 0.00040 0.00031 0.00025 0.00021 0.00018 0.00015 0.00013 0.00012 0.00012 0.00011 0.00011 0.00011 0.00012 0.00013 0.00015 0.00018 0.00025 0.00038 0.00064 0.00111 0.00195 0.00340
0.05517 0.05511 0.05499 0.05479 0.05451 0.05414 0.05370 0.05320 0.05263 0.05198 0.05124 0.05043 0.04958 0.04867 0.04768 0.04660 0.04547 0.04431 0.04313 0.04187 0.04051 0.03909 0.03770 0.03635 0.03496 0.03345 0.03184 0.03025 0.02879 0.02745 0.02610 0.02458 0.02289 0.02126 0.01986 0.01873 0.01775 0.01675 0.01557 0.01420 0.01282 0.01169 0.01090 0.01041 0.01013 0.00992 0.00970 0.00943 0.00916 0.00900 0.00902 0.00932 0.00996 0.01104 0.01271 0.01523 0.01819 0.02149 0.02533 0.03046 0.03686 0.04480 0.05483 0.06759 0.08369
0.07953 0.08002 0.08044 0.08078 0.08104 0.08121 0.08130 0.08131 0.08125 0.08110 0.08086 0.08054 0.08015 0.07969 0.07915 0.07851 0.07780 0.07703 0.07622 0.07532 0.07433 0.07326 0.07215 0.07105 0.06991 0.06866 0.06731 0.06592 0.06460 0.06336 0.06213 0.06079 0.05931 0.05782 0.05651 0.05546 0.05464 0.05393 0.05315 0.05227 0.05147 0.05104 0.05123 0.05216 0.05385 0.05627 0.05949 0.06390 0.07102 0.08507 0.10252 0.12285 0.14554 0.16974 0.19424 0.21766 0.23981 0.26244 0.28693 0.31381 0.34343 0.37611 0.41227 0.45229 0.49642
0.11219 0.11362 0.11497 0.11625 0.11747 0.11861 0.11967 0.12067 0.12161 0.12248 0.12327 0.12399 0.12465 0.12526 0.12580 0.12627 0.12668 0.12704 0.12736 0.12764 0.12785 0.12800 0.12814 0.12828 0.12842 0.12853 0.12860 0.12866 0.12881 0.12909 0.12949 0.12994 0.13044 0.13109 0.13207 0.13357 0.13569 0.13850 0.14209 0.14681 0.16143 0.18461 0.21609 0.25489 0.30003 0.35061 0.40573 0.46435 0.52451 0.58128 0.63823 0.69567 0.75317 0.81012 0.86592 0.92002 0.97246 1.02360 1.07418 1.12699 1.18235 1.24063 1.30216 1.36696 1.43478
0.15581 0.15871 0.16157 0.16439 0.16719 0.16995 0.17268 0.17539 0.17809 0.18076 0.18342 0.18608 0.18873 0.19139 0.19405 0.19673 0.19943 0.20217 0.20496 0.20781 0.21072 0.21370 0.21680 0.22005 0.22348 0.22710 0.23094 0.23507 0.23961 0.24473 0.25165 0.26994 0.30076 0.34443 0.39924 0.46386 0.53731 0.61874 0.70738 0.80253 0.89555 0.98925 1.08376 1.17922 1.27537 1.37168 1.46746 1.56203 1.65483 1.74551 1.83380 1.91936 2.00189 2.08089 2.15582 2.22624 2.29226 2.35569 2.42050 2.48893 2.55976 2.63237 2.70612 2.78027 2.85403
0.21414 0.21932 0.22454 0.22981 0.23514 0.24053 0.24600 0.25156 0.25722 0.26299 0.26889 0.27493 0.28113 0.28751 0.29410 0.30091 0.30798 0.31534 0.32306 0.33117 0.33975 0.35615 0.38703 0.43332 0.49520 0.57141 0.66060 0.76171 0.87377 0.99592 1.12653 1.25542 1.38369 1.51158 1.64035 1.77046 1.90176 2.03382 2.16610 2.29806 2.42887 2.55728 2.68318 2.80672 2.92780 3.04605 3.16088 3.27169 3.37799 3.47946 3.57596 3.66742 3.75369 3.83454 3.90964 3.97874 4.04262 4.10522 4.17250 4.24337 4.31584 4.38855 4.46006 4.52898 4.59406
0.29284 0.30156 0.31050 0.31966 0.32908 0.33877 0.34877 0.35911 0.36983 0.38097 0.39258 0.40472 0.43197 0.47680 0.54035 0.62214 0.72102 0.83558 0.96464 1.10722 1.26247 1.42190 1.57979 1.73736 1.89538 2.05487 2.21637 2.37983 2.54487 2.71101 2.87745 3.04355 3.20692 3.36716 3.52469 3.67996 3.83322 3.98444 4.13339 4.27967 4.42283 4.56215 4.69719 4.82774 4.95364 5.07468 5.19049 5.30069 5.40489 5.50285 5.59444 5.67962 5.75833 5.83048 5.89593 5.95462 6.00822 6.06469 6.12760 6.19281 6.25811 6.32161 6.38149 6.43610 6.48395
0.40141 0.41590 0.43098 0.45338 0.50223 0.57343 0.66558 0.77783 0.90866 1.05663 1.22061 1.39971 1.57814 1.75558 1.93224 2.10994 2.29069 2.47492 2.66271 2.85371 3.04740 3.24339 3.43951 3.63330 3.82407 4.01215 4.19817 4.38267 4.56591 4.74788 4.92840 5.10719 5.28329 5.45593 5.62464 5.78933 5.94999 6.10668 6.25933 6.40775 6.55165 6.69061 6.82426 6.95230 7.07449 7.19063 7.30046 7.40368 7.50005 7.58933 7.67142 7.74625 7.81381 7.87408 7.92703 7.97284 8.01479 8.06432 8.11941 8.17486 8.22850 8.27833 8.32240 8.35896 8.38653
0.95454 1.11740 1.29857 1.49020 1.67536 1.86005 2.04714 2.23776 2.43265 2.63212 2.83619 3.04523 3.25889 3.47419 3.68948 3.90377 4.11645 4.32829 4.53989 4.75160 4.96351 5.17550 5.38714 5.59726 5.80477 6.00901 6.20974 6.40697 6.60086 6.79151 6.97896 7.16309 7.34361 7.52010 7.69212 7.85937 8.02166 8.17889 8.33094 8.47766 8.61885 8.75424 8.88355 9.00651 9.12288 9.23243 9.33496 9.43023 9.51803 9.59821 9.67065 9.73530 9.79214 9.84118 9.88239 9.91618 9.94882 9.99144 10.03697 10.08089 10.12115 10.15574 10.18284 10.20081 10.20830
2.24128 2.44436 2.65412 2.87048 3.09047 3.31228 3.53505 3.75902 3.98506 4.21421 4.44646 4.68107 4.91795 5.15621 5.39448 5.63146 5.86638 6.09896 6.32925 6.55745 6.78371 7.00810 7.23055 7.45069 7.66795 7.88174 8.09156 8.29712 8.49827 8.69498 8.88720 9.07492 9.25800 9.43625 9.60939 9.77716 9.93934 10.09575 10.24623 10.39063 10.52879 10.66050 10.78553 10.90363 11.01460 11.11822 11.21428 11.30261 11.38303 11.45544 11.51972 11.57581 11.62368 11.66334 11.69481 11.71852 11.74480 11.77994 11.81511 11.84684 11.87322 11.89247 11.90300 11.90343 11.89258
3.43731 3.67173 3.91168 4.15686 4.40636 4.65859 4.91206 5.16625 5.42077 5.67518 5.92964 6.18428 6.43913 6.69402 6.94842 7.20154 7.45262 7.70102 7.94634 8.18838 8.42709 8.66246 8.89447 9.12302 9.34782 9.56857 9.78486 9.99638 10.20287 10.40421 10.60029 10.79104 10.97635 11.15607 11.33003 11.49806 11.65994 11.81549 11.96458 12.10704 12.24270 12.37140 12.49293 12.60709 12.71368 12.81250 12.90338 12.98617 13.06075 13.12697 13.18476 13.23404 13.27479 13.30696 13.33071 13.34655 13.36790 13.39482 13.41918 13.43850 13.45116 13.45570 13.45081 13.43537 13.40843
4.52739 4.78929 5.05468 5.32344 5.59525 5.86937 6.14482 6.42069 6.69608 6.97052 7.24382 7.51588 7.78665 8.05603 8.32382 8.58963 8.85295 9.11327 9.37011 9.62312 9.87205 10.11678 10.35718 10.59316 10.82457 11.05120 11.27279 11.48909 11.69990 11.90501 12.10430 12.29765 12.48495 12.66607 12.84088 13.00921 13.17093 13.32588 13.47391 13.61487 13.74861 13.87495 13.99374 14.10478 14.20790 14.30296 14.38978 14.46825 14.53820 14.59957 14.65224 14.69615 14.73127 14.75754 14.77521 14.78522 14.80143 14.81940 14.83275 14.83982 14.83934 14.83018 14.81132 14.78191 14.74117
5.48775 5.77187 6.05812 6.34634 6.63631 6.92764 7.21973 7.51180 7.80319 8.09335 8.38183 8.66831 8.95257 9.23443 9.51371 9.79017 10.06349 10.33329 10.59919 10.86083 11.11793 11.37024 11.61761 11.85987 12.09690 12.32852 12.55455 12.77482 12.98912 13.19730 13.39920 13.59470 13.78367 13.96598 14.14151 14.31016 14.47179 14.62626 14.77344 14.91318 15.04535 15.16980 15.28635 15.39488 15.49524 15.58728 15.67084 15.74583 15.81210 15.86956 15.91814 15.95774 15.98837 16.00995 16.02275 16.02827 16.03851 16.04707 16.04955 16.04490 16.03219 16.01060 15.97940 15.93793 15.88560
6.30862 6.61033 6.91342 7.21759 7.52254 7.82799 8.13353 8.43843 8.74236 9.04475 9.34510 9.64301 9.93814 10.23021 10.51901 10.80429 11.08580 11.36325 11.63634 11.90478 12.16825 12.42652 12.67938 12.92667 13.16820 13.40385 13.63346 13.85686 14.07392 14.28446 14.48835 14.68545 14.87564 15.05881 15.23487 15.40367 15.56512 15.71910 15.86547 16.00412 16.13492 16.25772 16.37239 16.47881 16.57685 16.66636 16.74723 16.81933 16.88257 16.93683 16.98204 17.01815 17.04513 17.06293 17.07173 17.07347 17.07701 17.07621 17.06838 17.05291 17.02919 16.99668 16.95485 16.90322 16.84133
