tests/data/gray99/saval2D/outputs/resuh7.asc
north:     17.44
south:      0.00
east:      60.51
west:       0.00
rows:   68
cols:  236
[rows 29 to 57 of 68, columns 0 to 66 of 236]
0.00001 0.00001 0.00001 0.00001 0.00031 0.00080 0.00149 0.00240 0.00354 0.00494 0.00660 0.00856 0.01083 0.01343 0.01640 0.01977 0.02357 0.02783 0.03262 0.03800 0.04401 0.05076 0.05832 0.06680 0.07631 0.08696 0.09888 0.11218 0.12699 0.14341 0.16153 0.18145 0.20320 0.22680 0.25225 0.27951 0.30853 0.33920 0.37143 0.40507 0.43996 0.47594 0.51284 0.55046 0.58866 0.62726 0.66613 0.70512 0.74409 0.78292 0.82150 0.85973 0.89750 0.93476 0.97143 1.00748 1.04284 1.07749 1.11136 1.14444 1.17669 1.20808 1.23860 1.26823 1.29696 1.32477 1.35168
0.00001 0.00001 0.00001 0.00004 0.00041 0.00095 0.00170 0.00268 0.00391 0.00539 0.00716 0.00924 0.01165 0.01443 0.01760 0.02120 0.02528 0.02989 0.03508 0.04093 0.04752 0.05494 0.06328 0.07267 0.08321 0.09504 0.10827 0.12303 0.13942 0.15756 0.17751 0.19933 0.22306 0.24870 0.27621 0.30554 0.33660 0.36928 0.40345 0.43896 0.47565 0.51334 0.55185 0.59100 0.63064 0.67060 0.71073 0.75089 0.79097 0.83084 0.87040 0.90955 0.94822 0.98632 1.02381 1.06064 1.09675 1.13210 1.16667 1.20040 1.23328 1.26526 1.29635 1.32650 1.35572 1.38399 1.41130
0.00001 0.00001 0.00001 0.00009 0.00049 0.00109 0.00189 0.00293 0.00422 0.00578 0.00763 0.00980 0.01232 0.01523 0.01855 0.02234 0.02663 0.03150 0.03700 0.04322 0.05023 0.05815 0.06707 0.07711 0.08839 0.10105 0.11519 0.13094 0.14841 0.16769 0.18884 0.21191 0.23692 0.26385 0.29266 0.32328 0.35561 0.38953 0.42489 0.46154 0.49931 0.53802 0.57750 0.61757 0.65806 0.69882 0.73970 0.78058 0.82132 0.86182 0.90198 0.94171 0.98094 1.01958 1.05760 1.09493 1.13153 1.16736 1.20237 1.23655 1.26984 1.30223 1.33369 1.36421 1.39375 1.42232 1.44990
0.00001 0.00001 0.00001 0.00014 0.00057 0.00119 0.00204 0.00311 0.00444 0.00605 0.00796 0.01019 0.01279 0.01577 0.01919 0.02308 0.02751 0.03253 0.03821 0.04464 0.05189 0.06008 0.06931 0.07970 0.09138 0.10446 0.11907 0.13532 0.15333 0.17317 0.19490 0.21857 0.24418 0.27171 0.30112 0.33233 0.36523 0.39970 0.43558 0.47272 0.51094 0.55008 0.58994 0.63038 0.67122 0.71231 0.75351 0.79468 0.83571 0.87648 0.91691 0.95690 0.99639 1.03531 1.07360 1.11120 1.14806 1.18414 1.21940 1.25380 1.28732 1.31993 1.35161 1.38232 1.41205 1.44078 1.46849
0.00001 0.00001 0.00001 0.00017 0.00061 0.00125 0.00210 0.00320 0.00455 0.00618 0.00811 0.01037 0.01299 0.01600 0.01945 0.02338 0.02784 0.03290 0.03862 0.04508 0.05237 0.06060 0.06987 0.08029 0.09200 0.10511 0.11975 0.13603 0.15405 0.17390 0.19563 0.21929 0.24488 0.27239 0.30176 0.33291 0.36574 0.40012 0.43590 0.47293 0.51103 0.55003 0.58977 0.63007 0.67078 0.71175 0.75283 0.79390 0.83483 0.87553 0.91590 0.95585 0.99532 1.03423 1.07251 1.11012 1.14700 1.18310 1.21839 1.25282 1.28637 1.31901 1.35071 1.38144 1.41118 1.43991 1.46763
0.00001 0.00001 0.00001 0.00017 0.00060 0.00124 0.00209 0.00318 0.00452 0.00614 0.00806 0.01030 0.01291 0.01590 0.01932 0.02320 0.02761 0.03258 0.03820 0.04453 0.05167 0.05970 0.06873 0.07888 0.09027 0.10301 0.11723 0.13305 0.15055 0.16984 0.19098 0.21401 0.23895 0.26577 0.29443 0.32486 0.35695 0.39060 0.42565 0.46196 0.49936 0.53769 0.57677 0.61644 0.65655 0.69694 0.73749 0.77806 0.81854 0.85883 0.89883 0.93845 0.97761 1.01623 1.05426 1.09162 1.12828 1.16418 1.19928 1.23354 1.26692 1.29939 1.33092 1.36150 1.39109 1.41968 1.44726
0.00001 0.00001 0.00001 0.00014 0.00055 0.00116 0.00199 0.00305 0.00436 0.00594 0.00782 0.01001 0.01255 0.01547 0.01879 0.02256 0.02681 0.03161 0.03699 0.04304 0.04983 0.05745 0.06599 0.07557 0.08629 0.09828 0.11165 0.12651 0.14298 0.16114 0.18107 0.20282 0.22642 0.25187 0.27912 0.30813 0.33880 0.37103 0.40469 0.43964 0.47571 0.51277 0.55063 0.58914 0.62815 0.66750 0.70707 0.74672 0.78636 0.82587 0.86515 0.90410 0.94265 0.98070 1.01819 1.05505 1.09123 1.12668 1.16136 1.19522 1.22822 1.26033 1.29153 1.32178 1.35106 1.37937 1.40669
0.00001 0.00001 0.00001 0.00009 0.00048 0.00105 0.00184 0.00285 0.00410 0.00562 0.00743 0.00954 0.01197 0.01476 0.01793 0.02151 0.02554 0.03005 0.03510 0.04074 0.04705 0.05408 0.06194 0.07071 0.08049 0.09139 0.10352 0.11700 0.13193 0.14841 0.16653 0.18636 0.20794 0.23128 0.25639 0.28321 0.31169 0.34175 0.37327 0.40613 0.44018 0.47529 0.51130 0.54804 0.58535 0.62311 0.66118 0.69943 0.73776 0.77605 0.81420 0.85210 0.88966 0.92679 0.96341 0.99944 1.03485 1.06957 1.10355 1.13676 1.16916 1.20069 1.23135 1.26108 1.28989 1.31776 1.34468
0.00001 0.00001 0.00001 0.00004 0.00039 0.00092 0.00165 0.00260 0.00379 0.00523 0.00693 0.00892 0.01122 0.01384 0.01681 0.02015 0.02389 0.02806 0.03270 0.03786 0.04358 0.04993 0.05697 0.06477 0.07343 0.08302 0.09365 0.10541 0.11841 0.13275 0.14852 0.16582 0.18470 0.20520 0.22736 0.25117 0.27661 0.30362 0.33213 0.36203 0.39323 0.42558 0.45894 0.49315 0.52805 0.56352 0.59943 0.63566 0.67210 0.70862 0.74513 0.78149 0.81761 0.85337 0.88869 0.92351 0.95776 0.99140 1.02438 1.05664 1.08815 1.11886 1.14873 1.17774 1.20588 1.23312 1.25948
0.00001 0.00001 0.00001 0.00001 0.00031 0.00079 0.00146 0.00234 0.00344 0.00478 0.00637 0.00823 0.01036 0.01278 0.01552 0.01859 0.02200 0.02580 0.02999 0.03462 0.03971 0.04531 0.05146 0.05821 0.06561 0.07374 0.08266 0.09248 0.10329 0.11522 0.12837 0.14278 0.15847 0.17553 0.19402 0.21399 0.23547 0.25846 0.28294 0.30886 0.33614 0.36470 0.39441 0.42510 0.45664 0.48890 0.52179 0.55518 0.58896 0.62300 0.65718 0.69138 0.72546 0.75927 0.79275 0.82584 0.85848 0.89062 0.92220 0.95317 0.98348 1.01308 1.04191 1.06995 1.09719 1.12364 1.14928
0.00001 0.00001 0.00001 0.00001 0.00023 0.00065 0.00126 0.00206 0.00308 0.00431 0.00578 0.00748 0.00943 0.01164 0.01412 0.01689 0.01995 0.02332 0.02701 0.03104 0.03542 0.04018 0.04535 0.05094 0.05699 0.06352 0.07056 0.07813 0.08625 0.09496 0.10431 0.11443 0.12550 0.13765 0.15101 0.16573 0.18196 0.19985 0.21953 0.24112 0.26468 0.29018 0.31721 0.34447 0.37211 0.40036 0.42928 0.45883 0.48895 0.51955 0.55051 0.58170 0.61295 0.64405 0.67498 0.70571 0.73618 0.76632 0.79607 0.82536 0.85413 0.88232 0.90984 0.93667 0.96282 0.98829 1.01308
0.00001 0.00001 0.00001 0.00001 0.00014 0.00051 0.00106 0.00179 0.00272 0.00385 0.00519 0.00674 0.00853 0.01055 0.01283 0.01535 0.01815 0.02122 0.02457 0.02823 0.03219 0.03647 0.04108 0.04604 0.05136 0.05705 0.06312 0.06958 0.07643 0.08369 0.09135 0.09942 0.10791 0.11681 0.12613 0.13586 0.14603 0.15663 0.16770 0.17926 0.19139 0.20425 0.21836 0.23516 0.25460 0.27639 0.30034 0.32631 0.35416 0.38373 0.41482 0.44697 0.47792 0.50738 0.53606 0.56432 0.59229 0.62003 0.64753 0.67476 0.70166 0.72816 0.75412 0.77951 0.80438 0.82876 0.85263
0.00001 0.00001 0.00001 0.00001 0.00007 0.00040 0.00088 0.00153 0.00237 0.00339 0.00461 0.00604 0.00768 0.00953 0.01161 0.01392 0.01648 0.01928 0.02233 0.02564 0.02921 0.03306 0.03719 0.04160 0.04630 0.05130 0.05660 0.06220 0.06810 0.07431 0.08081 0.08761 0.09471 0.10209 0.10975 0.11769 0.12590 0.13437 0.14312 0.15213 0.16141 0.17097 0.18081 0.19095 0.20140 0.21218 0.22330 0.23480 0.24671 0.25910 0.27208 0.28604 0.30321 0.32400 0.34751 0.37313 0.40041 0.42903 0.45873 0.48926 0.52028 0.55078 0.57815 0.60376 0.62824 0.65194 0.67506
0.00001 0.00001 0.00001 0.00001 0.00002 0.00029 0.00070 0.00127 0.00201 0.00293 0.00404 0.00533 0.00682 0.00851 0.01041 0.01252 0.01485 0.01740 0.02017 0.02317 0.02640 0.02987 0.03357 0.03751 0.04169 0.04611 0.05077 0.05567 0.06080 0.06617 0.07176 0.07757 0.08360 0.08983 0.09627 0.10289 0.10970 0.11670 0.12388 0.13123 0.13876 0.14647 0.15437 0.16246 0.17073 0.17920 0.18788 0.19676 0.20585 0.21517 0.22470 0.23447 0.24447 0.25472 0.26522 0.27600 0.28708 0.29849 0.31028 0.32254 0.33550 0.35010 0.36900 0.39085 0.41474 0.44006 0.46636
0.00001 0.00001 0.00001 0.00001 0.00001 0.00017 0.00051 0.00100 0.00165 0.00247 0.00346 0.00463 0.00598 0.00751 0.00924 0.01116 0.01328 0.01560 0.01812 0.02084 0.02376 0.02689 0.03021 0.03374 0.03747 0.04139 0.04551 0.04981 0.05430 0.05897 0.06381 0.06881 0.07397 0.07928 0.08473 0.09032 0.09603 0.10187 0.10783 0.11391 0.12011 0.12643 0.13288 0.13945 0.14614 0.15297 0.15992 0.16701 0.17423 0.18158 0.18906 0.19668 0.20443 0.21231 0.22031 0.22846 0.23673 0.24514 0.25369 0.26238 0.27123 0.28023 0.28941 0.29878 0.30835 0.31816 0.32827
0.00001 0.00001 0.00001 0.00001 0.00001 0.00006 0.00034 0.00075 0.00131 0.00202 0.00290 0.00395 0.00516 0.00655 0.00812 0.00986 0.01178 0.01389 0.01617 0.01863 0.02128 0.02410 0.02709 0.03025 0.03358 0.03707 0.04072 0.04451 0.04845 0.05253 0.05673 0.06105 0.06548 0.07002 0.07465 0.07937 0.08418 0.08907 0.09404 0.09909 0.10422 0.10942 0.11471 0.12007 0.12551 0.13104 0.13665 0.14234 0.14810 0.15395 0.15986 0.16585 0.17192 0.17804 0.18424 0.19049 0.19681 0.20319 0.20963 0.21613 0.22268 0.22930 0.23599 0.24274 0.24956 0.25645 0.26342
0.00001 0.00001 0.00001 0.00001 0.00001 0.00001 0.00019 0.00051 0.00098 0.00160 0.00237 0.00330 0.00439 0.00563 0.00705 0.00862 0.01036 0.01227 0.01433 0.01656 0.01895 0.02149 0.02418 0.02702 0.03000 0.03310 0.03633 0.03968 0.04314 0.04670 0.05035 0.05409 0.05790 0.06178 0.06572 0.06972 0.07376 0.07786 0.08200 0.08619 0.09043 0.09471 0.09904 0.10342 0.10784 0.11231 0.11682 0.12137 0.12597 0.13060 0.13526 0.13996 0.14468 0.14943 0.15420 0.15898 0.16379 0.16860 0.17343 0.17828 0.18313 0.18799 0.19286 0.19775 0.20265 0.20756 0.21248
0.00001 0.00001 0.00001 0.00001 0.00001 0.00001 0.00006 0.00031 0.00069 0.00121 0.00188 0.00269 0.00366 0.00477 0.00603 0.00745 0.00902 0.01074 0.01261 0.01462 0.01677 0.01906 0.02148 0.02402 0.02668 0.02944 0.03231 0.03526 0.03830 0.04140 0.04458 0.04780 0.05107 0.05439 0.05773 0.06111 0.06451 0.06794 0.07139 0.07486 0.07835 0.08186 0.08539 0.08895 0.09253 0.09612 0.09973 0.10336 0.10699 0.11063 0.11428 0.11792 0.12157 0.12520 0.12883 0.13244 0.13604 0.13962 0.14319 0.14673 0.15025 0.15375 0.15723 0.16068 0.16411 0.16752 0.17090
0.00001 0.00001 0.00001 0.00001 0.00001 0.00001 0.00001 0.00014 0.00043 0.00086 0.00143 0.00213 0.00298 0.00396 0.00509 0.00636 0.00776 0.00931 0.01099 0.01280 0.01474 0.01680 0.01896 0.02124 0.02360 0.02606 0.02859 0.03119 0.03385 0.03656 0.03931 0.04209 0.04490 0.04772 0.05055 0.05340 0.05625 0.05910 0.06196 0.06482 0.06769 0.07056 0.07343 0.07631 0.07918 0.08206 0.08492 0.08778 0.09063 0.09346 0.09628 0.09907 0.10184 0.10458 0.10729 0.10996 0.11259 0.11519 0.11775 0.12026 0.12273 0.12516 0.12754 0.12988 0.13216 0.13441 0.13660
0.00001 0.00001 0.00001 0.00001 0.00001 0.00001 0.00001 0.00001 0.00022 0.00056 0.00102 0.00162 0.00235 0.00322 0.00421 0.00534 0.00659 0.00798 0.00948 0.01111 0.01284 0.01468 0.01662 0.01865 0.02075 0.02293 0.02516 0.02744 0.02977 0.03212 0.03449 0.03688 0.03928 0.04167 0.04406 0.04645 0.04883 0.05120 0.05356 0.05591 0.05825 0.06058 0.06291 0.06522 0.06751 0.06979 0.07204 0.07428 0.07648 0.07865 0.08079 0.08290 0.08496 0.08697 0.08894 0.09086 0.09273 0.09455 0.09631 0.09801 0.09966 0.10125 0.10277 0.10424 0.10564 0.10697 0.10825
0.00001 0.00001 0.00001 0.00001 0.00001 0.00001 0.00001 0.00001 0.00005 0.00030 0.00067 0.00117 0.00179 0.00254 0.00341 0.00440 0.00551 0.00674 0.00809 0.00953 0.01108 0.01272 0.01445 0.01624 0.01811 0.02002 0.02198 0.02398 0.02600 0.02803 0.03008 0.03212 0.03415 0.03617 0.03818 0.04017 0.04215 0.04410 0.04604 0.04797 0.04987 0.05175 0.05362 0.05546 0.05727 0.05906 0.06082 0.06253 0.06421 0.06585 0.06745 0.06899 0.07049 0.07193 0.07331 0.07463 0.07590 0.07710 0.07824 0.07931 0.08031 0.08125 0.08211 0.08290 0.08362 0.08427 0.08484
0.00001 0.00001 0.00001 0.00001 0.00001 0.00001 0.00001 0.00001 0.00001 0.00011 0.00038 0.00078 0.00130 0.00193 0.00268 0.00354 0.00452 0.00561 0.00679 0.00808 0.00945 0.01090 0.01243 0.01401 0.01565 0.01733 0.01904 0.02078 0.02252 0.02427 0.02602 0.02775 0.02946 0.03116 0.03284 0.03449 0.03612 0.03772 0.03931 0.04087 0.04241 0.04392 0.04540 0.04686 0.04828 0.04967 0.05101 0.05231 0.05356 0.05477 0.05593 0.05703 0.05807 0.05905 0.05997 0.06083 0.06162 0.06234 0.06299 0.06357 0.06408 0.06452 0.06488 0.06517 0.06538 0.06551 0.06556
0.00001 0.00001 0.00001 0.00001 0.00001 0.00001 0.00001 0.00001 0.00001 0.00001 0.00017 0.00046 0.00087 0.00140 0.00203 0.00277 0.00362 0.00457 0.00561 0.00674 0.00794 0.00922 0.01056 0.01195 0.01338 0.01484 0.01633 0.01782 0.01932 0.02081 0.02228 0.02374 0.02518 0.02659 0.02798 0.02934 0.03067 0.03198 0.03327 0.03453 0.03576 0.03696 0.03813 0.03927 0.04037 0.04143 0.04244 0.04340 0.04431 0.04517 0.04597 0.04672 0.04740 0.04802 0.04857 0.04907 0.04949 0.04984 0.05012 0.05033 0.05047 0.05054 0.05052 0.05043 0.05026 0.05002 0.04970
0.00001 0.00001 0.00001 0.00001 0.00001 0.00001 0.00001 0.00001 0.00001 0.00001 0.00001 0.00021 0.00052 0.00094 0.00146 0.00209 0.00281 0.00363 0.00453 0.00551 0.00656 0.00767 0.00884 0.01004 0.01128 0.01254 0.01382 0.01509 0.01636 0.01762 0.01885 0.02007 0.02126 0.02242 0.02356 0.02467 0.02576 0.02682 0.02785 0.02886 0.02984 0.03079 0.03170 0.03258 0.03341 0.03420 0.03493 0.03561 0.03625 0.03683 0.03736 0.03782 0.03822 0.03855 0.03882 0.03904 0.03918 0.03925 0.03924 0.03918 0.03904 0.03884 0.03855 0.03819 0.03776 0.03727 0.03669
0.00001 0.00001 0.00001 0.00001 0.00001 0.00001 0.00001 0.00001 0.00001 0.00001 0.00001 0.00001 0.00024 0.00056 0.00097 0.00149 0.00209 0.00279 0.00356 0.00440 0.00530 0.00626 0.00726 0.00829 0.00935 0.01043 0.01151 0.01258 0.01365 0.01469 0.01572 0.01672 0.01769 0.01864 0.01956 0.02046 0.02134 0.02219 0.02301 0.02381 0.02458 0.02531 0.02602 0.02668 0.02729 0.02786 0.02836 0.02882 0.02923 0.02959 0.02990 0.03014 0.03031 0.03042 0.03047 0.03047 0.03041 0.03026 0.03005 0.02978 0.02946 0.02906 0.02858 0.02803 0.02744 0.02680 0.02607
0.00001 0.00001 0.00001 0.00001 0.00001 0.00001 0.00001 0.00001 0.00001 0.00001 0.00001 0.00001 0.00003 0.00026 0.00057 0.00098 0.00147 0.00204 0.00269 0.00340 0.00416 0.00497 0.00582 0.00670 0.00760 0.00850 0.00940 0.01029 0.01117 0.01203 0.01286 0.01367 0.01446 0.01522 0.01596 0.01668 0.01738 0.01806 0.01871 0.01933 0.01992 0.02048 0.02101 0.02149 0.02193 0.02230 0.02263 0.02290 0.02313 0.02332 0.02345 0.02351 0.02350 0.02344 0.02333 0.02318 0.02296 0.02266 0.02229 0.02189 0.02145 0.02093 0.02033 0.01967 0.01899 0.01829 0.01749
0.00001 0.00001 0.00001 0.00001 0.00001 0.00001 0.00001 0.00001 0.00001 0.00001 0.00001 0.00001 0.00001 0.00003 0.00026 0.00057 0.00095 0.00141 0.00193 0.00251 0.00315 0.00382 0.00453 0.00526 0.00600 0.00675 0.00749 0.00821 0.00892 0.00961 0.01028 0.01093 0.01155 0.01216 0.01275 0.01332 0.01387 0.01440 0.01490 0.01538 0.01583 0.01625 0.01662 0.01696 0.01724 0.01746 0.01763 0.01776 0.01785 0.01790 0.01790 0.01782 0.01767 0.01748 0.01726 0.01701 0.01668 0.01626 0.01580 0.01532 0.01483 0.01425 0.01358 0.01287 0.01220 0.01151 0.01071
0.00001 0.00001 0.00001 0.00001 0.00001 0.00001 0.00001 0.00001 0.00001 0.00001 0.00001 0.00001 0.00001 0.00001 0.00003 0.00025 0.00053 0.00087 0.00128 0.00175 0.00226 0.00281 0.00339 0.00398 0.00458 0.00518 0.00577 0.00635 0.00691 0.00745 0.00798 0.00848 0.00898 0.00945 0.00992 0.01036 0.01079 0.01120 0.01158 0.01193 0.01226 0.01255 0.01281 0.01302 0.01318 0.01327 0.01331 0.01332 0.01331 0.01326 0.01316 0.01297 0.01271 0.01243 0.01215 0.01184 0.01145 0.01096 0.01044 0.00996 0.00947 0.00889 0.00818 0.00749 0.00690 0.00632 0.00558
0.00001 0.00001 0.00001 0.00001 0.00001 0.00001 0.00001 0.00001 0.00001 0.00001 0.00001 0.00001 0.00001 0.00001 0.00001 0.00002 0.00021 0.00045 0.00075 0.00111 0.00151 0.00194 0.00239 0.00286 0.00333 0.00380 0.00426 0.00470 0.00513 0.00555 0.00596 0.00635 0.00673 0.00710 0.00745 0.00780 0.00812 0.00843 0.00871 0.00896 0.00918 0.00937 0.00953 0.00964 0.00969 0.00967 0.00961 0.00953 0.00945 0.00934 0.00917 0.00889 0.00855 0.00823 0.00794 0.00762 0.00720 0.00666 0.00614 0.00571 0.00529 0.00476 0.00405 0.00341 0.00297 0.00258 0.00200
