tests/data/gray99/saval2D/outputs/resuh10.asc
north:     17.44
south:      0.00
east:      60.51
west:       0.00
rows:   68
cols:  236
[rows 0 to 28 of 68, columns 134 to 200 of 236]
0.00001 0.00001 0.00001 0.00001 0.00001 0.00001 0.00001 0.00001 0.00001 0.00001 0.00001 0.00001 0.00001 0.00001 0.00001 0.00001 0.00001 0.00001 0.00001 0.00001 0.00001 0.00001 0.00001 0.00001 0.00001 0.00001 0.00001 0.00001 0.00001 0.00001 0.00001 0.00001 0.00001 0.00001 0.00001 0.00001 0.00001 0.00001 0.00001 0.00001 0.00001 0.00001 0.00001 0.00001 0.00001 0.00001 0.00001 0.00001 0.00001 0.00001 0.00001 0.00001 0.00001 0.00001 0.00001 0.00001 0.00001 0.00001 0.00001 0.00001 0.00001 0.00001 0.00001 0.00001 0.00001 0.00001 0.00001
0.00001 0.00001 0.00001 0.00001 0.00001 0.00001 0.00001 0.00001 0.00001 0.00001 0.00001 0.00001 0.00001 0.00001 0.00001 0.00001 0.00001 0.00001 0.00001 0.00001 0.00001 0.00001 0.00001 0.00001 0.00002 0.00003 0.00005 0.00007 0.00010 0.00013 0.00014 0.00014 0.00012 0.00009 0.00007 0.00004 0.00003 0.00002 0.00001 0.00001 0.00001 0.00001 0.00001 0.00001 0.00001 0.00001 0.00001 0.00001 0.00001 0.00001 0.00001 0.00001 0.00001 0.00001 0.00001 0.00001 0.00001 0.00001 0.00001 0.00001 0.00001 0.00001 0.00001 0.00001 0.00001 0.00001 0.00001
0.00001 0.00001 0.00001 0.00001 0.00001 0.00001 0.00001 0.00001 0.00001 0.00001 0.00001 0.00001 0.00001 0.00001 0.00001 0.00001 0.00001 0.00001 0.00001 0.00001 0.00001 0.00001 0.00004 0.00013 0.00031 0.00060 0.00099 0.00140 0.00180 0.00211 0.00227 0.00227 0.00211 0.00180 0.00142 0.00101 0.00065 0.00036 0.00017 0.00007 0.00003 0.00001 0.00001 0.00001 0.00001 0.00001 0.00001 0.00001 0.00001 0.00001 0.00001 0.00001 0.00001 0.00001 0.00001 0.00001 0.00001 0.00001 0.00001 0.00001 0.00001 0.00001 0.00001 0.00001 0.00001 0.00001 0.00001
0.00001 0.00001 0.00001 0.00001 0.00001 0.00001 0.00001 0.00001 0.00001 0.00001 0.00001 0.00001 0.00001 0.00001 0.00001 0.00001 0.00001 0.00001 0.00001 0.00001 0.00005 0.00026 0.00087 0.00203 0.00364 0.00562 0.00776 0.00985 0.01169 0.01310 0.01394 0.01413 0.01364 0.01252 0.01087 0.00886 0.00671 0.00465 0.00290 0.00158 0.00073 0.00027 0.00008 0.00002 0.00001 0.00001 0.00001 0.00001 0.00001 0.00001 0.00001 0.00001 0.00001 0.00001 0.00001 0.00001 0.00001 0.00001 0.00001 0.00001 0.00001 0.00001 0.00001 0.00001 0.00001 0.00001 0.00001
0.00001 0.00001 0.00001 0.00001 0.00001 0.00001 0.00001 0.00001 0.00001 0.00001 0.00001 0.00001 0.00001 0.00001 0.00001 0.00001 0.00001 0.00001 0.00005 0.00029 0.00112 0.00314 0.00676 0.01165 0.01709 0.02287 0.02855 0.03379 0.03830 0.04183 0.04420 0.04525 0.04490 0.04311 0.03993 0.03552 0.03014 0.02415 0.01806 0.01237 0.00760 0.00405 0.00180 0.00063 0.00016 0.00003 0.00001 0.00001 0.00001 0.00001 0.00001 0.00001 0.00001 0.00001 0.00001 0.00001 0.00001 0.00001 0.00001 0.00001 0.00001 0.00001 0.00001 0.00001 0.00001 0.00001 0.00001
0.00001 0.00001 0.00001 0.00001 0.00001 0.00001 0.00001 0.00001 0.00001 0.00001 0.00001 0.00001 0.00001 0.00001 0.00001 0.00001 0.00005 0.00029 0.00120 0.00348 0.00783 0.01482 0.02432 0.03494 0.04541 0.05570 0.06535 0.07405 0.08157 0.08768 0.09221 0.09499 0.09586 0.09470 0.09141 0.08597 0.07843 0.06899 0.05803 0.04617 0.03422 0.02316 0.01393 0.00717 0.00300 0.00095 0.00021 0.00003 0.00001 0.00001 0.00001 0.00001 0.00001 0.00001 0.00001 0.00001 0.00001 0.00001 0.00001 0.00001 0.00001 0.00001 0.00001 0.00001 0.00001 0.00001 0.00001
0.00001 0.00001 0.00001 0.00001 0.00001 0.00001 0.00001 0.00001 0.00001 0.00001 0.00001 0.00001 0.00001 0.00001 0.00004 0.00027 0.00121 0.00360 0.00820 0.01554 0.02588 0.03933 0.05503 0.07085 0.08544 0.09922 0.11190 0.12331 0.13331 0.14174 0.14847 0.15336 0.15624 0.15693 0.15526 0.15104 0.14410 0.13433 0.12171 0.10645 0.08900 0.07021 0.05134 0.03397 0.01967 0.00952 0.00361 0.00098 0.00017 0.00002 0.00001 0.00001 0.00001 0.00001 0.00001 0.00001 0.00001 0.00001 0.00001 0.00001 0.00001 0.00001 0.00001 0.00001 0.00001 0.00001 0.00001
0.00001 0.00001 0.00001 0.00001 0.00001 0.00001 0.00001 0.00001 0.00001 0.00001 0.00001 0.00001 0.00004 0.00026 0.00121 0.00369 0.00841 0.01586 0.02628 0.03967 0.05582 0.07456 0.09473 0.11395 0.13109 0.14691 0.16139 0.17449 0.18615 0.19628 0.20479 0.21156 0.21645 0.21931 0.21994 0.21811 0.21357 0.20604 0.19523 0.18092 0.16299 0.14157 0.11721 0.09106 0.06496 0.04129 0.02243 0.00981 0.00317 0.00067 0.00008 0.00001 0.00001 0.00001 0.00001 0.00001 0.00001 0.00001 0.00001 0.00001 0.00001 0.00001 0.00001 0.00001 0.00001 0.00001 0.00001
0.00001 0.00001 0.00001 0.00001 0.00001 0.00001 0.00001 0.00001 0.00001 0.00001 0.00004 0.00028 0.00127 0.00387 0.00877 0.01636 0.02680 0.04005 0.05592 0.07413 0.09429 0.11626 0.13891 0.16001 0.17852 0.19538 0.21077 0.22477 0.23738 0.24856 0.25826 0.26639 0.27284 0.27747 0.28014 0.28062 0.27870 0.27407 0.26641 0.25532 0.24039 0.22124 0.19765 0.16969 0.13807 0.10440 0.07138 0.04247 0.02081 0.00776 0.00195 0.00028 0.00003 0.00001 0.00001 0.00001 0.00001 0.00001 0.00001 0.00001 0.00001 0.00001 0.00001 0.00001 0.00001 0.00001 0.00001
0.00001 0.00001 0.00001 0.00001 0.00001 0.00001 0.00001 0.00001 0.00005 0.00034 0.00149 0.00433 0.00952 0.01742 0.02807 0.04137 0.05709 0.07494 0.09459 0.11576 0.13812 0.16165 0.18537 0.20732 0.22655 0.24393 0.25974 0.27414 0.28721 0.29894 0.30931 0.31826 0.32570 0.33154 0.33563 0.33783 0.33794 0.33572 0.33088 0.32307 0.31186 0.29674 0.27715 0.25256 0.22263 0.18747 0.14817 0.10715 0.06841 0.03662 0.01526 0.00443 0.00075 0.00007 0.00001 0.00001 0.00001 0.00001 0.00001 0.00001 0.00001 0.00001 0.00001 0.00001 0.00001 0.00001 0.00001
0.00001 0.00001 0.00001 0.00001 0.00001 0.00002 0.00009 0.00052 0.00200 0.00532 0.01105 0.01946 0.03059 0.04424 0.06014 0.07795 0.09736 0.11806 0.13980 0.16239 0.18564 0.20961 0.23353 0.25567 0.27521 0.29282 0.30880 0.32334 0.33656 0.34850 0.35916 0.36851 0.37648 0.38300 0.38797 0.39125 0.39269 0.39211 0.38929 0.38394 0.37573 0.36420 0.34882 0.32895 0.30385 0.27283 0.23552 0.19232 0.14508 0.09773 0.05598 0.02540 0.00820 0.00160 0.00015 0.00001 0.00001 0.00001 0.00001 0.00001 0.00001 0.00001 0.00001 0.00001 0.00001 0.00001 0.00001
0.00001 0.00001 0.00001 0.00003 0.00020 0.00098 0.00310 0.00726 0.01390 0.02320 0.03512 0.04944 0.06582 0.08392 0.10341 0.12398 0.14537 0.16739 0.18992 0.21285 0.23610 0.25980 0.28333 0.30523 0.32472 0.34234 0.35832 0.37286 0.38606 0.39801 0.40872 0.41818 0.42636 0.43319 0.43859 0.44246 0.44468 0.44511 0.44356 0.43982 0.43363 0.42466 0.41248 0.39656 0.37619 0.35056 0.31875 0.27997 0.23401 0.18205 0.12760 0.07685 0.03712 0.01297 0.00279 0.00029 0.00002 0.00001 0.00001 0.00001 0.00001 0.00001 0.00001 0.00001 0.00001 0.00001 0.00001
0.00002 0.00014 0.00066 0.00221 0.00548 0.01098 0.01904 0.02972 0.04287 0.05823 0.07544 0.09411 0.11390 0.13450 0.15570 0.17734 0.19930 0.22149 0.24385 0.26639 0.28906 0.31203 0.33479 0.35609 0.37522 0.39261 0.40843 0.42283 0.43592 0.44775 0.45837 0.46777 0.47594 0.48283 0.48838 0.49251 0.49512 0.49608 0.49527 0.49250 0.48758 0.48025 0.47020 0.45702 0.44019 0.41899 0.39256 0.35984 0.31973 0.27155 0.21583 0.15556 0.09705 0.04896 0.01804 0.00415 0.00046 0.00003 0.00001 0.00001 0.00001 0.00001 0.00001 0.00001 0.00001 0.00001 0.00001
0.00249 0.00560 0.01075 0.01828 0.02837 0.04094 0.05577 0.07254 0.09087 0.11038 0.13072 0.15160 0.17277 0.19410 0.21547 0.23684 0.25819 0.27957 0.30101 0.32254 0.34418 0.36608 0.38779 0.40823 0.42675 0.44368 0.45915 0.47326 0.48611 0.49773 0.50815 0.51739 0.52542 0.53221 0.53772 0.54188 0.54461 0.54581 0.54536 0.54313 0.53895 0.53262 0.52390 0.51250 0.49801 0.47992 0.45753 0.42994 0.39597 0.35436 0.30404 0.24501 0.17977 0.11466 0.05938 0.02256 0.00537 0.00062 0.00003 0.00001 0.00001 0.00001 0.00001 0.00001 0.00001 0.00001 0.00001
0.02277 0.03304 0.04567 0.06047 0.07717 0.09543 0.11488 0.13519 0.15605 0.17721 0.19848 0.21970 0.24078 0.26164 0.28227 0.30267 0.32287 0.34291 0.36287 0.38283 0.40284 0.42311 0.44326 0.46235 0.47982 0.49592 0.51072 0.52430 0.53671 0.54796 0.55806 0.56701 0.57480 0.58138 0.58672 0.59076 0.59343 0.59465 0.59431 0.59232 0.58852 0.58276 0.57485 0.56454 0.55156 0.53550 0.51585 0.49193 0.46278 0.42719 0.38372 0.33102 0.26872 0.19898 0.12824 0.06711 0.02571 0.00614 0.00070 0.00003 0.00001 0.00001 0.00001 0.00001 0.00001 0.00001 0.00001
0.07826 0.09485 0.11286 0.13200 0.15196 0.17244 0.19321 0.21407 0.23486 0.25547 0.27585 0.29596 0.31578 0.33534 0.35465 0.37375 0.39269 0.41149 0.43020 0.44886 0.46750 0.48626 0.50482 0.52235 0.53836 0.55311 0.56668 0.57914 0.59056 0.60093 0.61026 0.61853 0.62571 0.63175 0.63660 0.64020 0.64249 0.64340 0.64285 0.64074 0.63695 0.63136 0.62381 0.61411 0.60203 0.58726 0.56941 0.54795 0.52217 0.49111 0.45347 0.40769 0.35221 0.28642 0.21235 0.13677 0.07122 0.02694 0.00627 0.00068 0.00003 0.00001 0.00001 0.00001 0.00001 0.00001 0.00001
0.17272 0.19078 0.20947 0.22855 0.24782 0.26711 0.28631 0.30531 0.32407 0.34255 0.36076 0.37870 0.39640 0.41391 0.43125 0.44848 0.46564 0.48279 0.49995 0.51718 0.53449 0.55200 0.56937 0.58582 0.60087 0.61469 0.62734 0.63888 0.64935 0.65877 0.66717 0.67453 0.68085 0.68608 0.69018 0.69308 0.69473 0.69505 0.69395 0.69134 0.68711 0.68116 0.67335 0.66352 0.65150 0.63708 0.61999 0.59987 0.57619 0.54821 0.51487 0.47475 0.42615 0.36737 0.29769 0.21931 0.13963 0.07126 0.02604 0.00572 0.00057 0.00002 0.00001 0.00001 0.00001 0.00001 0.00001
0.29283 0.30861 0.32465 0.34081 0.35700 0.37313 0.38913 0.40498 0.42066 0.43616 0.45150 0.46670 0.48180 0.49683 0.51182 0.52683 0.54188 0.55702 0.57227 0.58768 0.60325 0.61909 0.63489 0.64991 0.66372 0.67646 0.68814 0.69881 0.70848 0.71716 0.72483 0.73149 0.73710 0.74163 0.74504 0.74728 0.74829 0.74800 0.74635 0.74325 0.73862 0.73235 0.72431 0.71437 0.70235 0.68803 0.67115 0.65140 0.62841 0.60169 0.57061 0.53418 0.49092 0.43890 0.37622 0.30219 0.21949 0.13658 0.06719 0.02317 0.00464 0.00040 0.00002 0.00001 0.00001 0.00001 0.00001
0.41761 0.43066 0.44368 0.45663 0.46949 0.48226 0.49492 0.50750 0.51999 0.53242 0.54481 0.55721 0.56962 0.58210 0.59466 0.60735 0.62019 0.63320 0.64643 0.65988 0.67356 0.68755 0.70159 0.71499 0.72732 0.73870 0.74915 0.75868 0.76731 0.77501 0.78180 0.78762 0.79247 0.79628 0.79902 0.80063 0.80104 0.80019 0.79801 0.79442 0.78934 0.78268 0.77434 0.76420 0.75212 0.73792 0.72139 0.70226 0.68016 0.65463 0.62501 0.59050 0.55008 0.50248 0.44592 0.37850 0.29960 0.21270 0.12773 0.05948 0.01885 0.00331 0.00023 0.00001 0.00001 0.00001 0.00001
0.53515 0.54638 0.55727 0.56786 0.57820 0.58833 0.59831 0.60817 0.61797 0.62776 0.63757 0.64744 0.65742 0.66753 0.67781 0.68829 0.69900 0.70995 0.72116 0.73266 0.74442 0.75655 0.76876 0.78043 0.79116 0.80104 0.81009 0.81831 0.82571 0.83227 0.83798 0.84281 0.84672 0.84968 0.85163 0.85251 0.85225 0.85078 0.84804 0.84393 0.83839 0.83132 0.82264 0.81223 0.79997 0.78573 0.76932 0.75051 0.72902 0.70448 0.67638 0.64403 0.60644 0.56224 0.50981 0.44753 0.37410 0.28971 0.19900 0.11363 0.04903 0.01384 0.00203 0.00011 0.00001 0.00001 0.00001
0.64151 0.65179 0.66148 0.67067 0.67941 0.68781 0.69593 0.70387 0.71169 0.71945 0.72723 0.73508 0.74304 0.75116 0.75947 0.76801 0.77679 0.78585 0.79519 0.80484 0.81478 0.82509 0.83551 0.84545 0.85455 0.86288 0.87045 0.87727 0.88333 0.88861 0.89312 0.89682 0.89967 0.90163 0.90266 0.90268 0.90165 0.89947 0.89607 0.89138 0.88532 0.87779 0.86870 0.85796 0.84546 0.83107 0.81464 0.79597 0.77482 0.75090 0.72378 0.69293 0.65757 0.61663 0.56859 0.51144 0.44313 0.36283 0.27244 0.17880 0.09536 0.03715 0.00898 0.00104 0.00005 0.00001 0.00001
0.73602 0.74592 0.75509 0.76359 0.77152 0.77895 0.78599 0.79274 0.79927 0.80567 0.81203 0.81839 0.82483 0.83139 0.83812 0.84506 0.85222 0.85964 0.86734 0.87532 0.88359 0.89220 0.90093 0.90922 0.91673 0.92352 0.92961 0.93499 0.93966 0.94361 0.94684 0.94932 0.95101 0.95188 0.95188 0.95095 0.94903 0.94605 0.94192 0.93657 0.92990 0.92184 0.91229 0.90116 0.88834 0.87372 0.85716 0.83849 0.81750 0.79394 0.76746 0.73761 0.70377 0.66509 0.62035 0.56786 0.50548 0.43100 0.34379 0.24775 0.15293 0.07450 0.02536 0.00500 0.00042 0.00002 0.00001
0.81905 0.82892 0.83799 0.84632 0.85397 0.86104 0.86762 0.87378 0.87964 0.88527 0.89075 0.89617 0.90157 0.90703 0.91259 0.91829 0.92417 0.93025 0.93656 0.94311 0.94990 0.95700 0.96418 0.97094 0.97694 0.98226 0.98690 0.99086 0.99415 0.99676 0.99868 0.99990 1.00038 1.00010 0.99901 0.99706 0.99418 0.99032 0.98539 0.97930 0.97198 0.96333 0.95326 0.94167 0.92848 0.91355 0.89678 0.87800 0.85704 0.83366 0.80757 0.77839 0.74561 0.70851 0.66610 0.61699 0.55930 0.49081 0.40956 0.31583 0.21575 0.12283 0.05312 0.01515 0.00228 0.00013 0.00001
0.89133 0.90135 0.91058 0.91906 0.92683 0.93395 0.94051 0.94658 0.95224 0.95758 0.96268 0.96760 0.97242 0.97719 0.98197 0.98681 0.99173 0.99678 1.00198 1.00734 1.01288 1.01866 1.02446 1.02984 1.03446 1.03840 1.04168 1.04428 1.04623 1.04753 1.04815 1.04811 1.04737 1.04591 1.04370 1.04069 1.03683 1.03204 1.02626 1.01939 1.01137 1.00208 0.99145 0.97937 0.96574 0.95047 0.93342 0.91446 0.89342 0.87009 0.84423 0.81549 0.78343 0.74744 0.70671 0.66006 0.60587 0.54209 0.46651 0.37792 0.27849 0.17734 0.09081 0.03358 0.00758 0.00079 0.00003
0.95370 0.96397 0.97351 0.98232 0.99043 0.99788 1.00474 1.01105 1.01688 1.02231 1.02740 1.03221 1.03682 1.04127 1.04562 1.04992 1.05420 1.05850 1.06286 1.06728 1.07179 1.07645 1.08108 1.08523 1.08861 1.09130 1.09331 1.09465 1.09534 1.09537 1.09475 1.09348 1.09154 1.08893 1.08560 1.08153 1.07666 1.07094 1.06428 1.05662 1.04787 1.03792 1.02670 1.01410 1.00002 0.98436 0.96699 0.94780 0.92661 0.90326 0.87749 0.84902 0.81744 0.78225 0.74272 0.69787 0.64629 0.58615 0.51525 0.43172 0.33576 0.23256 0.13485 0.06004 0.01804 0.00297 0.00019
1.00700 1.01756 1.02746 1.03670 1.04528 1.05323 1.06057 1.06734 1.07359 1.07937 1.08473 1.08973 1.09442 1.09884 1.10305 1.10710 1.11101 1.11483 1.11859 1.12231 1.12601 1.12976 1.13339 1.13648 1.13878 1.14035 1.14122 1.14140 1.14091 1.13976 1.13797 1.13554 1.13246 1.12874 1.12433 1.11923 1.11338 1.10673 1.09921 1.09075 1.08127 1.07066 1.05885 1.04572 1.03117 1.01511 0.99741 0.97794 0.95657 0.93312 0.90737 0.87904 0.84779 0.81315 0.77450 0.73097 0.68134 0.62397 0.55679 0.47770 0.38576 0.28362 0.18048 0.09224 0.03405 0.00772 0.00082
1.05201 1.06286 1.07315 1.08285 1.09196 1.10047 1.10839 1.11575 1.12256 1.12886 1.13468 1.14006 1.14504 1.14966 1.15396 1.15797 1.16174 1.16529 1.16867 1.17189 1.17498 1.17801 1.18082 1.18303 1.18440 1.18500 1.18485 1.18399 1.18244 1.18022 1.17735 1.17384 1.16971 1.16493 1.15952 1.15343 1.14665 1.13911 1.13077 1.12154 1.11135 1.10011 1.08771 1.07406 1.05906 1.04259 1.02455 1.00481 0.98323 0.95964 0.93384 0.90558 0.87454 0.84029 0.80227 0.75970 0.71153 0.65626 0.59200 0.51660 0.42851 0.32870 0.22357 0.12664 0.05450 0.01558 0.00239
1.08942 1.10055 1.11122 1.12137 1.13101 1.14010 1.14863 1.15662 1.16406 1.17096 1.17734 1.18322 1.18862 1.19358 1.19812 1.20227 1.20606 1.20952 1.21269 1.21558 1.21823 1.22071 1.22287 1.22436 1.22495 1.22472 1.22370 1.22193 1.21944 1.21627 1.21244 1.20796 1.20286 1.19714 1.19080 1.18382 1.17617 1.16782 1.15870 1.14876 1.13791 1.12606 1.11312 1.09898 1.08354 1.06669 1.04832 1.02830 1.00650 0.98276 0.95688 0.92863 0.89771 0.86372 0.82615 0.78431 0.73721 0.68354 0.62153 0.54908 0.46436 0.36727 0.26211 0.15996 0.07716 0.02619 0.00523
1.11985 1.13124 1.14225 1.15283 1.16295 1.17258 1.18171 1.19031 1.19837 1.20588 1.21285 1.21928 1.22517 1.23055 1.23542 1.23981 1.24373 1.24723 1.25031 1.25302 1.25537 1.25744 1.25911 1.26002 1.25998 1.25906 1.25731 1.25477 1.25149 1.24749 1.24282 1.23750 1.23155 1.22500 1.21784 1.21006 1.20165 1.19257 1.18276 1.17218 1.16073 1.14833 1.13489 1.12031 1.10447 1.08727 1.06859 1.04832 1.02630 1.00240 0.97643 0.94816 0.91730 0.88348 0.84624 0.80492 0.75862 0.70614 0.64584 0.57571 0.49379 0.39932 0.29510 0.19013 0.09966 0.03839 0.00931
