tests/data/gray99/saval2D/outputs/resuqv6.asc
north:     17.44
south:      0.00
east:      60.51
west:       0.00
rows:   68
cols:  236
[rows 28 to 55 of 68, columns 0 to 63 of 236]
0.00000 0.00000 0.00000 0.00000 0.00001 0.00006 0.00017 0.00037 0.00070 0.00120 0.00193 0.00295 0.00433 0.00619 0.00863 0.01183 0.01598 0.02131 0.02809 0.03662 0.04722 0.06018 0.07579 0.09426 0.11573 0.14027 0.16784 0.19832 0.23150 0.26714 0.30492 0.34450 0.38556 0.42776 0.47077 0.51432 0.55813 0.60196 0.64558 0.68880 0.73147 0.77345 0.81463 0.85493 0.89428 0.93262 0.96990 1.00609 1.04115 1.07503 1.10770 1.13911 1.16924 1.19803 1.22544 1.25142 1.27592 1.29892 1.32036 1.34022 1.35846 1.37505 1.38998 1.40321
0.00000 0.00000 0.00000 0.00000 0.00001 0.00006 0.00017 0.00036 0.00066 0.00111 0.00176 0.00266 0.00389 0.00553 0.00770 0.01053 0.01421 0.01894 0.02494 0.03248 0.04180 0.05315 0.06671 0.08265 0.10105 0.12190 0.14514 0.17063 0.19818 0.22754 0.25846 0.29065 0.32387 0.35784 0.39232 0.42712 0.46202 0.49687 0.53151 0.56582 0.59969 0.63304 0.66580 0.69792 0.72935 0.76006 0.79002 0.81920 0.84757 0.87509 0.90174 0.92748 0.95226 0.97604 0.99878 1.02043 1.04094 1.06027 1.07838 1.09522 1.11078 1.12500 1.13787 1.14936
0.00000 0.00000 0.00000 0.00000 0.00002 0.00006 0.00015 0.00031 0.00056 0.00093 0.00145 0.00218 0.00316 0.00447 0.00620 0.00845 0.01136 0.01510 0.01982 0.02571 0.03296 0.04172 0.05211 0.06423 0.07810 0.09371 0.11098 0.12979 0.14997 0.17136 0.19376 0.21696 0.24079 0.26508 0.28966 0.31441 0.33921 0.36396 0.38859 0.41302 0.43719 0.46108 0.48462 0.50781 0.53061 0.55298 0.57492 0.59638 0.61734 0.63777 0.65763 0.67689 0.69551 0.71344 0.73065 0.74708 0.76269 0.77746 0.79134 0.80430 0.81632 0.82735 0.83739 0.84640
0.00000 0.00000 0.00000 0.00000 0.00001 0.00005 0.00011 0.00023 0.00040 0.00066 0.00102 0.00151 0.00217 0.00305 0.00419 0.00566 0.00755 0.00994 0.01294 0.01663 0.02112 0.02649 0.03279 0.04005 0.04828 0.05746 0.06752 0.07838 0.08996 0.10215 0.11483 0.12790 0.14127 0.15487 0.16861 0.18246 0.19636 0.21028 0.22420 0.23812 0.25200 0.26585 0.27965 0.29337 0.30698 0.32046 0.33378 0.34691 0.35981 0.37245 0.38479 0.39681 0.40846 0.41969 0.43047 0.44077 0.45058 0.45986 0.46860 0.47678 0.48439 0.49140 0.49780 0.50357
0.00000 0.00000 0.00000 0.00000 0.00001 0.00002 0.00006 0.00011 0.00019 0.00031 0.00048 0.00070 0.00099 0.00135 0.00180 0.00236 0.00303 0.00385 0.00481 0.00592 0.00720 0.00864 0.01024 0.01199 0.01387 0.01587 0.01798 0.02015 0.02238 0.02463 0.02689 0.02917 0.03147 0.03381 0.03621 0.03871 0.04132 0.04406 0.04696 0.05004 0.05332 0.05682 0.06052 0.06444 0.06854 0.07277 0.07707 0.08141 0.08575 0.09004 0.09426 0.09839 0.10242 0.10631 0.11002 0.11352 0.11681 0.11989 0.12276 0.12544 0.12794 0.13031 0.13250 0.13452
0.00000 -0.00000 -0.00000 -0.00000 -0.00000 -0.00001 -0.00001 -0.00002 -0.00004 -0.00008 -0.00012 -0.00020 -0.00031 -0.00049 -0.00077 -0.00118 -0.00179 -0.00266 -0.00386 -0.00546 -0.00754 -0.01019 -0.01346 -0.01741 -0.02207 -0.02744 -0.03352 -0.04027 -0.04760 -0.05545 -0.06373 -0.07233 -0.08117 -0.09014 -0.09914 -0.10807 -0.11683 -0.12532 -0.13347 -0.14122 -0.14854 -0.15542 -0.16187 -0.16791 -0.17358 -0.17889 -0.18387 -0.18857 -0.19305 -0.19733 -0.20148 -0.20552 -0.20949 -0.21339 -0.21718 -0.22085 -0.22438 -0.22776 -0.23098 -0.23402 -0.23685 -0.23949 -0.24186 -0.24391
0.00000 -0.00000 -0.00000 -0.00000 -0.00001 -0.00004 -0.00009 -0.00016 -0.00029 -0.00047 -0.00073 -0.00110 -0.00161 -0.00233 -0.00333 -0.00469 -0.00654 -0.00900 -0.01224 -0.01642 -0.02169 -0.02822 -0.03613 -0.04550 -0.05640 -0.06881 -0.08268 -0.09792 -0.11439 -0.13194 -0.15037 -0.16949 -0.18910 -0.20901 -0.22904 -0.24900 -0.26874 -0.28813 -0.30705 -0.32543 -0.34321 -0.36037 -0.37689 -0.39279 -0.40810 -0.42284 -0.43708 -0.45084 -0.46417 -0.47712 -0.48970 -0.50193 -0.51380 -0.52530 -0.53641 -0.54710 -0.55734 -0.56710 -0.57633 -0.58498 -0.59302 -0.60038 -0.60701 -0.61289
0.00000 -0.00000 -0.00000 -0.00000 -0.00002 -0.00006 -0.00015 -0.00029 -0.00050 -0.00083 -0.00128 -0.00192 -0.00281 -0.00401 -0.00565 -0.00785 -0.01079 -0.01464 -0.01965 -0.02604 -0.03405 -0.04392 -0.05582 -0.06991 -0.08625 -0.10485 -0.12564 -0.14849 -0.17319 -0.19952 -0.22720 -0.25596 -0.28550 -0.31554 -0.34583 -0.37611 -0.40618 -0.43586 -0.46500 -0.49348 -0.52124 -0.54822 -0.57440 -0.59980 -0.62443 -0.64831 -0.67149 -0.69399 -0.71584 -0.73705 -0.75764 -0.77760 -0.79692 -0.81557 -0.83351 -0.85070 -0.86708 -0.88261 -0.89722 -0.91086 -0.92348 -0.93501 -0.94541 -0.95463
0.00000 -0.00000 -0.00000 -0.00000 -0.00002 -0.00008 -0.00019 -0.00038 -0.00068 -0.00112 -0.00174 -0.00261 -0.00380 -0.00541 -0.00758 -0.01045 -0.01424 -0.01918 -0.02555 -0.03363 -0.04374 -0.05616 -0.07115 -0.08890 -0.10952 -0.13306 -0.15944 -0.18851 -0.22006 -0.25379 -0.28937 -0.32645 -0.36466 -0.40364 -0.44306 -0.48260 -0.52200 -0.56102 -0.59949 -0.63725 -0.67421 -0.71029 -0.74546 -0.77969 -0.81299 -0.84537 -0.87685 -0.90743 -0.93712 -0.96593 -0.99382 -1.02079 -1.04679 -1.07179 -1.09574 -1.11858 -1.14025 -1.16069 -1.17984 -1.19764 -1.21403 -1.22895 -1.24237 -1.25421
0.00000 -0.00000 -0.00000 -0.00000 -0.00002 -0.00009 -0.00021 -0.00044 -0.00079 -0.00132 -0.00207 -0.00311 -0.00453 -0.00644 -0.00898 -0.01232 -0.01669 -0.02236 -0.02963 -0.03882 -0.05028 -0.06436 -0.08135 -0.10151 -0.12500 -0.15191 -0.18221 -0.21576 -0.25234 -0.29166 -0.33335 -0.37700 -0.42220 -0.46852 -0.51555 -0.56292 -0.61029 -0.65739 -0.70399 -0.74991 -0.79501 -0.83919 -0.88237 -0.92451 -0.96558 -1.00557 -1.04447 -1.08226 -1.11893 -1.15443 -1.18875 -1.22183 -1.25362 -1.28407 -1.31312 -1.34071 -1.36676 -1.39123 -1.41404 -1.43515 -1.45449 -1.47203 -1.48770 -1.50148
0.00000 -0.00000 -0.00000 -0.00000 -0.00002 -0.00008 -0.00022 -0.00046 -0.00085 -0.00143 -0.00226 -0.00341 -0.00497 -0.00706 -0.00981 -0.01341 -0.01809 -0.02413 -0.03182 -0.04152 -0.05360 -0.06841 -0.08630 -0.10757 -0.13244 -0.16103 -0.19339 -0.22942 -0.26895 -0.31169 -0.35731 -0.40538 -0.45547 -0.50710 -0.55981 -0.61317 -0.66679 -0.72033 -0.77354 -0.82618 -0.87808 -0.92909 -0.97909 -1.02800 -1.07575 -1.12230 -1.16760 -1.21162 -1.25430 -1.29559 -1.33543 -1.37374 -1.41046 -1.44553 -1.47887 -1.51042 -1.54012 -1.56789 -1.59368 -1.61743 -1.63911 -1.65866 -1.67606 -1.69127
0.00000 -0.00000 -0.00000 -0.00000 -0.00001 -0.00007 -0.00021 -0.00046 -0.00086 -0.00146 -0.00232 -0.00352 -0.00514 -0.00728 -0.01010 -0.01376 -0.01850 -0.02456 -0.03226 -0.04192 -0.05391 -0.06858 -0.08629 -0.10736 -0.13208 -0.16064 -0.19315 -0.22964 -0.26999 -0.31397 -0.36125 -0.41142 -0.46403 -0.51857 -0.57458 -0.63162 -0.68930 -0.74723 -0.80513 -0.86272 -0.91976 -0.97606 -1.03145 -1.08581 -1.13900 -1.19093 -1.24155 -1.29077 -1.33853 -1.38472 -1.42926 -1.47204 -1.51299 -1.55202 -1.58905 -1.62401 -1.65683 -1.68745 -1.71580 -1.74183 -1.76550 -1.78678 -1.80563 -1.82205
0.00000 -0.00000 -0.00000 -0.00000 -0.00001 -0.00006 -0.00019 -0.00043 -0.00082 -0.00142 -0.00229 -0.00349 -0.00511 -0.00726 -0.01007 -0.01371 -0.01837 -0.02430 -0.03178 -0.04111 -0.05263 -0.06667 -0.08358 -0.10365 -0.12716 -0.15432 -0.18525 -0.22004 -0.25863 -0.30093 -0.34673 -0.39578 -0.44774 -0.50226 -0.55894 -0.61732 -0.67695 -0.73740 -0.79818 -0.85893 -0.91934 -0.97915 -1.03818 -1.09627 -1.15339 -1.20934 -1.26404 -1.31738 -1.36922 -1.41945 -1.46791 -1.51449 -1.55907 -1.60153 -1.64181 -1.67980 -1.71545 -1.74866 -1.77938 -1.80754 -1.83312 -1.85608 -1.87639 -1.89404
0.00000 -0.00000 -0.00000 -0.00000 -0.00000 -0.00004 -0.00016 -0.00038 -0.00076 -0.00133 -0.00217 -0.00334 -0.00492 -0.00701 -0.00974 -0.01324 -0.01771 -0.02336 -0.03044 -0.03923 -0.05003 -0.06316 -0.07891 -0.09759 -0.11944 -0.14467 -0.17343 -0.20580 -0.24177 -0.28127 -0.32415 -0.37018 -0.41911 -0.47061 -0.52438 -0.58006 -0.63734 -0.69588 -0.75541 -0.81563 -0.87629 -0.93717 -0.99801 -1.05856 -1.11852 -1.17770 -1.23576 -1.29244 -1.34755 -1.40092 -1.45239 -1.50187 -1.54930 -1.59454 -1.63752 -1.67814 -1.71630 -1.75189 -1.78482 -1.81505 -1.84252 -1.86719 -1.88905 -1.90810
0.00000 -0.00000 0.00000 -0.00000 -0.00000 -0.00003 -0.00012 -0.00032 -0.00066 -0.00119 -0.00198 -0.00308 -0.00458 -0.00656 -0.00913 -0.01244 -0.01663 -0.02190 -0.02847 -0.03659 -0.04652 -0.05855 -0.07295 -0.08998 -0.10990 -0.13289 -0.15911 -0.18864 -0.22152 -0.25768 -0.29703 -0.33938 -0.38451 -0.43218 -0.48210 -0.53399 -0.58756 -0.64254 -0.69868 -0.75574 -0.81348 -0.87170 -0.93020 -0.98877 -1.04722 -1.10535 -1.16296 -1.21985 -1.27580 -1.33060 -1.38405 -1.43589 -1.48584 -1.53374 -1.57929 -1.62230 -1.66264 -1.70021 -1.73495 -1.76686 -1.79596 -1.82219 -1.84555 -1.86602
0.00000 0.00000 -0.00000 -0.00000 -0.00000 -0.00001 -0.00008 -0.00024 -0.00054 -0.00101 -0.00172 -0.00274 -0.00412 -0.00595 -0.00834 -0.01139 -0.01525 -0.02009 -0.02608 -0.03345 -0.04243 -0.05327 -0.06621 -0.08149 -0.09933 -0.11992 -0.14341 -0.16990 -0.19941 -0.23193 -0.26738 -0.30563 -0.34649 -0.38977 -0.43523 -0.48263 -0.53175 -0.58234 -0.63418 -0.68708 -0.74082 -0.79522 -0.85009 -0.90524 -0.96048 -1.01562 -1.07046 -1.12478 -1.17840 -1.23109 -1.28266 -1.33291 -1.38164 -1.42867 -1.47384 -1.51697 -1.55793 -1.59658 -1.63277 -1.66635 -1.69716 -1.72511 -1.75006 -1.77194
0.00000 -0.00000 0.00000 -0.00000 -0.00000 -0.00000 -0.00005 -0.00017 -0.00041 -0.00081 -0.00144 -0.00234 -0.00358 -0.00525 -0.00741 -0.01019 -0.01368 -0.01805 -0.02343 -0.03003 -0.03803 -0.04765 -0.05911 -0.07261 -0.08834 -0.10649 -0.12719 -0.15054 -0.17657 -0.20530 -0.23666 -0.27056 -0.30686 -0.34540 -0.38599 -0.42844 -0.47256 -0.51815 -0.56504 -0.61303 -0.66196 -0.71166 -0.76196 -0.81268 -0.86364 -0.91466 -0.96552 -1.01604 -1.06601 -1.11522 -1.16347 -1.21058 -1.25635 -1.30061 -1.34319 -1.38394 -1.42272 -1.45939 -1.49387 -1.52604 -1.55581 -1.58311 -1.60789 -1.63009
0.00000 -0.00000 0.00000 -0.00000 -0.00000 -0.00000 -0.00002 -0.00010 -0.00028 -0.00061 -0.00114 -0.00192 -0.00301 -0.00448 -0.00642 -0.00889 -0.01201 -0.01589 -0.02067 -0.02650 -0.03353 -0.04196 -0.05196 -0.06372 -0.07739 -0.09314 -0.11108 -0.13131 -0.15387 -0.17878 -0.20601 -0.23548 -0.26708 -0.30070 -0.33619 -0.37340 -0.41217 -0.45236 -0.49381 -0.53637 -0.57991 -0.62427 -0.66929 -0.71482 -0.76069 -0.80671 -0.85270 -0.89847 -0.94380 -0.98852 -1.03242 -1.07533 -1.11706 -1.15745 -1.19634 -1.23357 -1.26903 -1.30260 -1.33416 -1.36362 -1.39091 -1.41595 -1.43868 -1.45905
0.00000 -0.00000 -0.00000 -0.00000 -0.00000 -0.00000 -0.00000 -0.00005 -0.00018 -0.00043 -0.00085 -0.00150 -0.00244 -0.00371 -0.00540 -0.00757 -0.01031 -0.01372 -0.01790 -0.02298 -0.02910 -0.03639 -0.04501 -0.05510 -0.06681 -0.08027 -0.09557 -0.11279 -0.13200 -0.15319 -0.17636 -0.20145 -0.22838 -0.25707 -0.28741 -0.31927 -0.35255 -0.38713 -0.42289 -0.45972 -0.49749 -0.53608 -0.57535 -0.61517 -0.65536 -0.69578 -0.73623 -0.77653 -0.81652 -0.85599 -0.89478 -0.93270 -0.96960 -1.00531 -1.03969 -1.07260 -1.10393 -1.13357 -1.16142 -1.18739 -1.21140 -1.23339 -1.25330 -1.27108
0.00000 -0.00000 -0.00000 -0.00000 -0.00000 -0.00000 -0.00000 -0.00002 -0.00009 -0.00027 -0.00060 -0.00112 -0.00189 -0.00296 -0.00440 -0.00627 -0.00864 -0.01159 -0.01521 -0.01959 -0.02484 -0.03108 -0.03842 -0.04697 -0.05686 -0.06818 -0.08102 -0.09544 -0.11149 -0.12918 -0.14849 -0.16939 -0.19184 -0.21575 -0.24106 -0.26767 -0.29552 -0.32450 -0.35454 -0.38555 -0.41742 -0.45006 -0.48334 -0.51716 -0.55135 -0.58578 -0.62028 -0.65469 -0.68884 -0.72257 -0.75571 -0.78811 -0.81961 -0.85009 -0.87939 -0.90741 -0.93404 -0.95918 -0.98274 -1.00463 -1.02480 -1.04319 -1.05973 -1.07438
0.00000 -0.00000 -0.00000 -0.00000 -0.00000 -0.00000 -0.00000 -0.00000 -0.00003 -0.00015 -0.00038 -0.00078 -0.00139 -0.00227 -0.00347 -0.00504 -0.00706 -0.00957 -0.01266 -0.01639 -0.02085 -0.02613 -0.03230 -0.03946 -0.04770 -0.05709 -0.06770 -0.07957 -0.09274 -0.10721 -0.12297 -0.14001 -0.15828 -0.17773 -0.19831 -0.21996 -0.24263 -0.26625 -0.29077 -0.31611 -0.34220 -0.36896 -0.39628 -0.42407 -0.45221 -0.48055 -0.50896 -0.53729 -0.56540 -0.59314 -0.62038 -0.64698 -0.67279 -0.69771 -0.72161 -0.74440 -0.76598 -0.78626 -0.80517 -0.82263 -0.83859 -0.85299 -0.86578 -0.87693
0.00000 -0.00000 0.00000 -0.00000 -0.00000 -0.00000 -0.00000 -0.00000 -0.00000 -0.00006 -0.00021 -0.00049 -0.00096 -0.00165 -0.00262 -0.00392 -0.00559 -0.00770 -0.01030 -0.01344 -0.01718 -0.02159 -0.02672 -0.03265 -0.03943 -0.04711 -0.05574 -0.06535 -0.07596 -0.08758 -0.10018 -0.11376 -0.12828 -0.14371 -0.16001 -0.17715 -0.19508 -0.21376 -0.23316 -0.25322 -0.27388 -0.29508 -0.31674 -0.33877 -0.36106 -0.38350 -0.40597 -0.42835 -0.45050 -0.47233 -0.49371 -0.51452 -0.53465 -0.55398 -0.57244 -0.58993 -0.60637 -0.62170 -0.63584 -0.64874 -0.66035 -0.67061 -0.67949 -0.68694
0.00000 -0.00000 -0.00000 -0.00000 -0.00000 -0.00000 -0.00000 -0.00000 -0.00000 -0.00001 -0.00009 -0.00027 -0.00061 -0.00113 -0.00189 -0.00292 -0.00429 -0.00602 -0.00816 -0.01076 -0.01386 -0.01750 -0.02172 -0.02656 -0.03207 -0.03827 -0.04519 -0.05285 -0.06126 -0.07040 -0.08027 -0.09085 -0.10212 -0.11405 -0.12662 -0.13980 -0.15357 -0.16790 -0.18276 -0.19811 -0.21391 -0.23011 -0.24663 -0.26341 -0.28035 -0.29736 -0.31433 -0.33118 -0.34780 -0.36411 -0.37999 -0.39536 -0.41011 -0.42416 -0.43745 -0.44991 -0.46146 -0.47205 -0.48161 -0.49012 -0.49753 -0.50379 -0.50886 -0.51272
0.00000 -0.00000 -0.00000 -0.00000 -0.00000 -0.00000 -0.00000 -0.00000 -0.00000 -0.00000 -0.00002 -0.00012 -0.00034 -0.00071 -0.00127 -0.00207 -0.00315 -0.00454 -0.00627 -0.00838 -0.01091 -0.01386 -0.01729 -0.02120 -0.02561 -0.03055 -0.03603 -0.04203 -0.04858 -0.05564 -0.06321 -0.07128 -0.07981 -0.08881 -0.09824 -0.10809 -0.11835 -0.12900 -0.14001 -0.15136 -0.16301 -0.17491 -0.18702 -0.19926 -0.21156 -0.22384 -0.23603 -0.24805 -0.25983 -0.27129 -0.28235 -0.29293 -0.30295 -0.31235 -0.32108 -0.32910 -0.33633 -0.34273 -0.34825 -0.35289 -0.35659 -0.35931 -0.36102 -0.36173
0.00000 -0.00000 -0.00000 -0.00000 -0.00000 -0.00000 -0.00000 -0.00000 -0.00000 -0.00000 -0.00000 -0.00004 -0.00016 -0.00040 -0.00079 -0.00138 -0.00220 -0.00328 -0.00464 -0.00632 -0.00833 -0.01069 -0.01342 -0.01653 -0.02002 -0.02390 -0.02816 -0.03280 -0.03780 -0.04315 -0.04884 -0.05485 -0.06117 -0.06778 -0.07467 -0.08183 -0.08926 -0.09692 -0.10482 -0.11292 -0.12119 -0.12960 -0.13810 -0.14664 -0.15515 -0.16356 -0.17183 -0.17990 -0.18771 -0.19522 -0.20234 -0.20901 -0.21516 -0.22078 -0.22583 -0.23027 -0.23402 -0.23706 -0.23936 -0.24094 -0.24175 -0.24172 -0.24086 -0.23919
0.00000 -0.00000 -0.00000 -0.00000 -0.00000 -0.00000 -0.00000 -0.00000 -0.00000 -0.00000 -0.00000 -0.00000 -0.00005 -0.00018 -0.00044 -0.00084 -0.00143 -0.00224 -0.00328 -0.00457 -0.00613 -0.00798 -0.01011 -0.01253 -0.01524 -0.01823 -0.02149 -0.02500 -0.02876 -0.03273 -0.03692 -0.04129 -0.04586 -0.05060 -0.05551 -0.06057 -0.06579 -0.07115 -0.07663 -0.08222 -0.08788 -0.09359 -0.09931 -0.10499 -0.11057 -0.11601 -0.12126 -0.12631 -0.13111 -0.13561 -0.13976 -0.14348 -0.14674 -0.14956 -0.15191 -0.15374 -0.15498 -0.15561 -0.15568 -0.15518 -0.15407 -0.15226 -0.14980 -0.14676
0.00000 -0.00000 -0.00000 0.00000 -0.00000 0.00000 -0.00000 -0.00000 -0.00000 0.00000 -0.00000 0.00000 -0.00000 -0.00006 -0.00020 -0.00045 -0.00085 -0.00142 -0.00218 -0.00314 -0.00431 -0.00571 -0.00733 -0.00918 -0.01123 -0.01348 -0.01591 -0.01851 -0.02126 -0.02415 -0.02715 -0.03027 -0.03349 -0.03681 -0.04021 -0.04371 -0.04728 -0.05092 -0.05462 -0.05834 -0.06208 -0.06581 -0.06949 -0.07308 -0.07653 -0.07980 -0.08289 -0.08578 -0.08844 -0.09084 -0.09290 -0.09457 -0.09586 -0.09680 -0.09739 -0.09755 -0.09720 -0.09637 -0.09514 -0.09353 -0.09145 -0.08880 -0.08569 -0.08229
0.00000 0.00000 -0.00000 -0.00000 -0.00000 -0.00000 -0.00000 -0.00000 -0.00000 -0.00000 -0.00000 -0.00000 -0.00000 -0.00000 -0.00006 -0.00020 -0.00044 -0.00081 -0.00133 -0.00201 -0.00286 -0.00387 -0.00507 -0.00642 -0.00793 -0.00957 -0.01133 -0.01320 -0.01516 -0.01719 -0.01929 -0.02145 -0.02366 -0.02593 -0.02824 -0.03059 -0.03298 -0.03539 -0.03780 -0.04021 -0.04259 -0.04492 -0.04718 -0.04931 -0.05128 -0.05307 -0.05469 -0.05613 -0.05740 -0.05843 -0.05915 -0.05952 -0.05960 -0.05944 -0.05904 -0.05829 -0.05711 -0.05558 -0.05385 -0.05191 -0.04963 -0.04688 -0.04389 -0.04089
