tests/data/gray99/saval2D/outputs/resuh8.asc
north:     17.44
south:      0.00
east:      60.51
west:       0.00
rows:   68
cols:  236
[rows 29 to 57 of 68, columns 67 to 133 of 236]
0.91226 0.93767 0.96269 0.98731 1.01151 1.03528 1.05861 1.08147 1.10381 1.12563 1.14689 1.16759 1.18773 1.20730 1.22630 1.24473 1.26256 1.27981 1.29646 1.31251 1.32795 1.34279 1.35702 1.37064 1.38367 1.39611 1.40794 1.41918 1.42983 1.43988 1.44935 1.45823 1.46652 1.47424 1.48139 1.48795 1.49395 1.49937 1.50421 1.50849 1.51219 1.51532 1.51788 1.51987 1.52128 1.52212 1.52240 1.52210 1.52124 1.51981 1.51784 1.51531 1.51229 1.50929 1.50729 1.50574 1.50426 1.50277 1.50119 1.49946 1.49752 1.49532 1.49280 1.48991 1.48661 1.48283 1.47853
0.94870 0.97422 0.99932 1.02398 1.04821 1.07197 1.09526 1.11806 1.14035 1.16211 1.18332 1.20397 1.22404 1.24353 1.26244 1.28075 1.29848 1.31560 1.33212 1.34804 1.36335 1.37805 1.39214 1.40563 1.41852 1.43080 1.44248 1.45357 1.46406 1.47396 1.48327 1.49200 1.50014 1.50770 1.51469 1.52110 1.52694 1.53221 1.53690 1.54103 1.54458 1.54757 1.54999 1.55185 1.55313 1.55385 1.55401 1.55360 1.55263 1.55110 1.54903 1.54642 1.54332 1.54024 1.53795 1.53601 1.53412 1.53223 1.53029 1.52824 1.52603 1.52363 1.52098 1.51803 1.51474 1.51105 1.50691
0.97282 0.99839 1.02354 1.04824 1.07248 1.09624 1.11951 1.14227 1.16450 1.18620 1.20734 1.22791 1.24791 1.26733 1.28615 1.30439 1.32203 1.33906 1.35549 1.37131 1.38652 1.40112 1.41512 1.42850 1.44129 1.45347 1.46505 1.47604 1.48642 1.49622 1.50543 1.51405 1.52209 1.52956 1.53644 1.54276 1.54850 1.55367 1.55827 1.56231 1.56578 1.56868 1.57103 1.57280 1.57402 1.57467 1.57476 1.57429 1.57327 1.57169 1.56957 1.56691 1.56377 1.56065 1.55813 1.55591 1.55373 1.55156 1.54936 1.54710 1.54472 1.54219 1.53946 1.53649 1.53323 1.52962 1.52563
0.98508 1.01067 1.03583 1.06056 1.08481 1.10857 1.13183 1.15457 1.17677 1.19842 1.21951 1.24003 1.25998 1.27935 1.29813 1.31630 1.33387 1.35083 1.36718 1.38292 1.39807 1.41261 1.42655 1.43988 1.45260 1.46471 1.47622 1.48714 1.49746 1.50720 1.51636 1.52494 1.53294 1.54035 1.54718 1.55344 1.55913 1.56426 1.56882 1.57283 1.57627 1.57915 1.58146 1.58321 1.58439 1.58501 1.58508 1.58461 1.58358 1.58200 1.57987 1.57720 1.57406 1.57090 1.56825 1.56587 1.56355 1.56124 1.55892 1.55654 1.55408 1.55149 1.54873 1.54576 1.54252 1.53898 1.53508
0.98577 1.01137 1.03654 1.06126 1.08551 1.10927 1.13251 1.15523 1.17740 1.19903 1.22010 1.24059 1.26051 1.27985 1.29858 1.31672 1.33425 1.35117 1.36749 1.38320 1.39830 1.41281 1.42670 1.44000 1.45269 1.46478 1.47627 1.48716 1.49747 1.50719 1.51633 1.52489 1.53287 1.54028 1.54711 1.55337 1.55907 1.56420 1.56877 1.57278 1.57624 1.57913 1.58146 1.58323 1.58443 1.58509 1.58519 1.58473 1.58373 1.58218 1.58008 1.57745 1.57434 1.57121 1.56857 1.56617 1.56384 1.56151 1.55918 1.55680 1.55433 1.55175 1.54901 1.54606 1.54286 1.53936 1.53550
0.97486 1.00046 1.02562 1.05032 1.07455 1.09828 1.12151 1.14421 1.16638 1.18800 1.20906 1.22955 1.24946 1.26877 1.28749 1.30561 1.32313 1.34005 1.35637 1.37208 1.38718 1.40168 1.41557 1.42887 1.44157 1.45367 1.46518 1.47610 1.48643 1.49617 1.50534 1.51393 1.52194 1.52939 1.53627 1.54259 1.54834 1.55353 1.55815 1.56222 1.56573 1.56868 1.57108 1.57292 1.57421 1.57494 1.57511 1.57472 1.57379 1.57230 1.57027 1.56771 1.56468 1.56164 1.55912 1.55685 1.55463 1.55243 1.55020 1.54791 1.54554 1.54302 1.54034 1.53743 1.53426 1.53077 1.52691
0.95217 0.97772 1.00284 1.02751 1.05170 1.07541 1.09862 1.12131 1.14348 1.16511 1.18618 1.20668 1.22659 1.24592 1.26466 1.28279 1.30033 1.31728 1.33362 1.34936 1.36451 1.37905 1.39299 1.40633 1.41908 1.43124 1.44280 1.45379 1.46419 1.47401 1.48325 1.49193 1.50003 1.50757 1.51454 1.52096 1.52681 1.53211 1.53685 1.54103 1.54466 1.54773 1.55024 1.55220 1.55361 1.55445 1.55474 1.55448 1.55366 1.55229 1.55037 1.54792 1.54499 1.54207 1.53978 1.53778 1.53583 1.53388 1.53189 1.52981 1.52761 1.52524 1.52265 1.51981 1.51666 1.51316 1.50925
0.91729 0.94274 0.96777 0.99236 1.01649 1.04016 1.06335 1.08605 1.10823 1.12988 1.15097 1.17149 1.19144 1.21079 1.22956 1.24774 1.26534 1.28234 1.29876 1.31458 1.32980 1.34442 1.35845 1.37188 1.38473 1.39699 1.40867 1.41977 1.43029 1.44024 1.44962 1.45843 1.46668 1.47437 1.48150 1.48807 1.49409 1.49955 1.50446 1.50881 1.51262 1.51586 1.51856 1.52069 1.52227 1.52329 1.52375 1.52365 1.52300 1.52179 1.52003 1.51773 1.51495 1.51218 1.51022 1.50861 1.50706 1.50549 1.50384 1.50208 1.50013 1.49797 1.49554 1.49279 1.48968 1.48614 1.48215
0.86945 0.89471 0.91958 0.94405 0.96810 0.99173 1.01491 1.03762 1.05982 1.08148 1.10260 1.12314 1.14312 1.16251 1.18134 1.19960 1.21729 1.23440 1.25093 1.26686 1.28221 1.29696 1.31112 1.32470 1.33770 1.35012 1.36197 1.37325 1.38396 1.39410 1.40367 1.41269 1.42114 1.42904 1.43640 1.44320 1.44945 1.45515 1.46030 1.46490 1.46894 1.47244 1.47537 1.47775 1.47957 1.48083 1.48152 1.48165 1.48122 1.48023 1.47869 1.47660 1.47401 1.47142 1.46984 1.46872 1.46768 1.46660 1.46542 1.46407 1.46248 1.46061 1.45839 1.45577 1.45271 1.44915 1.44505
0.80733 0.83230 0.85694 0.88126 0.90524 0.92884 0.95202 0.97474 0.99694 1.01860 1.03971 1.06026 1.08026 1.09972 1.11865 1.13703 1.15486 1.17213 1.18882 1.20492 1.22043 1.23537 1.24972 1.26351 1.27673 1.28938 1.30147 1.31300 1.32397 1.33438 1.34423 1.35353 1.36228 1.37048 1.37814 1.38526 1.39183 1.39785 1.40333 1.40827 1.41265 1.41647 1.41974 1.42245 1.42459 1.42616 1.42717 1.42760 1.42747 1.42677 1.42551 1.42370 1.42138 1.41898 1.41780 1.41725 1.41681 1.41633 1.41572 1.41489 1.41376 1.41226 1.41033 1.40791 1.40494 1.40138 1.39718
0.72874 0.75335 0.77779 0.80201 0.82597 0.84956 0.87272 0.89537 0.91749 0.93908 0.96014 0.98069 1.00075 1.02034 1.03944 1.05802 1.07607 1.09355 1.11045 1.12677 1.14251 1.15769 1.17232 1.18641 1.19995 1.21294 1.22538 1.23726 1.24859 1.25937 1.26960 1.27930 1.28845 1.29707 1.30516 1.31270 1.31971 1.32618 1.33211 1.33750 1.34233 1.34661 1.35032 1.35347 1.35604 1.35804 1.35946 1.36031 1.36057 1.36026 1.35938 1.35793 1.35597 1.35381 1.35300 1.35306 1.35330 1.35352 1.35359 1.35339 1.35282 1.35180 1.35025 1.34810 1.34530 1.34180 1.33757
0.63012 0.65466 0.67908 0.70332 0.72725 0.75073 0.77368 0.79610 0.81801 0.83946 0.86049 0.88114 0.90141 0.92128 0.94069 0.95959 0.97792 0.99566 1.01283 1.02943 1.04550 1.06106 1.07611 1.09066 1.10468 1.11816 1.13108 1.14346 1.15529 1.16659 1.17737 1.18762 1.19735 1.20655 1.21523 1.22337 1.23099 1.23807 1.24462 1.25062 1.25607 1.26096 1.26529 1.26903 1.27220 1.27477 1.27676 1.27815 1.27895 1.27916 1.27879 1.27784 1.27636 1.27457 1.27408 1.27476 1.27574 1.27673 1.27757 1.27812 1.27823 1.27781 1.27677 1.27502 1.27250 1.26919 1.26504
0.50361 0.52959 0.55503 0.57967 0.60345 0.62645 0.64891 0.67097 0.69273 0.71428 0.73565 0.75681 0.77765 0.79805 0.81793 0.83719 0.85585 0.87391 0.89144 0.90850 0.92512 0.94132 0.95708 0.97235 0.98708 1.00126 1.01489 1.02797 1.04052 1.05258 1.06414 1.07520 1.08575 1.09579 1.10531 1.11430 1.12277 1.13071 1.13812 1.14498 1.15130 1.15705 1.16222 1.16680 1.17077 1.17414 1.17690 1.17905 1.18058 1.18151 1.18184 1.18158 1.18077 1.17954 1.17937 1.18066 1.18242 1.18427 1.18599 1.18740 1.18834 1.18867 1.18830 1.18712 1.18508 1.18213 1.17827
0.31759 0.34979 0.37986 0.40784 0.43423 0.45949 0.48392 0.50781 0.53140 0.55487 0.57807 0.60072 0.62267 0.64382 0.66416 0.68379 0.70285 0.72147 0.73977 0.75781 0.77556 0.79295 0.80986 0.82622 0.84197 0.85713 0.87173 0.88583 0.89948 0.91268 0.92543 0.93770 0.94947 0.96071 0.97142 0.98161 0.99129 1.00046 1.00910 1.01720 1.02473 1.03169 1.03804 1.04379 1.04891 1.05340 1.05725 1.06046 1.06302 1.06495 1.06625 1.06696 1.06708 1.06672 1.06698 1.06889 1.07149 1.07427 1.07698 1.07940 1.08133 1.08262 1.08312 1.08276 1.08146 1.07919 1.07593
0.13600 0.14325 0.15505 0.17150 0.19212 0.21636 0.24367 0.27355 0.30553 0.33734 0.36664 0.39382 0.41906 0.44275 0.46527 0.48700 0.50825 0.52922 0.55006 0.57064 0.59070 0.61003 0.62852 0.64620 0.66319 0.67963 0.69565 0.71132 0.72668 0.74168 0.75624 0.77026 0.78372 0.79662 0.80899 0.82087 0.83227 0.84319 0.85359 0.86343 0.87268 0.88132 0.88935 0.89674 0.90348 0.90955 0.91493 0.91962 0.92363 0.92696 0.92964 0.93168 0.93311 0.93401 0.93505 0.93765 0.94118 0.94500 0.94883 0.95242 0.95554 0.95802 0.95971 0.96049 0.96031 0.95913 0.95696
0.11186 0.11359 0.11533 0.11708 0.11885 0.12064 0.12245 0.12430 0.12619 0.12997 0.13786 0.14957 0.16500 0.18385 0.20572 0.23014 0.25669 0.28497 0.31289 0.33886 0.36301 0.38539 0.40633 0.42626 0.44553 0.46441 0.48304 0.50148 0.51963 0.53721 0.55406 0.57015 0.58558 0.60048 0.61495 0.62904 0.64275 0.65603 0.66879 0.68095 0.69248 0.70337 0.71364 0.72326 0.73220 0.74043 0.74791 0.75462 0.76058 0.76582 0.77037 0.77424 0.77747 0.78008 0.78247 0.78595 0.79053 0.79552 0.80062 0.80556 0.81011 0.81406 0.81728 0.81963 0.82107 0.82155 0.82109
0.09245 0.09353 0.09459 0.09564 0.09668 0.09771 0.09873 0.09975 0.10077 0.10179 0.10282 0.10386 0.10491 0.10598 0.10708 0.10821 0.10938 0.11058 0.11351 0.11963 0.12892 0.14146 0.15700 0.17515 0.19547 0.21755 0.24103 0.26454 0.28641 0.30663 0.32546 0.34333 0.36060 0.37753 0.39425 0.41080 0.42713 0.44299 0.45821 0.47277 0.48673 0.50014 0.51302 0.52532 0.53695 0.54781 0.55783 0.56701 0.57537 0.58298 0.58986 0.59603 0.60149 0.60626 0.61057 0.61529 0.62102 0.62730 0.63377 0.64019 0.64634 0.65203 0.65711 0.66148 0.66507 0.66783 0.66977
0.07638 0.07699 0.07756 0.07811 0.07864 0.07913 0.07961 0.08006 0.08049 0.08090 0.08130 0.08168 0.08205 0.08241 0.08276 0.08310 0.08344 0.08377 0.08412 0.08447 0.08482 0.08519 0.08557 0.08600 0.08645 0.08694 0.08748 0.08920 0.09363 0.10097 0.11108 0.12364 0.13826 0.15455 0.17219 0.19092 0.20937 0.22610 0.24194 0.25733 0.27246 0.28742 0.30217 0.31660 0.33052 0.34368 0.35594 0.36734 0.37796 0.38786 0.39705 0.40550 0.41318 0.42012 0.42648 0.43273 0.43959 0.44701 0.45471 0.46247 0.47015 0.47758 0.48465 0.49125 0.49732 0.50281 0.50766
0.06284 0.06309 0.06331 0.06349 0.06364 0.06375 0.06383 0.06388 0.06390 0.06388 0.06384 0.06377 0.06367 0.06355 0.06341 0.06323 0.06304 0.06283 0.06260 0.06235 0.06208 0.06179 0.06150 0.06121 0.06091 0.06058 0.06025 0.05995 0.05968 0.05945 0.05922 0.05900 0.05884 0.05880 0.05895 0.05931 0.06105 0.06572 0.07266 0.08150 0.09199 0.10389 0.11699 0.13103 0.14555 0.15821 0.17034 0.18204 0.19331 0.20411 0.21433 0.22382 0.23248 0.24047 0.24796 0.25520 0.26253 0.27030 0.27835 0.28659 0.29497 0.30343 0.31190 0.32031 0.32856 0.33654 0.34416
0.05129 0.05128 0.05123 0.05114 0.05101 0.05084 0.05064 0.05040 0.05012 0.04981 0.04946 0.04908 0.04866 0.04822 0.04775 0.04724 0.04669 0.04613 0.04555 0.04493 0.04427 0.04359 0.04291 0.04222 0.04149 0.04071 0.03991 0.03914 0.03841 0.03768 0.03688 0.03603 0.03521 0.03448 0.03389 0.03339 0.03290 0.03237 0.03182 0.03138 0.03119 0.03135 0.03188 0.03283 0.03445 0.03895 0.04470 0.05141 0.05890 0.06704 0.07555 0.08368 0.09125 0.09784 0.10382 0.10980 0.11583 0.12217 0.12884 0.13584 0.14320 0.15093 0.15902 0.16745 0.17615 0.18502 0.19396
0.04138 0.04117 0.04092 0.04063 0.04030 0.03993 0.03952 0.03907 0.03860 0.03808 0.03753 0.03694 0.03632 0.03568 0.03500 0.03427 0.03352 0.03277 0.03198 0.03115 0.03028 0.02939 0.02853 0.02765 0.02671 0.02570 0.02470 0.02376 0.02288 0.02198 0.02095 0.01983 0.01877 0.01788 0.01714 0.01647 0.01573 0.01485 0.01385 0.01292 0.01222 0.01176 0.01152 0.01140 0.01134 0.01130 0.01127 0.01133 0.01157 0.01208 0.01303 0.01485 0.01720 0.01975 0.02237 0.02496 0.02776 0.03075 0.03404 0.03777 0.04207 0.04707 0.05285 0.05940 0.06669 0.07462 0.08307
0.03284 0.03248 0.03209 0.03166 0.03119 0.03068 0.03013 0.02956 0.02895 0.02831 0.02763 0.02691 0.02619 0.02544 0.02465 0.02381 0.02297 0.02213 0.02128 0.02036 0.01939 0.01845 0.01756 0.01667 0.01569 0.01460 0.01357 0.01268 0.01190 0.01107 0.01003 0.00884 0.00779 0.00706 0.00653 0.00605 0.00547 0.00467 0.00370 0.00277 0.00209 0.00167 0.00142 0.00125 0.00113 0.00104 0.00097 0.00093 0.00090 0.00090 0.00091 0.00095 0.00101 0.00110 0.00125 0.00147 0.00176 0.00215 0.00271 0.00350 0.00462 0.00615 0.00818 0.01080 0.01406 0.01800 0.02261
0.02549 0.02503 0.02454 0.02402 0.02347 0.02287 0.02224 0.02159 0.02093 0.02022 0.01947 0.01871 0.01795 0.01718 0.01636 0.01548 0.01463 0.01383 0.01301 0.01210 0.01112 0.01024 0.00948 0.00872 0.00780 0.00672 0.00578 0.00514 0.00463 0.00406 0.00318 0.00195 0.00082 0.00028 0.00014 0.00009 0.00006 0.00004 0.00003 0.00003 0.00002 0.00002 0.00001 0.00001 0.00001 0.00001 0.00001 0.00001 0.00001 0.00001 0.00001 0.00001 0.00001 0.00001 0.00001 0.00001 0.00001 0.00002 0.00002 0.00003 0.00006 0.00012 0.00025 0.00048 0.00088 0.00151 0.00246
0.01920 0.01867 0.01812 0.01756 0.01697 0.01633 0.01567 0.01500 0.01434 0.01363 0.01287 0.01211 0.01139 0.01068 0.00988 0.00903 0.00825 0.00757 0.00689 0.00604 0.00510 0.00437 0.00386 0.00336 0.00262 0.00150 0.00046 0.00006 0.00001 0.00001 0.00001 0.00001 0.00001 0.00001 0.00001 0.00001 0.00001 0.00001 0.00001 0.00001 0.00001 0.00001 0.00001 0.00001 0.00001 0.00001 0.00001 0.00001 0.00001 0.00001 0.00001 0.00001 0.00001 0.00001 0.00001 0.00001 0.00001 0.00001 0.00001 0.00001 0.00001 0.00001 0.00001 0.00001 0.00001 0.00002 0.00005
0.01387 0.01331 0.01275 0.01219 0.01160 0.01096 0.01030 0.00967 0.00906 0.00839 0.00765 0.00695 0.00635 0.00576 0.00503 0.00423 0.00359 0.00313 0.00267 0.00195 0.00097 0.00023 0.00002 0.00001 0.00001 0.00001 0.00001 0.00001 0.00001 0.00001 0.00001 0.00001 0.00001 0.00001 0.00001 0.00001 0.00001 0.00001 0.00001 0.00001 0.00001 0.00001 0.00001 0.00001 0.00001 0.00001 0.00001 0.00001 0.00001 0.00001 0.00001 0.00001 0.00001 0.00001 0.00001 0.00001 0.00001 0.00001 0.00001 0.00001 0.00001 0.00001 0.00001 0.00001 0.00001 0.00001 0.00001
0.00943 0.00887 0.00833 0.00782 0.00727 0.00665 0.00603 0.00549 0.00499 0.00440 0.00370 0.00310 0.00268 0.00229 0.00170 0.00086 0.00021 0.00002 0.00001 0.00001 0.00001 0.00001 0.00001 0.00001 0.00001 0.00001 0.00001 0.00001 0.00001 0.00001 0.00001 0.00001 0.00001 0.00001 0.00001 0.00001 0.00001 0.00001 0.00001 0.00001 0.00001 0.00001 0.00001 0.00001 0.00001 0.00001 0.00001 0.00001 0.00001 0.00001 0.00001 0.00001 0.00001 0.00001 0.00001 0.00001 0.00001 0.00001 0.00001 0.00001 0.00001 0.00001 0.00001 0.00001 0.00001 0.00001 0.00001
0.00583 0.00529 0.00481 0.00439 0.00393 0.00334 0.00277 0.00238 0.00205 0.00160 0.00091 0.00027 0.00003 0.00001 0.00001 0.00001 0.00001 0.00001 0.00001 0.00001 0.00001 0.00001 0.00001 0.00001 0.00001 0.00001 0.00001 0.00001 0.00001 0.00001 0.00001 0.00001 0.00001 0.00001 0.00001 0.00001 0.00001 0.00001 0.00001 0.00001 0.00001 0.00001 0.00001 0.00001 0.00001 0.00001 0.00001 0.00001 0.00001 0.00001 0.00001 0.00001 0.00001 0.00001 0.00001 0.00001 0.00001 0.00001 0.00001 0.00001 0.00001 0.00001 0.00001 0.00001 0.00001 0.00001 0.00001
0.00302 0.00251 0.00213 0.00186 0.00152 0.00099 0.00037 0.00006 0.00001 0.00001 0.00001 0.00001 0.00001 0.00001 0.00001 0.00001 0.00001 0.00001 0.00001 0.00001 0.00001 0.00001 0.00001 0.00001 0.00001 0.00001 0.00001 0.00001 0.00001 0.00001 0.00001 0.00001 0.00001 0.00001 0.00001 0.00001 0.00001 0.00001 0.00001 0.00001 0.00001 0.00001 0.00001 0.00001 0.00001 0.00001 0.00001 0.00001 0.00001 0.00001 0.00001 0.00001 0.00001 0.00001 0.00001 0.00001 0.00001 0.00001 0.00001 0.00001 0.00001 0.00001 0.00001 0.00001 0.00001 0.00001 0.00001
0.00101 0.00046 0.00009 0.00001 0.00001 0.00001 0.00001 0.00001 0.00001 0.00001 0.00001 0.00001 0.00001 0.00001 0.00001 0.00001 0.00001 0.00001 0.00001 0.00001 0.00001 0.00001 0.00001 0.00001 0.00001 0.00001 0.00001 0.00001 0.00001 0.00001 0.00001 0.00001 0.00001 0.00001 0.00001 0.00001 0.00001 0.00001 0.00001 0.00001 0.00001 0.00001 0.00001 0.00001 0.00001 0.00001 0.00001 0.00001 0.00001 0.00001 0.00001 0.00001 0.00001 0.00001 0.00001 0.00001 0.00001 0.00001 0.00001 0.00001 0.00001 0.00001 0.00001 0.00001 0.00001 0.00001 0.00001
