tests/data/gray99/saval2D/outputs/resuqv9.asc
north:     17.44
south:      0.00
east:      60.51
west:       0.00
rows:   68
cols:  236
[rows 0 to 28 of 68, columns 130 to 194 of 236]
0.00000 0.00000 0.00000 0.00000 0.00000 0.00000 0.00000 0.00000 0.00000 0.00000 0.00000 0.00000 0.00000 0.00000 0.00000 0.00000 0.00000 0.00000 0.00000 0.00000 0.00000 0.00000 0.00000 0.00000 0.00000 0.00000 0.00000 0.00000 0.00000 0.00000 0.00000 0.00000 0.00000 0.00000 0.00000 0.00000 0.00000 0.00000 0.00000 0.00000 0.00000 0.00000 0.00000 0.00000 0.00000 0.00000 0.00000 0.00000 0.00000 0.00000 0.00000 0.00000 0.00000 0.00000 0.00000 0.00000 0.00000 0.00000 0.00000 0.00000 0.00000 0.00000 0.00000 0.00000 0.00000
0.00000 0.00000 0.00000 0.00000 0.00000 0.00000 0.00000 0.00000 0.00000 0.00000 0.00000 0.00000 0.00000 0.00000 0.00000 0.00000 0.00000 0.00000 0.00000 0.00000 0.00000 0.00000 0.00000 0.00000 0.00000 0.00000 0.00000 0.00000 0.00000 -0.00000 -0.00000 0.00000 -0.00000 0.00000 -0.00000 -0.00000 0.00000 0.00000 -0.00000 0.00000 0.00000 -0.00000 -0.00000 0.00000 -0.00000 0.00000 0.00000 -0.00000 -0.00000 0.00000 0.00000 0.00000 0.00000 -0.00000 -0.00000 0.00000 -0.00000 -0.00000 0.00000 0.00000 -0.00000 0.00000 -0.00000 0.00000 -0.00000
0.00000 0.00000 0.00000 0.00000 0.00000 0.00000 0.00000 0.00000 0.00000 0.00000 0.00000 0.00000 0.00000 0.00000 0.00000 0.00000 0.00000 0.00000 0.00000 0.00000 0.00000 0.00000 0.00000 0.00000 0.00000 0.00000 0.00000 -0.00000 0.00000 0.00000 0.00000 0.00000 -0.00000 0.00000 0.00000 -0.00000 0.00000 -0.00000 -0.00000 0.00000 0.00000 -0.00000 0.00000 0.00000 -0.00000 0.00000 -0.00000 -0.00000 0.00000 -0.00000 0.00000 -0.00000 -0.00000 -0.00000 0.00000 0.00000 -0.00000 -0.00000 0.00000 0.00000 -0.00000 0.00000 -0.00000 0.00000 -0.00000
0.00000 0.00000 0.00000 0.00000 0.00000 0.00000 0.00000 0.00000 0.00000 0.00000 0.00000 0.00000 0.00000 0.00000 0.00000 0.00000 0.00000 0.00000 0.00000 0.00000 0.00000 0.00000 0.00000 0.00000 0.00000 0.00000 0.00000 -0.00000 0.00000 -0.00000 -0.00000 0.00000 0.00000 0.00000 -0.00000 0.00000 0.00000 -0.00000 0.00000 0.00000 -0.00000 -0.00000 0.00000 0.00000 0.00000 0.00000 -0.00000 0.00000 0.00000 -0.00000 0.00000 -0.00000 0.00000 0.00000 -0.00000 0.00000 0.00000 0.00000 0.00000 -0.00000 0.00000 -0.00000 -0.00000 0.00000 0.00000
0.00000 0.00000 0.00000 0.00000 0.00000 0.00000 0.00000 0.00000 0.00000 0.00000 0.00000 0.00000 0.00000 0.00000 0.00000 0.00000 0.00000 0.00000 0.00000 0.00000 0.00000 0.00000 0.00000 0.00000 0.00000 0.00000 0.00000 0.00000 -0.00000 0.00000 0.00000 0.00000 -0.00000 0.00000 0.00000 -0.00000 0.00000 0.00000 -0.00000 0.00000 -0.00000 -0.00000 0.00000 -0.00000 0.00000 0.00000 -0.00000 -0.00000 0.00000 0.00000 0.00000 0.00000 -0.00000 -0.00000 0.00000 0.00000 -0.00000 -0.00000 0.00000 -0.00000 -0.00000 0.00000 0.00000 0.00000 0.00000
0.00000 0.00000 0.00000 0.00000 0.00000 0.00000 0.00000 0.00000 0.00000 0.00000 0.00000 0.00000 0.00000 0.00000 0.00000 0.00000 0.00000 0.00000 0.00000 0.00000 0.00000 0.00000 0.00000 0.00000 0.00000 0.00000 0.00000 0.00000 -0.00000 -0.00000 -0.00000 -0.00000 0.00000 -0.00000 -0.00000 0.00000 -0.00000 -0.00000 -0.00000 0.00000 0.00000 -0.00000 -0.00000 0.00000 0.00000 -0.00000 -0.00000 0.00000 -0.00000 -0.00000 0.00000 -0.00000 0.00000 0.00000 -0.00000 -0.00000 0.00000 0.00000 0.00000 0.00000 -0.00000 -0.00000 -0.00000 0.00000 0.00000
0.00000 0.00000 0.00000 0.00000 0.00000 0.00000 0.00000 0.00000 0.00000 0.00000 0.00000 0.00000 0.00000 0.00000 0.00000 0.00000 0.00000 0.00000 0.00000 0.00000 0.00000 0.00000 0.00000 -0.00000 -0.00000 -0.00000 -0.00000 -0.00000 -0.00000 -0.00000 -0.00000 -0.00000 -0.00000 -0.00000 -0.00000 -0.00000 0.00000 0.00000 -0.00000 -0.00000 -0.00000 -0.00000 0.00000 -0.00000 -0.00000 -0.00000 0.00000 -0.00000 -0.00000 0.00000 0.00000 0.00000 -0.00000 0.00000 0.00000 -0.00000 0.00000 -0.00000 -0.00000 0.00000 0.00000 0.00000 0.00000 -0.00000 0.00000
0.00000 0.00000 0.00000 0.00000 0.00000 0.00000 0.00000 0.00000 0.00000 0.00000 0.00000 0.00000 0.00000 0.00000 0.00000 0.00000 0.00000 0.00000 0.00000 0.00000 -0.00000 -0.00000 -0.00000 -0.00001 -0.00003 -0.00005 -0.00007 -0.00008 -0.00007 -0.00005 -0.00003 -0.00001 -0.00000 -0.00000 -0.00000 -0.00000 -0.00000 -0.00000 -0.00000 -0.00000 0.00000 0.00000 0.00000 -0.00000 0.00000 0.00000 -0.00000 0.00000 -0.00000 -0.00000 -0.00000 -0.00000 0.00000 0.00000 -0.00000 0.00000 0.00000 0.00000 0.00000 0.00000 -0.00000 0.00000 0.00000 0.00000 0.00000
0.00000 0.00000 0.00000 0.00000 0.00000 0.00000 0.00000 0.00000 0.00000 0.00000 0.00000 0.00000 0.00000 0.00000 0.00000 0.00000 0.00000 -0.00000 -0.00000 -0.00002 -0.00007 -0.00020 -0.00047 -0.00093 -0.00157 -0.00231 -0.00296 -0.00328 -0.00315 -0.00266 -0.00194 -0.00121 -0.00062 -0.00025 -0.00007 -0.00001 -0.00000 -0.00000 -0.00000 -0.00000 -0.00000 -0.00000 -0.00000 -0.00000 -0.00000 0.00000 -0.00000 -0.00000 0.00000 0.00000 0.00000 0.00000 -0.00000 0.00000 -0.00000 -0.00000 0.00000 -0.00000 0.00000 -0.00000 -0.00000 0.00000 0.00000 0.00000 0.00000
0.00000 0.00000 0.00000 0.00000 0.00000 0.00000 0.00000 0.00000 0.00000 0.00000 0.00000 0.00000 0.00000 0.00000 0.00000 -0.00000 -0.00002 -0.00011 -0.00041 -0.00114 -0.00256 -0.00492 -0.00834 -0.01276 -0.01787 -0.02315 -0.02769 -0.03034 -0.03051 -0.02829 -0.02404 -0.01850 -0.01264 -0.00745 -0.00363 -0.00138 -0.00037 -0.00006 -0.00001 -0.00000 -0.00000 -0.00000 -0.00000 -0.00000 0.00000 0.00000 -0.00000 -0.00000 0.00000 0.00000 -0.00000 -0.00000 0.00000 0.00000 -0.00000 -0.00000 0.00000 0.00000 0.00000 -0.00000 -0.00000 0.00000 -0.00000 -0.00000 -0.00000
0.00000 0.00000 0.00000 0.00000 0.00000 0.00000 0.00000 0.00000 0.00000 0.00000 0.00000 0.00000 -0.00000 -0.00001 -0.00009 -0.00043 -0.00139 -0.00347 -0.00725 -0.01323 -0.02176 -0.03291 -0.04649 -0.06196 -0.07843 -0.09481 -0.10915 -0.11896 -0.12277 -0.12036 -0.11172 -0.09745 -0.07897 -0.05844 -0.03854 -0.02186 -0.01015 -0.00357 -0.00085 -0.00012 -0.00001 -0.00000 -0.00000 -0.00000 -0.00000 -0.00000 -0.00000 0.00000 0.00000 0.00000 0.00000 0.00000 -0.00000 0.00000 -0.00000 -0.00000 0.00000 -0.00000 0.00000 -0.00000 0.00000 0.00000 -0.00000 -0.00000 -0.00000
0.00000 0.00000 0.00000 0.00000 0.00000 0.00000 0.00000 0.00000 0.00000 0.00000 0.00000 -0.00004 -0.00029 -0.00115 -0.00327 -0.00742 -0.01439 -0.02480 -0.03909 -0.05741 -0.07967 -0.10549 -0.13423 -0.16501 -0.19660 -0.22773 -0.25585 -0.27749 -0.29037 -0.29394 -0.28736 -0.27014 -0.24248 -0.20565 -0.16233 -0.11676 -0.07427 -0.04003 -0.01716 -0.00532 -0.00103 -0.00010 -0.00000 -0.00000 -0.00000 -0.00000 -0.00000 -0.00000 -0.00000 -0.00000 0.00000 0.00000 -0.00000 0.00000 -0.00000 0.00000 0.00000 0.00000 0.00000 -0.00000 -0.00000 0.00000 -0.00000 -0.00000 -0.00000
0.00000 0.00000 0.00000 0.00000 0.00000 0.00000 0.00000 0.00001 0.00002 -0.00010 -0.00072 -0.00251 -0.00633 -0.01310 -0.02362 -0.03847 -0.05798 -0.08225 -0.11115 -0.14436 -0.18141 -0.22169 -0.26444 -0.30879 -0.35358 -0.39774 -0.43874 -0.47283 -0.49743 -0.51188 -0.51496 -0.50532 -0.48169 -0.44321 -0.38999 -0.32385 -0.24909 -0.17283 -0.10419 -0.05168 -0.01944 -0.00487 -0.00066 -0.00004 -0.00000 -0.00000 -0.00000 -0.00000 0.00000 -0.00000 0.00000 0.00000 -0.00000 0.00000 0.00000 -0.00000 -0.00000 0.00000 -0.00000 -0.00000 0.00000 0.00000 0.00000 0.00000 0.00000
0.00000 0.00000 0.00000 0.00001 0.00003 0.00009 0.00011 -0.00027 -0.00169 -0.00504 -0.01127 -0.02123 -0.03559 -0.05474 -0.07884 -0.10783 -0.14149 -0.17948 -0.22137 -0.26668 -0.31488 -0.36542 -0.41765 -0.47088 -0.52419 -0.57682 -0.62656 -0.66992 -0.70442 -0.72952 -0.74407 -0.74666 -0.73558 -0.70884 -0.66447 -0.60104 -0.51851 -0.41953 -0.31088 -0.20393 -0.11276 -0.04887 -0.01483 -0.00262 -0.00020 -0.00000 -0.00000 -0.00000 -0.00000 -0.00000 0.00000 -0.00000 -0.00000 0.00000 0.00000 -0.00000 -0.00000 0.00000 0.00000 0.00000 -0.00000 0.00000 -0.00000 0.00000 0.00000
0.00004 0.00014 0.00033 0.00050 0.00030 -0.00094 -0.00407 -0.01004 -0.01967 -0.03364 -0.05235 -0.07595 -0.10440 -0.13746 -0.17482 -0.21610 -0.26089 -0.30878 -0.35936 -0.41220 -0.46690 -0.52303 -0.58012 -0.63765 -0.69495 -0.75148 -0.80542 -0.85370 -0.89412 -0.92633 -0.94944 -0.96233 -0.96355 -0.95121 -0.92294 -0.87604 -0.80774 -0.71603 -0.60114 -0.46766 -0.32669 -0.19581 -0.09419 -0.03282 -0.00701 -0.00068 -0.00002 -0.00000 -0.00000 -0.00000 -0.00000 0.00000 -0.00000 0.00000 0.00000 -0.00000 -0.00000 -0.00000 0.00000 -0.00000 -0.00000 0.00000 0.00000 -0.00000 0.00000
0.00161 0.00127 -0.00033 -0.00395 -0.01043 -0.02052 -0.03480 -0.05365 -0.07721 -0.10543 -0.13810 -0.17488 -0.21538 -0.25920 -0.30593 -0.35520 -0.40665 -0.45998 -0.51490 -0.57112 -0.62838 -0.68637 -0.74476 -0.80317 -0.86106 -0.91806 -0.97262 -1.02211 -1.06470 -1.10012 -1.12772 -1.14671 -1.15602 -1.15426 -1.13955 -1.10944 -1.06086 -0.99022 -0.89402 -0.77011 -0.62024 -0.45342 -0.28812 -0.14936 -0.05739 -0.01400 -0.00165 -0.00006 -0.00000 -0.00000 -0.00000 -0.00000 -0.00000 0.00000 0.00000 -0.00000 0.00000 -0.00000 0.00000 -0.00000 0.00000 0.00000 -0.00000 -0.00000 -0.00000
-0.00511 -0.01348 -0.02529 -0.04096 -0.06079 -0.08489 -0.11321 -0.14559 -0.18174 -0.22132 -0.26396 -0.30932 -0.35703 -0.40679 -0.45831 -0.51134 -0.56563 -0.62098 -0.67717 -0.73399 -0.79123 -0.84867 -0.90605 -0.96307 -1.01933 -1.07453 -1.12738 -1.17562 -1.21764 -1.25331 -1.28215 -1.30356 -1.31680 -1.32089 -1.31451 -1.29592 -1.26274 -1.21182 -1.13918 -1.04034 -0.91137 -0.75139 -0.56666 -0.37484 -0.20447 -0.08383 -0.02229 -0.00297 -0.00012 -0.00000 -0.00000 -0.00000 -0.00000 0.00000 -0.00000 -0.00000 -0.00000 0.00000 -0.00000 -0.00000 0.00000 0.00000 0.00000 0.00000 0.00000
-0.05030 -0.07106 -0.09561 -0.12392 -0.15583 -0.19113 -0.22952 -0.27070 -0.31433 -0.36010 -0.40773 -0.45696 -0.50756 -0.55934 -0.61214 -0.66581 -0.72023 -0.77526 -0.83078 -0.88663 -0.94265 -0.99863 -1.05432 -1.10940 -1.16348 -1.21625 -1.26656 -1.31240 -1.35247 -1.38670 -1.41474 -1.43615 -1.45042 -1.45685 -1.45456 -1.44236 -1.41862 -1.38111 -1.32673 -1.25139 -1.15006 -1.01760 -0.85109 -0.65438 -0.44370 -0.24951 -0.10616 -0.02958 -0.00420 -0.00019 -0.00000 -0.00000 -0.00000 -0.00000 0.00000 0.00000 0.00000 0.00000 0.00000 0.00000 0.00000 -0.00000 -0.00000 -0.00000 0.00000
-0.13377 -0.16238 -0.19456 -0.23002 -0.26841 -0.30939 -0.35261 -0.39775 -0.44452 -0.49266 -0.54197 -0.59226 -0.64340 -0.69526 -0.74773 -0.80074 -0.85418 -0.90797 -0.96200 -1.01614 -1.07025 -1.12414 -1.17757 -1.23028 -1.28190 -1.33217 -1.38003 -1.42371 -1.46207 -1.49500 -1.52216 -1.54316 -1.55756 -1.56481 -1.56430 -1.55521 -1.53653 -1.50683 -1.46406 -1.40528 -1.32638 -1.22201 -1.08628 -0.91491 -0.71003 -0.48686 -0.27713 -0.11933 -0.03360 -0.00480 -0.00022 -0.00000 -0.00000 -0.00000 -0.00000 -0.00000 -0.00000 -0.00000 -0.00000 0.00000 0.00000 0.00000 0.00000 -0.00000 -0.00000
-0.22003 -0.25152 -0.28649 -0.32454 -0.36526 -0.40827 -0.45319 -0.49971 -0.54754 -0.59644 -0.64622 -0.69673 -0.74783 -0.79943 -0.85144 -0.90376 -0.95632 -1.00902 -1.06175 -1.11440 -1.16680 -1.21878 -1.27012 -1.32054 -1.36971 -1.41736 -1.46255 -1.50376 -1.53995 -1.57111 -1.59697 -1.61724 -1.63156 -1.63948 -1.64049 -1.63392 -1.61898 -1.59462 -1.55944 -1.51147 -1.44792 -1.36481 -1.25675 -1.11743 -0.94183 -0.73123 -0.50077 -0.28359 -0.12064 -0.03317 -0.00453 -0.00019 -0.00000 -0.00000 -0.00000 -0.00000 -0.00000 0.00000 -0.00000 0.00000 0.00000 -0.00000 -0.00000 -0.00000 -0.00000
-0.28336 -0.31490 -0.34988 -0.38795 -0.42873 -0.47182 -0.51688 -0.56357 -0.61160 -0.66071 -0.71070 -0.76139 -0.81262 -0.86427 -0.91622 -0.96837 -1.02061 -1.07282 -1.12487 -1.17663 -1.22794 -1.27859 -1.32836 -1.37700 -1.42416 -1.46961 -1.51247 -1.55142 -1.58561 -1.61501 -1.63941 -1.65857 -1.67220 -1.67994 -1.68139 -1.67607 -1.66344 -1.64279 -1.61319 -1.57332 -1.52121 -1.45390 -1.36720 -1.25551 -1.11239 -0.93282 -0.71840 -0.48537 -0.26875 -0.11021 -0.02854 -0.00352 -0.00012 -0.00000 -0.00000 -0.00000 -0.00000 -0.00000 -0.00000 0.00000 -0.00000 0.00000 0.00000 0.00000 -0.00000
-0.31793 -0.34781 -0.38112 -0.41760 -0.45692 -0.49878 -0.54283 -0.58877 -0.63630 -0.68514 -0.73505 -0.78580 -0.83721 -0.88909 -0.94129 -0.99364 -1.04601 -1.09823 -1.15014 -1.20158 -1.25236 -1.30226 -1.35104 -1.39844 -1.44413 -1.48785 -1.52885 -1.56598 -1.59845 -1.62630 -1.64937 -1.66745 -1.68032 -1.68771 -1.68931 -1.68472 -1.67354 -1.65524 -1.62918 -1.59450 -1.54995 -1.49367 -1.42282 -1.33313 -1.21864 -1.07253 -0.88992 -0.67389 -0.44336 -0.23558 -0.09066 -0.02125 -0.00222 -0.00006 -0.00000 -0.00000 -0.00000 -0.00000 0.00000 0.00000 -0.00000 0.00000 -0.00000 -0.00000 -0.00000
-0.32701 -0.35422 -0.38479 -0.41856 -0.45533 -0.49486 -0.53688 -0.58112 -0.62729 -0.67511 -0.72432 -0.77464 -0.82585 -0.87772 -0.93001 -0.98253 -1.03507 -1.08743 -1.13939 -1.19076 -1.24129 -1.29076 -1.33891 -1.38545 -1.43005 -1.47248 -1.51200 -1.54762 -1.57873 -1.60533 -1.62727 -1.64443 -1.65664 -1.66368 -1.66531 -1.66126 -1.65119 -1.63473 -1.61141 -1.58064 -1.54157 -1.49296 -1.43292 -1.35854 -1.26554 -1.14808 -0.99952 -0.81561 -0.60151 -0.37977 -0.18955 -0.06636 -0.01342 -0.00109 -0.00002 -0.00000 -0.00000 -0.00000 -0.00000 -0.00000 -0.00000 0.00000 0.00000 0.00000 -0.00000
-0.31615 -0.34014 -0.36735 -0.39772 -0.43117 -0.46754 -0.50665 -0.54827 -0.59216 -0.63805 -0.68568 -0.73476 -0.78502 -0.83619 -0.88800 -0.94018 -0.99248 -1.04465 -1.09642 -1.14753 -1.19773 -1.24674 -1.29428 -1.34004 -1.38370 -1.42496 -1.46323 -1.49763 -1.52758 -1.55312 -1.57415 -1.59056 -1.60223 -1.60901 -1.61072 -1.60716 -1.59809 -1.58324 -1.56226 -1.53474 -1.50011 -1.45753 -1.40570 -1.34263 -1.26526 -1.16915 -1.04856 -0.89767 -0.71427 -0.50686 -0.30174 -0.13788 -0.04227 -0.00693 -0.00039 -0.00000 -0.00000 -0.00000 -0.00000 0.00000 -0.00000 -0.00000 0.00000 -0.00000 -0.00000
-0.29064 -0.31120 -0.33478 -0.36141 -0.39109 -0.42375 -0.45928 -0.49752 -0.53828 -0.58134 -0.62643 -0.67329 -0.72163 -0.77116 -0.82157 -0.87256 -0.92384 -0.97509 -1.02603 -1.07634 -1.12572 -1.17387 -1.22048 -1.26521 -1.30775 -1.34778 -1.38477 -1.41792 -1.44678 -1.47135 -1.49155 -1.50732 -1.51857 -1.52520 -1.52708 -1.52408 -1.51602 -1.50271 -1.48392 -1.45936 -1.42863 -1.39116 -1.34608 -1.29200 -1.22676 -1.14710 -1.04842 -0.92524 -0.77308 -0.59298 -0.39832 -0.21852 -0.08845 -0.02257 -0.00275 -0.00009 -0.00000 -0.00000 -0.00000 -0.00000 0.00000 0.00000 -0.00000 0.00000 0.00000
-0.25485 -0.27202 -0.29197 -0.31477 -0.34050 -0.36914 -0.40066 -0.43497 -0.47192 -0.51134 -0.55301 -0.59668 -0.64208 -0.68890 -0.73685 -0.78560 -0.83482 -0.88418 -0.93334 -0.98198 -1.02975 -1.07633 -1.12138 -1.16455 -1.20551 -1.24397 -1.27939 -1.31109 -1.33871 -1.36222 -1.38157 -1.39671 -1.40758 -1.41412 -1.41625 -1.41388 -1.40690 -1.39519 -1.37858 -1.35688 -1.32982 -1.29701 -1.25786 -1.21141 -1.15614 -1.08968 -1.00855 -0.90814 -0.78363 -0.63273 -0.46087 -0.28671 -0.14057 -0.04820 -0.00952 -0.00076 -0.00001 -0.00000 -0.00000 -0.00000 -0.00000 -0.00000 -0.00000 0.00000 0.00000
-0.21224 -0.22621 -0.24267 -0.26174 -0.28351 -0.30804 -0.33533 -0.36534 -0.39799 -0.43315 -0.47065 -0.51026 -0.55175 -0.59485 -0.63924 -0.68461 -0.73064 -0.77697 -0.82327 -0.86917 -0.91433 -0.95840 -1.00102 -1.04187 -1.08058 -1.11685 -1.15023 -1.18013 -1.20618 -1.22839 -1.24672 -1.26112 -1.27157 -1.27802 -1.28043 -1.27877 -1.27295 -1.26291 -1.24854 -1.22973 -1.20628 -1.17794 -1.14430 -1.10471 -1.05811 -1.00279 -0.93616 -0.85461 -0.75380 -0.63030 -0.48511 -0.32882 -0.18401 -0.07731 -0.02106 -0.00289 -0.00012 -0.00000 -0.00000 -0.00000 -0.00000 0.00000 0.00000 0.00000 0.00000
-0.16538 -0.17643 -0.18965 -0.20517 -0.22313 -0.24358 -0.26657 -0.29211 -0.32014 -0.35059 -0.38332 -0.41817 -0.45493 -0.49335 -0.53317 -0.57408 -0.61578 -0.65793 -0.70019 -0.74221 -0.78365 -0.82414 -0.86335 -0.90094 -0.93657 -0.96996 -1.00065 -1.02815 -1.05220 -1.07276 -1.08979 -1.10326 -1.11315 -1.11946 -1.12215 -1.12122 -1.11664 -1.10835 -1.09632 -1.08046 -1.06066 -1.03675 -1.00845 -0.97532 -0.93662 -0.89115 -0.83701 -0.77146 -0.69095 -0.59199 -0.47348 -0.34071 -0.20901 -0.10110 -0.03430 -0.00673 -0.00054 -0.00001 -0.00000 -0.00000 -0.00000 -0.00000 0.00000 -0.00000 0.00000
-0.11617 -0.12460 -0.13486 -0.14710 -0.16142 -0.17792 -0.19665 -0.21764 -0.24088 -0.26632 -0.29387 -0.32340 -0.35475 -0.38771 -0.42207 -0.45755 -0.49388 -0.53075 -0.56785 -0.60486 -0.64144 -0.67727 -0.71203 -0.74538 -0.77703 -0.80668 -0.83398 -0.85852 -0.88001 -0.89847 -0.91384 -0.92611 -0.93526 -0.94131 -0.94423 -0.94404 -0.94072 -0.93427 -0.92466 -0.91185 -0.89577 -0.87632 -0.85331 -0.82645 -0.79524 -0.75882 -0.71586 -0.66433 -0.60149 -0.52430 -0.43091 -0.32349 -0.21175 -0.11305 -0.04465 -0.01118 -0.00135 -0.00005 -0.00000 -0.00000 -0.00000 0.00000 -0.00000 0.00000 0.00000
