tests/data/gray99/saval2D/outputs/resuh8.asc
north:     17.44
south:      0.00
east:      60.51
west:       0.00
rows:   68
cols:  236
[rows 0 to 28 of 68, columns 67 to 133 of 236]
0.00001 0.00001 0.00001 0.00001 0.00001 0.00001 0.00001 0.00001 0.00001 0.00001 0.00001 0.00001 0.00001 0.00001 0.00001 0.00001 0.00001 0.00001 0.00001 0.00001 0.00001 0.00001 0.00001 0.00001 0.00001 0.00001 0.00001 0.00001 0.00001 0.00001 0.00001 0.00001 0.00001 0.00001 0.00001 0.00001 0.00001 0.00001 0.00001 0.00001 0.00001 0.00001 0.00001 0.00001 0.00001 0.00001 0.00001 0.00001 0.00001 0.00001 0.00001 0.00001 0.00001 0.00001 0.00001 0.00001 0.00001 0.00001 0.00001 0.00001 0.00001 0.00001 0.00001 0.00001 0.00001 0.00001 0.00001
0.00001 0.00001 0.00001 0.00001 0.00001 0.00001 0.00001 0.00001 0.00001 0.00001 0.00001 0.00001 0.00001 0.00001 0.00001 0.00001 0.00001 0.00001 0.00001 0.00001 0.00001 0.00001 0.00001 0.00001 0.00001 0.00001 0.00001 0.00001 0.00001 0.00001 0.00001 0.00001 0.00001 0.00001 0.00001 0.00001 0.00001 0.00001 0.00001 0.00001 0.00001 0.00001 0.00001 0.00001 0.00001 0.00001 0.00001 0.00001 0.00001 0.00001 0.00001 0.00001 0.00001 0.00001 0.00001 0.00001 0.00001 0.00001 0.00001 0.00001 0.00001 0.00001 0.00001 0.00001 0.00001 0.00001 0.00001
0.00001 0.00001 0.00001 0.00001 0.00001 0.00001 0.00001 0.00001 0.00001 0.00001 0.00001 0.00001 0.00001 0.00001 0.00001 0.00001 0.00001 0.00001 0.00001 0.00001 0.00001 0.00001 0.00001 0.00001 0.00001 0.00001 0.00001 0.00001 0.00001 0.00001 0.00001 0.00001 0.00001 0.00001 0.00001 0.00001 0.00001 0.00001 0.00001 0.00001 0.00001 0.00001 0.00001 0.00001 0.00001 0.00001 0.00001 0.00001 0.00001 0.00001 0.00001 0.00001 0.00001 0.00001 0.00001 0.00001 0.00001 0.00001 0.00001 0.00001 0.00001 0.00001 0.00001 0.00001 0.00001 0.00001 0.00001
0.00001 0.00001 0.00001 0.00001 0.00001 0.00001 0.00001 0.00001 0.00001 0.00001 0.00001 0.00001 0.00001 0.00001 0.00001 0.00001 0.00001 0.00001 0.00001 0.00001 0.00001 0.00001 0.00001 0.00001 0.00001 0.00001 0.00001 0.00001 0.00001 0.00001 0.00001 0.00001 0.00001 0.00001 0.00001 0.00001 0.00001 0.00001 0.00001 0.00001 0.00001 0.00001 0.00001 0.00001 0.00001 0.00001 0.00001 0.00001 0.00001 0.00001 0.00001 0.00001 0.00001 0.00001 0.00001 0.00001 0.00001 0.00001 0.00001 0.00001 0.00001 0.00001 0.00001 0.00001 0.00001 0.00001 0.00001
0.00001 0.00001 0.00001 0.00001 0.00001 0.00001 0.00001 0.00001 0.00001 0.00001 0.00001 0.00001 0.00001 0.00001 0.00001 0.00001 0.00001 0.00001 0.00001 0.00001 0.00001 0.00001 0.00001 0.00001 0.00001 0.00001 0.00001 0.00001 0.00001 0.00001 0.00001 0.00001 0.00001 0.00001 0.00001 0.00001 0.00001 0.00001 0.00001 0.00001 0.00001 0.00001 0.00001 0.00001 0.00001 0.00001 0.00001 0.00001 0.00001 0.00001 0.00001 0.00001 0.00001 0.00001 0.00001 0.00001 0.00001 0.00001 0.00001 0.00001 0.00001 0.00001 0.00001 0.00001 0.00001 0.00001 0.00001
0.00001 0.00001 0.00001 0.00001 0.00001 0.00001 0.00001 0.00001 0.00001 0.00001 0.00001 0.00001 0.00001 0.00001 0.00001 0.00001 0.00001 0.00001 0.00001 0.00001 0.00001 0.00001 0.00001 0.00001 0.00001 0.00001 0.00001 0.00001 0.00001 0.00001 0.00001 0.00001 0.00001 0.00001 0.00001 0.00001 0.00001 0.00001 0.00001 0.00001 0.00001 0.00001 0.00001 0.00001 0.00001 0.00001 0.00001 0.00001 0.00001 0.00001 0.00001 0.00001 0.00001 0.00001 0.00001 0.00001 0.00001 0.00001 0.00001 0.00001 0.00001 0.00001 0.00001 0.00001 0.00001 0.00001 0.00001
0.00001 0.00001 0.00001 0.00001 0.00001 0.00001 0.00001 0.00001 0.00001 0.00001 0.00001 0.00001 0.00001 0.00001 0.00001 0.00001 0.00001 0.00001 0.00001 0.00001 0.00001 0.00001 0.00001 0.00001 0.00001 0.00001 0.00001 0.00001 0.00001 0.00001 0.00001 0.00001 0.00001 0.00001 0.00001 0.00001 0.00001 0.00001 0.00001 0.00001 0.00001 0.00001 0.00001 0.00001 0.00001 0.00001 0.00001 0.00001 0.00001 0.00001 0.00001 0.00001 0.00001 0.00001 0.00001 0.00001 0.00001 0.00001 0.00001 0.00001 0.00001 0.00001 0.00001 0.00001 0.00001 0.00001 0.00001
0.00001 0.00001 0.00001 0.00001 0.00001 0.00001 0.00001 0.00001 0.00001 0.00001 0.00001 0.00001 0.00001 0.00001 0.00001 0.00001 0.00001 0.00001 0.00001 0.00001 0.00001 0.00001 0.00001 0.00001 0.00001 0.00001 0.00001 0.00001 0.00001 0.00001 0.00001 0.00001 0.00001 0.00001 0.00001 0.00001 0.00001 0.00001 0.00001 0.00001 0.00001 0.00001 0.00001 0.00001 0.00001 0.00001 0.00001 0.00001 0.00001 0.00001 0.00001 0.00001 0.00001 0.00001 0.00001 0.00001 0.00001 0.00001 0.00001 0.00001 0.00001 0.00001 0.00001 0.00001 0.00001 0.00001 0.00001
0.00001 0.00001 0.00001 0.00001 0.00001 0.00001 0.00001 0.00001 0.00001 0.00001 0.00001 0.00001 0.00001 0.00001 0.00001 0.00001 0.00001 0.00001 0.00001 0.00001 0.00001 0.00001 0.00001 0.00001 0.00001 0.00001 0.00001 0.00001 0.00001 0.00001 0.00001 0.00001 0.00001 0.00001 0.00001 0.00001 0.00001 0.00001 0.00001 0.00001 0.00001 0.00001 0.00001 0.00001 0.00001 0.00001 0.00001 0.00001 0.00001 0.00001 0.00001 0.00001 0.00001 0.00001 0.00001 0.00001 0.00001 0.00001 0.00001 0.00001 0.00001 0.00001 0.00001 0.00001 0.00001 0.00001 0.00001
0.00167 0.00139 0.00089 0.00033 0.00005 0.00001 0.00001 0.00001 0.00001 0.00001 0.00001 0.00001 0.00001 0.00001 0.00001 0.00001 0.00001 0.00001 0.00001 0.00001 0.00001 0.00001 0.00001 0.00001 0.00001 0.00001 0.00001 0.00001 0.00001 0.00001 0.00001 0.00001 0.00001 0.00001 0.00001 0.00001 0.00001 0.00001 0.00001 0.00001 0.00001 0.00001 0.00001 0.00001 0.00001 0.00001 0.00001 0.00001 0.00001 0.00001 0.00001 0.00001 0.00001 0.00001 0.00001 0.00001 0.00001 0.00001 0.00001 0.00001 0.00001 0.00001 0.00001 0.00001 0.00001 0.00001 0.00001
0.00395 0.00358 0.00307 0.00258 0.00226 0.00203 0.00172 0.00120 0.00052 0.00010 0.00001 0.00001 0.00001 0.00001 0.00001 0.00001 0.00001 0.00001 0.00001 0.00001 0.00001 0.00001 0.00001 0.00001 0.00001 0.00001 0.00001 0.00001 0.00001 0.00001 0.00001 0.00001 0.00001 0.00001 0.00001 0.00001 0.00001 0.00001 0.00001 0.00001 0.00001 0.00001 0.00001 0.00001 0.00001 0.00001 0.00001 0.00001 0.00001 0.00001 0.00001 0.00001 0.00001 0.00001 0.00001 0.00001 0.00001 0.00001 0.00001 0.00001 0.00001 0.00001 0.00001 0.00001 0.00001 0.00001 0.00001
0.00703 0.00662 0.00610 0.00559 0.00517 0.00479 0.00437 0.00379 0.00319 0.00276 0.00246 0.00212 0.00157 0.00078 0.00018 0.00002 0.00001 0.00001 0.00001 0.00001 0.00001 0.00001 0.00001 0.00001 0.00001 0.00001 0.00001 0.00001 0.00001 0.00001 0.00001 0.00001 0.00001 0.00001 0.00001 0.00001 0.00001 0.00001 0.00001 0.00001 0.00001 0.00001 0.00001 0.00001 0.00001 0.00001 0.00001 0.00001 0.00001 0.00001 0.00001 0.00001 0.00001 0.00001 0.00001 0.00001 0.00001 0.00001 0.00001 0.00001 0.00001 0.00001 0.00001 0.00001 0.00001 0.00001 0.00001
0.01097 0.01053 0.01003 0.00951 0.00902 0.00856 0.00806 0.00747 0.00684 0.00630 0.00584 0.00535 0.00470 0.00398 0.00341 0.00304 0.00268 0.00214 0.00127 0.00041 0.00005 0.00001 0.00001 0.00001 0.00001 0.00001 0.00001 0.00001 0.00001 0.00001 0.00001 0.00001 0.00001 0.00001 0.00001 0.00001 0.00001 0.00001 0.00001 0.00001 0.00001 0.00001 0.00001 0.00001 0.00001 0.00001 0.00001 0.00001 0.00001 0.00001 0.00001 0.00001 0.00001 0.00001 0.00001 0.00001 0.00001 0.00001 0.00001 0.00001 0.00001 0.00001 0.00001 0.00001 0.00001 0.00001 0.00001
0.01581 0.01539 0.01491 0.01441 0.01390 0.01340 0.01288 0.01228 0.01165 0.01105 0.01049 0.00990 0.00922 0.00848 0.00781 0.00725 0.00670 0.00602 0.00517 0.00442 0.00391 0.00353 0.00307 0.00230 0.00121 0.00033 0.00005 0.00002 0.00001 0.00001 0.00001 0.00001 0.00001 0.00001 0.00001 0.00001 0.00001 0.00001 0.00001 0.00001 0.00001 0.00001 0.00001 0.00001 0.00001 0.00001 0.00001 0.00001 0.00001 0.00001 0.00001 0.00001 0.00001 0.00001 0.00001 0.00001 0.00001 0.00001 0.00001 0.00001 0.00001 0.00001 0.00001 0.00001 0.00001 0.00001 0.00002
0.02163 0.02126 0.02084 0.02038 0.01991 0.01942 0.01891 0.01835 0.01774 0.01714 0.01654 0.01592 0.01524 0.01450 0.01379 0.01312 0.01246 0.01172 0.01087 0.01005 0.00935 0.00874 0.00808 0.00721 0.00621 0.00542 0.00489 0.00447 0.00399 0.00324 0.00214 0.00103 0.00040 0.00018 0.00011 0.00008 0.00005 0.00004 0.00003 0.00002 0.00002 0.00001 0.00001 0.00001 0.00001 0.00001 0.00001 0.00001 0.00001 0.00001 0.00001 0.00001 0.00001 0.00001 0.00001 0.00001 0.00001 0.00001 0.00001 0.00001 0.00002 0.00003 0.00006 0.00014 0.00029 0.00056 0.00101
0.02852 0.02824 0.02791 0.02754 0.02715 0.02673 0.02629 0.02580 0.02527 0.02471 0.02415 0.02357 0.02293 0.02225 0.02155 0.02087 0.02019 0.01945 0.01863 0.01780 0.01703 0.01631 0.01555 0.01466 0.01369 0.01280 0.01206 0.01140 0.01069 0.00980 0.00872 0.00771 0.00699 0.00648 0.00606 0.00558 0.00493 0.00405 0.00311 0.00231 0.00177 0.00144 0.00121 0.00105 0.00093 0.00083 0.00075 0.00070 0.00065 0.00063 0.00061 0.00061 0.00062 0.00065 0.00069 0.00075 0.00084 0.00099 0.00123 0.00160 0.00217 0.00301 0.00420 0.00583 0.00798 0.01070 0.01404
0.03662 0.03646 0.03627 0.03604 0.03578 0.03549 0.03517 0.03481 0.03441 0.03398 0.03353 0.03305 0.03253 0.03197 0.03138 0.03078 0.03017 0.02952 0.02881 0.02807 0.02735 0.02664 0.02591 0.02510 0.02422 0.02336 0.02257 0.02184 0.02108 0.02021 0.01922 0.01825 0.01742 0.01675 0.01616 0.01554 0.01479 0.01388 0.01293 0.01214 0.01157 0.01123 0.01102 0.01088 0.01073 0.01055 0.01037 0.01024 0.01024 0.01042 0.01084 0.01153 0.01258 0.01418 0.01597 0.01778 0.01958 0.02143 0.02359 0.02613 0.02920 0.03293 0.03742 0.04272 0.04879 0.05558 0.06299
0.04609 0.04613 0.04613 0.04610 0.04603 0.04594 0.04581 0.04565 0.04545 0.04522 0.04497 0.04469 0.04437 0.04402 0.04364 0.04324 0.04282 0.04237 0.04187 0.04135 0.04082 0.04029 0.03974 0.03915 0.03850 0.03785 0.03723 0.03665 0.03607 0.03542 0.03470 0.03398 0.03335 0.03283 0.03240 0.03201 0.03156 0.03104 0.03054 0.03020 0.03011 0.03032 0.03082 0.03157 0.03257 0.03395 0.03623 0.04114 0.04700 0.05359 0.06074 0.06815 0.07540 0.08190 0.08759 0.09228 0.09671 0.10153 0.10676 0.11237 0.11837 0.12480 0.13169 0.13906 0.14685 0.15502 0.16344
0.05719 0.05750 0.05777 0.05800 0.05821 0.05840 0.05856 0.05868 0.05878 0.05886 0.05891 0.05894 0.05894 0.05892 0.05887 0.05881 0.05873 0.05864 0.05852 0.05837 0.05822 0.05808 0.05793 0.05776 0.05757 0.05738 0.05722 0.05709 0.05700 0.05691 0.05681 0.05674 0.05677 0.05694 0.05729 0.05781 0.05849 0.05942 0.06355 0.06996 0.07835 0.08829 0.09943 0.11148 0.12417 0.13724 0.15013 0.16109 0.17167 0.18188 0.19162 0.20070 0.20895 0.21620 0.22252 0.22859 0.23472 0.24132 0.24825 0.25543 0.26285 0.27046 0.27822 0.28606 0.29388 0.30158 0.30903
0.07030 0.07095 0.07158 0.07220 0.07279 0.07336 0.07392 0.07447 0.07499 0.07551 0.07601 0.07650 0.07699 0.07747 0.07794 0.07841 0.07889 0.07937 0.07985 0.08034 0.08085 0.08139 0.08196 0.08256 0.08319 0.08388 0.08465 0.08554 0.08694 0.09177 0.09979 0.11067 0.12366 0.13824 0.15408 0.17093 0.18856 0.20680 0.22277 0.23785 0.25237 0.26656 0.28048 0.29403 0.30707 0.31946 0.33109 0.34190 0.35191 0.36118 0.36974 0.37753 0.38454 0.39077 0.39635 0.40168 0.40747 0.41401 0.42095 0.42810 0.43527 0.44231 0.44909 0.45550 0.46148 0.46695 0.47187
0.08593 0.08707 0.08821 0.08934 0.09046 0.09159 0.09272 0.09386 0.09501 0.09617 0.09735 0.09854 0.09977 0.10102 0.10230 0.10363 0.10501 0.10646 0.10797 0.11177 0.11949 0.13089 0.14556 0.16281 0.18203 0.20281 0.22483 0.24787 0.27133 0.29208 0.31088 0.32821 0.34482 0.36108 0.37709 0.39286 0.40833 0.42345 0.43812 0.45210 0.46543 0.47817 0.49037 0.50197 0.51290 0.52308 0.53245 0.54100 0.54877 0.55580 0.56211 0.56771 0.57260 0.57678 0.58044 0.58423 0.58905 0.59465 0.60063 0.60670 0.61263 0.61819 0.62322 0.62759 0.63121 0.63404 0.63608
0.10496 0.10678 0.10863 0.11050 0.11241 0.11436 0.11635 0.11840 0.12051 0.12269 0.12910 0.13994 0.15501 0.17371 0.19537 0.21933 0.24513 0.27240 0.30089 0.32806 0.35237 0.37440 0.39476 0.41411 0.43291 0.45136 0.46954 0.48746 0.50510 0.52243 0.53897 0.55470 0.56973 0.58422 0.59827 0.61192 0.62516 0.63795 0.65024 0.66192 0.67296 0.68334 0.69307 0.70214 0.71051 0.71816 0.72505 0.73119 0.73660 0.74130 0.74531 0.74866 0.75136 0.75343 0.75516 0.75771 0.76157 0.76609 0.77089 0.77565 0.78012 0.78406 0.78730 0.78969 0.79116 0.79166 0.79118
0.12895 0.13372 0.14537 0.16207 0.18296 0.20735 0.23457 0.26402 0.29529 0.32807 0.35782 0.38477 0.40935 0.43231 0.45425 0.47559 0.49662 0.51743 0.53805 0.55852 0.57853 0.59768 0.61590 0.63332 0.65011 0.66643 0.68237 0.69799 0.71328 0.72823 0.74271 0.75663 0.76995 0.78268 0.79485 0.80650 0.81762 0.82823 0.83829 0.84777 0.85663 0.86485 0.87243 0.87934 0.88559 0.89116 0.89602 0.90019 0.90367 0.90648 0.90864 0.91017 0.91109 0.91145 0.91175 0.91354 0.91657 0.92007 0.92373 0.92724 0.93037 0.93287 0.93459 0.93538 0.93516 0.93390 0.93158
0.30872 0.34269 0.37194 0.39868 0.42395 0.44832 0.47222 0.49589 0.51944 0.54286 0.56621 0.58891 0.61068 0.63148 0.65150 0.67097 0.69003 0.70881 0.72735 0.74568 0.76374 0.78138 0.79847 0.81493 0.83076 0.84599 0.86067 0.87486 0.88859 0.90187 0.91467 0.92697 0.93872 0.94991 0.96054 0.97061 0.98012 0.98908 0.99747 1.00529 1.01250 1.01910 1.02507 1.03040 1.03509 1.03912 1.04250 1.04522 1.04728 1.04871 1.04952 1.04972 1.04933 1.04844 1.04793 1.04923 1.05150 1.05410 1.05673 1.05914 1.06110 1.06242 1.06293 1.06252 1.06110 1.05864 1.05512
0.49186 0.51760 0.54281 0.56721 0.59071 0.61351 0.63585 0.65786 0.67971 0.70149 0.72320 0.74475 0.76593 0.78657 0.80658 0.82596 0.84475 0.86301 0.88082 0.89820 0.91518 0.93174 0.94781 0.96335 0.97832 0.99270 1.00650 1.01974 1.03244 1.04462 1.05629 1.06743 1.07803 1.08808 1.09756 1.10649 1.11484 1.12263 1.12985 1.13649 1.14254 1.14798 1.15281 1.15703 1.16061 1.16357 1.16589 1.16759 1.16866 1.16912 1.16897 1.16824 1.16694 1.16518 1.16431 1.16519 1.16676 1.16852 1.17024 1.17168 1.17266 1.17301 1.17260 1.17132 1.16910 1.16589 1.16167
0.61782 0.64261 0.66737 0.69186 0.71586 0.73928 0.76211 0.78449 0.80648 0.82812 0.84946 0.87050 0.89120 0.91146 0.93122 0.95041 0.96901 0.98702 1.00447 1.02139 1.03779 1.05370 1.06909 1.08395 1.09826 1.11199 1.12514 1.13771 1.14971 1.16116 1.17206 1.18240 1.19220 1.20144 1.21011 1.21822 1.22575 1.23272 1.23911 1.24492 1.25015 1.25478 1.25882 1.26224 1.26506 1.26726 1.26885 1.26983 1.27021 1.26999 1.26919 1.26780 1.26586 1.26355 1.26251 1.26295 1.26385 1.26484 1.26572 1.26632 1.26647 1.26605 1.26494 1.26305 1.26031 1.25668 1.25213
0.71808 0.74289 0.76757 0.79204 0.81619 0.83988 0.86310 0.88582 0.90803 0.92978 0.95107 0.97193 0.99236 1.01233 1.03182 1.05076 1.06914 1.08693 1.10414 1.12077 1.13682 1.15233 1.16728 1.18167 1.19549 1.20874 1.22141 1.23349 1.24500 1.25593 1.26629 1.27608 1.28531 1.29397 1.30207 1.30959 1.31654 1.32292 1.32872 1.33395 1.33859 1.34265 1.34611 1.34898 1.35125 1.35292 1.35400 1.35448 1.35437 1.35368 1.35241 1.35057 1.34819 1.34556 1.34437 1.34432 1.34456 1.34483 1.34496 1.34482 1.34428 1.34323 1.34160 1.33929 1.33624 1.33241 1.32776
0.79865 0.82367 0.84843 0.87292 0.89708 0.92087 0.94421 0.96706 0.98941 1.01123 1.03254 1.05335 1.07364 1.09344 1.11271 1.13144 1.14960 1.16719 1.18418 1.20058 1.21639 1.23161 1.24626 1.26032 1.27379 1.28669 1.29900 1.31072 1.32185 1.33241 1.34238 1.35177 1.36059 1.36883 1.37650 1.38360 1.39013 1.39608 1.40146 1.40627 1.41049 1.41413 1.41718 1.41965 1.42154 1.42284 1.42355 1.42368 1.42322 1.42219 1.42060 1.41844 1.41576 1.41295 1.41154 1.41098 1.41058 1.41018 1.40965 1.40887 1.40776 1.40623 1.40420 1.40161 1.39839 1.39451 1.38992
0.86268 0.88793 0.91283 0.93738 0.96156 0.98535 1.00870 1.03158 1.05396 1.07580 1.09710 1.11786 1.13807 1.15774 1.17686 1.19541 1.21340 1.23080 1.24761 1.26382 1.27942 1.29443 1.30884 1.32266 1.33588 1.34851 1.36055 1.37200 1.38285 1.39312 1.40280 1.41190 1.42042 1.42836 1.43572 1.44251 1.44873 1.45437 1.45944 1.46394 1.46786 1.47120 1.47396 1.47615 1.47776 1.47878 1.47924 1.47911 1.47842 1.47715 1.47533 1.47295 1.47007 1.46715 1.46546 1.46438 1.46341 1.46241 1.46131 1.46000 1.45843 1.45651 1.45420 1.45142 1.44813 1.44428 1.43982
