tests/data/gray99/saval2D/outputs/resuqv2.asc
north:     17.44
south:      0.00
east:      60.51
west:       0.00
rows:   68
cols:  236
[rows 0 to 27 of 68, columns 0 to 63 of 236]
0.00000 0.00000 0.00000 0.00000 0.00000 0.00000 0.00000 0.00000 0.00000 0.00000 0.00000 0.00000 0.00000 0.00000 0.00000 0.00000 0.00000 0.00000 0.00000 0.00000 0.00000 0.00000 0.00000 0.00000 0.00000 0.00000 0.00000 0.00000 0.00000 0.00000 0.00000 0.00000 0.00000 0.00000 0.00000 0.00000 0.00000 0.00000 0.00000 0.00000 0.00000 0.00000 0.00000 0.00000 0.00000 0.00000 0.00000 0.00000 0.00000 0.00000 0.00000 0.00000 0.00000 0.00000 0.00000 0.00000 0.00000 0.00000 0.00000 0.00000 0.00000 0.00000 0.00000 0.00000
0.00000 0.00000 0.00000 0.00000 0.00000 0.00000 0.00000 0.00000 0.00000 0.00000 0.00000 0.00000 0.00000 0.00000 0.00000 0.00000 0.00000 0.00000 0.00000 0.00000 0.00000 0.00000 0.00000 0.00000 0.00000 0.00000 0.00000 0.00000 0.00000 0.00000 0.00000 0.00000 0.00000 0.00000 0.00000 0.00000 0.00000 0.00000 0.00000 0.00000 0.00000 0.00000 0.00000 0.00000 0.00000 0.00000 0.00000 0.00000 0.00000 0.00000 0.00000 0.00000 0.00000 0.00000 0.00000 0.00000 0.00000 0.00000 0.00000 0.00000 0.00000 0.00000 0.00000 0.00000
0.00000 0.00000 0.00000 0.00000 0.00000 0.00000 0.00000 0.00000 0.00000 0.00000 0.00000 0.00000 0.00000 0.00000 0.00000 0.00000 0.00000 0.00000 0.00000 0.00000 0.00000 0.00000 0.00000 0.00000 0.00000 0.00000 0.00000 0.00000 0.00000 0.00000 0.00000 0.00000 0.00000 0.00000 0.00000 0.00000 0.00000 0.00000 0.00000 0.00000 0.00000 0.00000 0.00000 0.00000 0.00000 0.00000 0.00000 0.00000 0.00000 0.00000 0.00000 0.00000 0.00000 0.00000 0.00000 0.00000 0.00000 0.00000 0.00000 0.00000 0.00000 0.00000 0.00000 0.00000
0.00000 0.00000 0.00000 0.00000 0.00000 0.00000 0.00000 0.00000 0.00000 0.00000 0.00000 0.00000 0.00000 0.00000 0.00000 0.00000 0.00000 0.00000 0.00000 0.00000 0.00000 0.00000 0.00000 0.00000 0.00000 0.00000 0.00000 0.00000 0.00000 0.00000 0.00000 0.00000 0.00000 0.00000 0.00000 0.00000 0.00000 0.00000 0.00000 0.00000 0.00000 0.00000 0.00000 0.00000 0.00000 0.00000 0.00000 0.00000 0.00000 0.00000 0.00000 0.00000 0.00000 0.00000 0.00000 0.00000 0.00000 0.00000 0.00000 0.00000 0.00000 0.00000 0.00000 0.00000
0.00000 0.00000 0.00000 0.00000 0.00000 0.00000 0.00000 0.00000 0.00000 0.00000 0.00000 0.00000 0.00000 0.00000 0.00000 0.00000 0.00000 0.00000 0.00000 0.00000 0.00000 0.00000 0.00000 0.00000 0.00000 0.00000 0.00000 0.00000 0.00000 0.00000 0.00000 0.00001 0.00001 0.00001 0.00001 0.00000 0.00000 0.00000 0.00000 0.00000 0.00000 0.00000 0.00000 0.00000 0.00000 0.00000 0.00000 0.00000 0.00000 0.00000 0.00000 0.00000 0.00000 0.00000 0.00000 0.00000 0.00000 0.00000 0.00000 0.00000 0.00000 0.00000 0.00000 0.00000
0.00000 0.00000 0.00000 0.00000 0.00000 0.00000 0.00000 0.00000 0.00000 0.00000 0.00000 0.00000 0.00000 0.00000 0.00000 0.00000 0.00000 0.00000 0.00000 0.00000 0.00000 0.00000 0.00000 0.00000 0.00001 0.00006 0.00015 0.00019 0.00020 0.00021 0.00024 0.00026 0.00023 0.00016 0.00008 0.00003 0.00001 0.00001 0.00001 0.00000 0.00000 0.00000 0.00000 0.00000 0.00000 0.00000 0.00000 0.00000 0.00000 0.00000 0.00000 0.00000 0.00000 0.00000 0.00000 0.00000 0.00000 0.00000 0.00000 0.00000 0.00000 0.00000 0.00000 0.00000
0.00000 0.00000 0.00000 0.00000 0.00000 0.00000 0.00000 0.00000 0.00000 0.00000 0.00000 0.00000 0.00000 0.00000 0.00000 0.00000 0.00000 0.00000 0.00000 0.00000 0.00000 0.00001 0.00005 0.00014 -0.00007 -0.00113 -0.00345 -0.00641 -0.00961 -0.01283 -0.01605 -0.01915 -0.02169 -0.02292 -0.02213 -0.01909 -0.01456 -0.00978 -0.00572 -0.00286 -0.00118 -0.00038 -0.00009 -0.00001 -0.00000 0.00000 0.00000 0.00000 0.00000 0.00000 0.00000 0.00000 0.00000 0.00000 0.00000 0.00000 0.00000 0.00000 0.00000 0.00000 0.00000 0.00000 0.00000 0.00000
0.00000 0.00000 0.00000 0.00000 0.00000 0.00000 0.00000 0.00000 0.00000 0.00000 0.00000 0.00000 0.00000 0.00000 0.00000 0.00000 0.00000 0.00000 0.00000 0.00001 0.00007 -0.00031 -0.00217 -0.00808 -0.01954 -0.03653 -0.05597 -0.07357 -0.08969 -0.10456 -0.11809 -0.12975 -0.13831 -0.14211 -0.13957 -0.12961 -0.11341 -0.09335 -0.07196 -0.05144 -0.03355 -0.01945 -0.00966 -0.00388 -0.00116 -0.00023 -0.00002 -0.00000 0.00000 0.00000 0.00000 0.00000 0.00000 0.00000 0.00000 0.00000 0.00000 0.00000 0.00000 0.00000 0.00000 0.00000 0.00000 0.00000
0.00000 0.00000 0.00000 0.00000 0.00000 0.00000 0.00000 0.00000 0.00000 0.00000 0.00000 0.00000 0.00000 0.00000 0.00000 0.00000 0.00000 0.00000 0.00006 -0.00049 -0.00557 -0.01817 -0.03937 -0.07384 -0.11726 -0.16522 -0.20960 -0.24550 -0.27691 -0.30432 -0.32745 -0.34564 -0.35767 -0.36195 -0.35687 -0.34104 -0.31589 -0.28383 -0.24701 -0.20730 -0.16642 -0.12624 -0.08879 -0.05633 -0.03095 -0.01387 -0.00464 -0.00102 -0.00012 -0.00000 0.00000 0.00000 0.00000 0.00000 0.00000 0.00000 0.00000 0.00000 0.00000 0.00000 0.00000 0.00000 0.00000 0.00000
0.00000 0.00000 0.00000 0.00000 0.00000 0.00000 0.00000 0.00000 0.00000 0.00000 0.00000 0.00000 0.00000 0.00000 0.00000 0.00000 0.00001 -0.00006 -0.00365 -0.01962 -0.05565 -0.10624 -0.16618 -0.23852 -0.31258 -0.38271 -0.44114 -0.48683 -0.52679 -0.56052 -0.58759 -0.60748 -0.61927 -0.62174 -0.61368 -0.59385 -0.56432 -0.52737 -0.48443 -0.43647 -0.38423 -0.32855 -0.27054 -0.21179 -0.15463 -0.10225 -0.05861 -0.02727 -0.00934 -0.00202 -0.00022 -0.00001 0.00000 0.00000 0.00000 0.00000 0.00000 0.00000 0.00000 0.00000 0.00000 0.00000 0.00000 0.00000
0.00000 0.00000 0.00000 0.00000 0.00000 0.00000 0.00000 0.00000 0.00000 0.00000 0.00000 0.00000 0.00000 0.00000 0.00000 0.00002 -0.00060 -0.00972 -0.04240 -0.10424 -0.19125 -0.28448 -0.37617 -0.46994 -0.55628 -0.63217 -0.69343 -0.74196 -0.78442 -0.81955 -0.84708 -0.86665 -0.87739 -0.87825 -0.86830 -0.84652 -0.81555 -0.77739 -0.73294 -0.68262 -0.62668 -0.56539 -0.49923 -0.42896 -0.35563 -0.28079 -0.20685 -0.13767 -0.07876 -0.03592 -0.01165 -0.00224 -0.00019 -0.00000 0.00000 0.00000 0.00000 0.00000 0.00000 0.00000 0.00000 0.00000 0.00000 0.00000
0.00000 0.00000 0.00000 0.00000 0.00000 0.00000 0.00000 0.00000 0.00000 0.00000 0.00000 0.00000 0.00000 0.00000 0.00002 -0.00155 -0.01722 -0.06746 -0.15595 -0.26715 -0.38990 -0.50553 -0.60988 -0.70819 -0.79560 -0.87041 -0.93149 -0.98110 -1.02392 -1.05913 -1.08669 -1.10624 -1.11687 -1.11757 -1.10754 -1.08588 -1.05540 -1.01765 -0.97315 -0.92212 -0.86460 -0.80065 -0.73062 -0.65515 -0.57509 -0.49142 -0.40514 -0.31757 -0.23112 -0.15035 -0.08239 -0.03475 -0.00981 -0.00148 -0.00008 -0.00000 0.00000 0.00000 0.00000 0.00000 0.00000 0.00000 0.00000 0.00000
0.00000 0.00000 0.00000 0.00000 0.00000 0.00000 0.00000 0.00000 0.00000 0.00000 0.00000 0.00000 0.00000 0.00002 -0.00226 -0.02491 -0.09005 -0.19775 -0.32790 -0.46199 -0.59593 -0.71705 -0.82346 -0.92111 -1.00782 -1.08215 -1.14410 -1.19552 -1.23923 -1.27534 -1.30394 -1.32461 -1.33646 -1.33850 -1.32996 -1.31004 -1.28129 -1.24470 -1.20070 -1.14948 -1.09097 -1.02515 -0.95227 -0.87300 -0.78833 -0.69941 -0.60732 -0.51289 -0.41679 -0.32007 -0.22545 -0.13892 -0.06956 -0.02528 -0.00558 -0.00055 -0.00001 0.00000 0.00000 0.00000 0.00000 0.00000 0.00000 0.00000
0.00000 0.00000 0.00000 0.00000 0.00000 0.00000 0.00000 0.00000 0.00000 0.00000 0.00000 0.00000 0.00002 -0.00235 -0.02866 -0.10628 -0.22533 -0.36505 -0.50834 -0.64528 -0.77833 -0.89837 -1.00426 -1.10159 -1.18906 -1.26522 -1.32999 -1.38458 -1.43070 -1.46917 -1.50013 -1.52318 -1.53746 -1.54203 -1.53611 -1.51896 -1.49263 -1.45765 -1.41452 -1.36350 -1.30450 -1.23738 -1.16236 -1.08009 -0.99161 -0.89818 -0.80114 -0.70171 -0.60075 -0.49870 -0.39577 -0.29311 -0.19477 -0.10917 -0.04693 -0.01335 -0.00197 -0.00009 -0.00000 0.00000 0.00000 0.00000 0.00000 0.00000
0.00000 0.00000 0.00000 0.00000 0.00000 0.00000 0.00000 0.00000 0.00000 0.00000 0.00000 0.00001 -0.00180 -0.02785 -0.10825 -0.23598 -0.38074 -0.52669 -0.66812 -0.80108 -0.93028 -1.04812 -1.15368 -1.25178 -1.34142 -1.42097 -1.49014 -1.54919 -1.59924 -1.64149 -1.67610 -1.70268 -1.72039 -1.72831 -1.72570 -1.71187 -1.68837 -1.65541 -1.61363 -1.56336 -1.50443 -1.43667 -1.36026 -1.27587 -1.18452 -1.08749 -0.98616 -0.88193 -0.77611 -0.66967 -0.56304 -0.45605 -0.34879 -0.24352 -0.14710 -0.07078 -0.02388 -0.00461 -0.00035 -0.00000 0.00000 0.00000 0.00000 0.00000
0.00000 0.00000 0.00000 0.00000 0.00000 0.00000 0.00000 0.00000 0.00000 0.00000 0.00001 -0.00089 -0.02298 -0.09866 -0.22333 -0.37227 -0.52185 -0.66395 -0.79985 -0.92825 -1.05388 -1.16996 -1.27566 -1.37508 -1.46741 -1.55101 -1.62544 -1.68993 -1.74514 -1.79235 -1.83171 -1.86273 -1.88457 -1.89638 -1.89748 -1.88733 -1.86701 -1.83654 -1.79672 -1.74785 -1.68966 -1.62194 -1.54492 -1.45926 -1.36602 -1.26642 -1.16181 -1.05359 -0.94318 -0.83193 -0.72093 -0.61068 -0.50094 -0.39113 -0.28213 -0.17914 -0.09294 -0.03517 -0.00811 -0.00083 -0.00002 0.00000 0.00000 0.00000
0.00000 0.00000 0.00000 0.00000 0.00000 0.00000 0.00000 0.00000 0.00000 0.00000 -0.00015 -0.01543 -0.08102 -0.19519 -0.33747 -0.48943 -0.63658 -0.77330 -0.90416 -1.02908 -1.15208 -1.26699 -1.37310 -1.47387 -1.56874 -1.65630 -1.73606 -1.80661 -1.86792 -1.92108 -1.96600 -2.00205 -2.02844 -2.04447 -2.04960 -2.04340 -2.02665 -1.99924 -1.96206 -1.91526 -1.85849 -1.79154 -1.71466 -1.62855 -1.53426 -1.43302 -1.32613 -1.21495 -1.10084 -0.98520 -0.86945 -0.75479 -0.64187 -0.53041 -0.41947 -0.30893 -0.20258 -0.11035 -0.04495 -0.01163 -0.00145 -0.00005 0.00000 0.00000
0.00000 0.00000 0.00000 0.00000 0.00000 0.00000 0.00000 0.00000 0.00000 0.00010 -0.00760 -0.05839 -0.15905 -0.28686 -0.43177 -0.58058 -0.72378 -0.85587 -0.98294 -1.10552 -1.22667 -1.34087 -1.44751 -1.54936 -1.64607 -1.73669 -1.82102 -1.89760 -1.96563 -2.02541 -2.07641 -2.11789 -2.14920 -2.16979 -2.17925 -2.17726 -2.16443 -2.14062 -2.10668 -2.06261 -2.00797 -1.94255 -1.86660 -1.78083 -1.68625 -1.58412 -1.47575 -1.36247 -1.24559 -1.12648 -1.00658 -0.88737 -0.77014 -0.65564 -0.54358 -0.43277 -0.32244 -0.21532 -0.12052 -0.05115 -0.01411 -0.00195 -0.00008 -0.00000
0.00000 0.00000 0.00000 0.00000 0.00000 0.00000 0.00000 0.00000 0.00004 -0.00205 -0.03482 -0.11837 -0.23190 -0.35925 -0.50238 -0.64642 -0.78533 -0.91354 -1.03772 -1.15858 -1.27822 -1.39181 -1.49875 -1.60072 -1.69634 -1.78381 -1.86282 -1.93338 -1.99523 -2.04918 -2.09543 -2.13367 -2.16338 -2.18389 -2.19460 -2.19500 -2.18530 -2.16516 -2.13524 -2.09538 -2.04523 -1.98467 -1.91398 -1.83383 -1.74516 -1.64910 -1.54682 -1.43946 -1.32812 -1.21389 -1.09790 -0.98143 -0.86582 -0.75229 -0.64155 -0.53329 -0.42618 -0.31915 -0.21452 -0.12105 -0.05192 -0.01455 -0.00207 -0.00009
0.00000 0.00000 0.00000 0.00000 0.00000 0.00000 0.00000 0.00000 0.00019 -0.01510 -0.07713 -0.17521 -0.28802 -0.41027 -0.55074 -0.68937 -0.82352 -0.94796 -1.06910 -1.18706 -1.30230 -1.41000 -1.50997 -1.60489 -1.69504 -1.77945 -1.85727 -1.92762 -1.98947 -2.04299 -2.08856 -2.12622 -2.15575 -2.17676 -2.18876 -2.19131 -2.18446 -2.16788 -2.14198 -2.10650 -2.06109 -2.00565 -1.94036 -1.86573 -1.78257 -1.69188 -1.59478 -1.49234 -1.38561 -1.27562 -1.16341 -1.05009 -0.93689 -0.82510 -0.71583 -0.60963 -0.50600 -0.40345 -0.30085 -0.20059 -0.11158 -0.04673 -0.01261 -0.00168
0.00000 0.00000 0.00000 0.00000 0.00000 0.00000 0.00000 0.00021 -0.00318 -0.04031 -0.11962 -0.21874 -0.32602 -0.44212 -0.57926 -0.71165 -0.83985 -0.95878 -1.07401 -1.18566 -1.29447 -1.39705 -1.49316 -1.58453 -1.67139 -1.75312 -1.82912 -1.89856 -1.96038 -2.01417 -2.06019 -2.09846 -2.12890 -2.15122 -2.16507 -2.17011 -2.16631 -2.15336 -2.13153 -2.10048 -2.05993 -2.00973 -1.94994 -1.88089 -1.80322 -1.71777 -1.62554 -1.52757 -1.42489 -1.31852 -1.20948 -1.09885 -0.98777 -0.87748 -0.76923 -0.66403 -0.56226 -0.46321 -0.36535 -0.26783 -0.17373 -0.09247 -0.03609 -0.00866
0.00000 0.00000 0.00000 0.00000 0.00000 0.00000 0.00001 0.00064 -0.01368 -0.06903 -0.15299 -0.24737 -0.34811 -0.45786 -0.59070 -0.71673 -0.83918 -0.95312 -1.06312 -1.16927 -1.27208 -1.36908 -1.46032 -1.54734 -1.63037 -1.70901 -1.78277 -1.85086 -1.91229 -1.96630 -2.01295 -2.05217 -2.08386 -2.10781 -2.12373 -2.13137 -2.13063 -2.12125 -2.10335 -2.07660 -2.04077 -1.99570 -1.94133 -1.87780 -1.80557 -1.72533 -1.63794 -1.54439 -1.44570 -1.34292 -1.23710 -1.12930 -1.02065 -0.91233 -0.80560 -0.70166 -0.60139 -0.50494 -0.41139 -0.31917 -0.22791 -0.14165 -0.07035 -0.02451
0.00000 0.00000 0.00000 0.00000 0.00000 0.00000 0.00029 -0.00088 -0.02905 -0.09334 -0.17460 -0.26194 -0.35512 -0.45673 -0.58193 -0.69948 -0.81528 -0.92494 -1.03144 -1.13389 -1.23222 -1.32462 -1.41150 -1.49442 -1.57374 -1.64922 -1.72042 -1.78670 -1.84717 -1.90090 -1.94781 -1.98775 -2.02055 -2.04601 -2.06389 -2.07396 -2.07610 -2.07006 -2.05585 -2.03316 -2.00180 -1.96162 -1.91249 -1.85441 -1.78764 -1.71269 -1.63033 -1.54147 -1.44715 -1.34843 -1.24640 -1.14213 -1.03672 -0.93131 -0.82711 -0.72533 -0.62706 -0.53296 -0.44280 -0.35536 -0.26911 -0.18457 -0.10733 -0.04781
0.00000 0.00000 0.00000 0.00000 0.00000 0.00000 0.00104 -0.00562 -0.04487 -0.11073 -0.18626 -0.26612 -0.35159 -0.44474 -0.56141 -0.67088 -0.77985 -0.88398 -0.98554 -1.08344 -1.17719 -1.26523 -1.34803 -1.42705 -1.50273 -1.57492 -1.64331 -1.70733 -1.76622 -1.81906 -1.86566 -1.90581 -1.93928 -1.96588 -1.98537 -1.99753 -2.00219 -1.99913 -1.98826 -1.96932 -1.94214 -1.90658 -1.86247 -1.80974 -1.74844 -1.67894 -1.60189 -1.51815 -1.42876 -1.33480 -1.23737 -1.13758 -1.03649 -0.93518 -0.83479 -0.73645 -0.64130 -0.55020 -0.46343 -0.38031 -0.29931 -0.21931 -0.14227 -0.07549
0.00000 0.00000 0.00000 0.00000 0.00000 0.00007 0.00122 -0.01318 -0.05872 -0.12164 -0.19001 -0.26215 -0.33986 -0.42469 -0.53216 -0.63365 -0.73564 -0.83365 -0.92939 -1.02184 -1.11038 -1.19370 -1.27220 -1.34712 -1.41893 -1.48755 -1.55272 -1.61399 -1.67071 -1.72201 -1.76764 -1.80737 -1.84095 -1.86815 -1.88874 -1.90250 -1.90923 -1.90872 -1.90080 -1.88523 -1.86188 -1.83063 -1.79134 -1.74381 -1.68799 -1.62408 -1.55262 -1.47444 -1.39057 -1.30210 -1.21016 -1.11584 -1.02017 -0.92418 -0.82890 -0.73537 -0.64466 -0.55769 -0.47499 -0.39634 -0.32051 -0.24584 -0.17212 -0.10335
0.00000 0.00000 0.00000 0.00000 0.00000 0.00028 -0.00084 -0.02441 -0.07361 -0.13260 -0.19405 -0.25845 -0.32774 -0.40324 -0.49939 -0.59162 -0.68559 -0.77661 -0.86569 -0.95184 -1.03443 -1.11239 -1.18605 -1.25644 -1.32396 -1.38857 -1.45007 -1.50805 -1.56199 -1.61109 -1.65510 -1.69375 -1.72678 -1.75398 -1.77509 -1.78990 -1.79818 -1.79973 -1.79432 -1.78174 -1.76186 -1.73461 -1.69987 -1.65740 -1.60701 -1.54877 -1.48315 -1.41093 -1.33312 -1.25085 -1.16521 -1.07728 -0.98805 -0.89846 -0.80945 -0.72195 -0.63692 -0.55525 -0.47758 -0.40397 -0.33353 -0.26460 -0.19583 -0.12868
0.00000 0.00000 0.00000 0.00000 0.00000 0.00076 -0.00419 -0.03446 -0.08390 -0.13841 -0.19373 -0.25120 -0.31257 -0.37909 -0.46354 -0.54604 -0.63123 -0.71445 -0.79610 -0.87521 -0.95116 -1.02311 -1.09135 -1.15666 -1.21937 -1.27947 -1.33677 -1.39093 -1.44150 -1.48777 -1.52949 -1.56641 -1.59827 -1.62483 -1.64586 -1.66113 -1.67042 -1.67349 -1.67014 -1.66014 -1.64339 -1.61982 -1.58937 -1.55175 -1.50669 -1.45417 -1.39457 -1.32865 -1.25742 -1.18196 -1.10335 -1.02261 -0.94068 -0.85841 -0.77662 -0.69615 -0.61784 -0.54251 -0.47082 -0.40302 -0.33855 -0.27592 -0.21332 -0.15041
0.00000 0.00000 0.00000 0.00000 0.00002 0.00130 -0.00791 -0.04130 -0.08800 -0.13712 -0.18655 -0.23772 -0.29204 -0.35053 -0.42397 -0.49697 -0.57307 -0.64795 -0.72162 -0.79314 -0.86189 -0.92727 -0.98951 -1.04919 -1.10660 -1.16167 -1.21425 -1.26404 -1.31069 -1.35354 -1.39236 -1.42692 -1.45697 -1.48228 -1.50262 -1.51778 -1.52753 -1.53164 -1.52988 -1.52206 -1.50807 -1.48787 -1.46142 -1.42844 -1.38860 -1.34179 -1.28837 -1.22906 -1.16484 -1.09674 -1.02579 -0.95294 -0.87904 -0.80485 -0.73109 -0.65847 -0.58772 -0.51957 -0.45469 -0.39342 -0.33549 -0.27968 -0.22405 -0.16713
