tests/data/gray99/saval2D/outputs/resuqu6.asc
north:     17.44
south:      0.00
east:      60.51
west:       0.00
rows:   68
cols:  236
[rows 0 to 28 of 68, columns 0 to 64 of 236]
0.00000 0.00000 0.00000 0.00000 0.00000 0.00000 0.00000 0.00000 0.00000 0.00000 0.00000 0.00000 0.00000 0.00000 0.00000 0.00000 0.00000 0.00000 0.00000 0.00000 0.00000 0.00000 0.00000 0.00000 0.00000 0.00000 0.00000 0.00000 0.00000 0.00000 0.00000 0.00000 0.00000 0.00000 0.00000 0.00000 0.00000 0.00000 0.00000 0.00000 0.00000 0.00000 0.00000 0.00000 0.00000 0.00000 0.00000 0.00000 0.00000 0.00000 0.00000 0.00000 0.00000 0.00000 0.00000 0.00000 0.00000 0.00000 0.00000 0.00000 0.00000 0.00000 0.00000 0.00000 0.00000
0.00000 0.00000 -0.00000 0.00000 -0.00000 -0.00000 0.00000 -0.00000 -0.00000 0.00000 -0.00000 0.00000 0.00000 0.00000 0.00000 0.00000 0.00000 0.00000 0.00000 0.00000 0.00000 0.00000 0.00000 0.00000 0.00000 0.00000 0.00000 0.00000 0.00000 0.00000 0.00000 0.00000 0.00000 0.00000 0.00000 0.00000 0.00000 0.00000 0.00000 0.00000 0.00000 0.00000 0.00000 0.00000 0.00000 0.00000 0.00000 0.00000 0.00000 0.00000 0.00000 0.00000 0.00000 0.00000 0.00000 0.00000 0.00000 0.00000 0.00000 0.00000 0.00000 0.00000 0.00000 0.00000 0.00000
0.00000 0.00000 -0.00000 -0.00000 -0.00000 0.00000 -0.00000 -0.00000 0.00000 0.00000 0.00000 0.00000 0.00000 0.00000 0.00000 0.00000 0.00000 0.00000 0.00000 0.00000 0.00000 0.00000 0.00000 0.00000 0.00000 0.00000 0.00000 0.00000 0.00000 0.00000 0.00000 0.00000 0.00000 0.00000 0.00000 0.00000 0.00000 0.00000 0.00000 0.00000 0.00000 0.00000 0.00000 0.00000 0.00000 0.00000 0.00000 0.00000 0.00000 0.00000 0.00000 0.00000 0.00000 0.00000 0.00000 0.00000 0.00000 0.00000 0.00000 0.00000 0.00000 0.00000 0.00000 0.00000 0.00000
0.00000 -0.00000 -0.00000 -0.00000 -0.00000 -0.00000 0.00000 -0.00000 -0.00000 0.00000 0.00000 0.00000 0.00000 0.00000 0.00000 0.00000 0.00000 0.00000 0.00000 0.00000 0.00000 0.00000 0.00000 0.00000 0.00000 0.00000 0.00000 0.00000 0.00000 0.00000 0.00000 0.00000 0.00000 0.00000 0.00000 0.00000 0.00000 0.00000 0.00000 0.00000 0.00000 0.00000 0.00000 0.00000 0.00000 0.00000 0.00000 0.00000 0.00000 0.00000 0.00000 0.00000 0.00000 0.00000 0.00000 0.00000 0.00000 0.00000 0.00000 0.00000 0.00000 0.00000 0.00000 0.00000 0.00000
0.00000 -0.00000 0.00000 -0.00000 -0.00000 -0.00000 -0.00000 -0.00000 -0.00000 0.00000 0.00000 0.00000 0.00000 0.00000 0.00000 0.00000 0.00000 0.00000 0.00000 0.00000 0.00000 0.00000 0.00000 0.00000 0.00000 0.00000 0.00000 0.00000 0.00000 0.00000 0.00000 0.00001 0.00001 0.00001 0.00001 0.00001 0.00001 0.00001 0.00000 0.00000 0.00000 0.00000 0.00000 0.00000 0.00000 0.00000 0.00000 0.00000 0.00000 0.00000 0.00000 0.00000 0.00000 0.00000 0.00000 0.00000 0.00000 0.00000 0.00000 0.00000 0.00000 0.00000 0.00000 0.00000 0.00000
0.00000 -0.00000 0.00000 -0.00000 -0.00000 -0.00000 -0.00000 -0.00000 0.00000 0.00000 0.00000 0.00000 0.00000 0.00000 0.00000 0.00000 0.00000 0.00000 0.00000 0.00000 0.00000 0.00000 0.00000 0.00000 0.00001 0.00002 0.00004 0.00007 0.00010 0.00013 0.00016 0.00019 0.00022 0.00025 0.00027 0.00029 0.00031 0.00032 0.00032 0.00032 0.00030 0.00027 0.00022 0.00015 0.00008 0.00002 0.00000 0.00000 0.00000 0.00000 0.00000 0.00000 0.00000 0.00000 0.00000 0.00000 0.00000 0.00000 0.00000 0.00000 0.00000 0.00000 0.00000 0.00000 0.00000
0.00000 -0.00000 -0.00000 -0.00000 -0.00000 0.00000 -0.00000 0.00000 0.00000 0.00000 0.00000 0.00000 0.00000 0.00000 0.00000 0.00000 0.00000 0.00000 0.00000 0.00000 0.00000 0.00001 0.00003 0.00006 0.00011 0.00017 0.00024 0.00033 0.00042 0.00051 0.00060 0.00070 0.00079 0.00088 0.00096 0.00103 0.00110 0.00116 0.00120 0.00122 0.00122 0.00120 0.00113 0.00104 0.00093 0.00085 0.00079 0.00074 0.00067 0.00054 0.00034 0.00012 0.00001 0.00000 0.00000 0.00000 0.00000 0.00000 0.00000 0.00000 0.00000 0.00000 0.00000 0.00000 0.00000
0.00000 -0.00000 -0.00000 -0.00000 -0.00000 -0.00000 -0.00000 0.00000 0.00000 0.00000 0.00000 0.00000 0.00000 0.00000 0.00000 0.00000 0.00000 0.00000 0.00000 0.00001 0.00004 0.00009 0.00016 0.00026 0.00039 0.00053 0.00070 0.00089 0.00109 0.00129 0.00150 0.00171 0.00192 0.00213 0.00233 0.00251 0.00269 0.00285 0.00299 0.00310 0.00318 0.00322 0.00321 0.00315 0.00306 0.00298 0.00290 0.00282 0.00269 0.00247 0.00214 0.00178 0.00152 0.00137 0.00123 0.00103 0.00068 0.00025 0.00003 0.00000 0.00000 0.00000 0.00000 0.00000 0.00000
0.00000 -0.00000 -0.00000 0.00000 -0.00000 -0.00000 0.00000 0.00000 0.00000 0.00000 0.00000 0.00000 0.00000 0.00000 0.00000 0.00000 0.00000 0.00000 0.00003 0.00009 0.00018 0.00031 0.00048 0.00069 0.00094 0.00123 0.00155 0.00190 0.00227 0.00266 0.00306 0.00347 0.00388 0.00429 0.00470 0.00509 0.00548 0.00584 0.00618 0.00649 0.00676 0.00698 0.00713 0.00723 0.00727 0.00729 0.00729 0.00725 0.00714 0.00692 0.00654 0.00610 0.00570 0.00537 0.00505 0.00461 0.00396 0.00321 0.00264 0.00227 0.00195 0.00151 0.00084 0.00022 0.00002
0.00000 -0.00000 -0.00000 -0.00000 -0.00000 -0.00000 0.00000 0.00000 0.00000 0.00000 0.00000 0.00000 0.00000 0.00000 0.00000 0.00000 0.00001 0.00006 0.00015 0.00029 0.00048 0.00074 0.00106 0.00144 0.00188 0.00237 0.00292 0.00352 0.00416 0.00483 0.00554 0.00626 0.00700 0.00775 0.00850 0.00925 0.01000 0.01074 0.01146 0.01215 0.01280 0.01340 0.01393 0.01438 0.01477 0.01510 0.01538 0.01559 0.01571 0.01568 0.01546 0.01511 0.01472 0.01433 0.01390 0.01331 0.01246 0.01143 0.01046 0.00961 0.00877 0.00774 0.00639 0.00507 0.00413
0.00000 -0.00000 -0.00000 -0.00000 -0.00000 0.00000 0.00000 0.00000 0.00000 0.00000 0.00000 0.00000 0.00000 0.00000 0.00000 0.00002 0.00008 0.00020 0.00039 0.00066 0.00102 0.00146 0.00199 0.00261 0.00332 0.00411 0.00499 0.00595 0.00699 0.00808 0.00924 0.01045 0.01170 0.01299 0.01431 0.01566 0.01702 0.01840 0.01978 0.02116 0.02251 0.02381 0.02507 0.02625 0.02735 0.02838 0.02934 0.03021 0.03095 0.03152 0.03187 0.03201 0.03202 0.03194 0.03173 0.03132 0.03058 0.02954 0.02839 0.02721 0.02594 0.02437 0.02239 0.02027 0.01830
0.00000 0.00000 -0.00000 0.00000 0.00000 0.00000 0.00000 0.00000 0.00000 0.00000 0.00000 0.00000 0.00000 0.00000 0.00003 0.00010 0.00025 0.00049 0.00083 0.00128 0.00185 0.00255 0.00338 0.00433 0.00542 0.00663 0.00797 0.00944 0.01104 0.01275 0.01458 0.01651 0.01855 0.02067 0.02289 0.02518 0.02755 0.02998 0.03247 0.03500 0.03756 0.04011 0.04265 0.04515 0.04760 0.04999 0.05230 0.05451 0.05660 0.05849 0.06014 0.06154 0.06272 0.06370 0.06448 0.06497 0.06506 0.06475 0.06413 0.06327 0.06215 0.06061 0.05850 0.05598 0.05329
0.00000 -0.00000 -0.00000 -0.00000 0.00000 0.00000 0.00000 0.00000 0.00000 0.00000 0.00000 0.00000 0.00000 0.00003 0.00012 0.00029 0.00057 0.00097 0.00152 0.00222 0.00309 0.00413 0.00535 0.00675 0.00835 0.01013 0.01211 0.01430 0.01669 0.01928 0.02208 0.02507 0.02827 0.03166 0.03523 0.03899 0.04293 0.04703 0.05128 0.05568 0.06020 0.06481 0.06950 0.07423 0.07899 0.08374 0.08846 0.09313 0.09769 0.10209 0.10627 0.11018 0.11381 0.11719 0.12028 0.12303 0.12532 0.12711 0.12842 0.12930 0.12972 0.12955 0.12866 0.12708 0.12495
0.00000 0.00000 -0.00000 0.00000 0.00000 0.00000 0.00000 0.00000 0.00000 0.00000 0.00000 0.00000 0.00002 0.00011 0.00030 0.00061 0.00107 0.00171 0.00253 0.00356 0.00482 0.00631 0.00805 0.01005 0.01233 0.01488 0.01774 0.02091 0.02440 0.02823 0.03240 0.03693 0.04181 0.04704 0.05263 0.05857 0.06486 0.07148 0.07843 0.08570 0.09326 0.10108 0.10914 0.11740 0.12583 0.13439 0.14305 0.15176 0.16047 0.16910 0.17760 0.18587 0.19390 0.20166 0.20912 0.21621 0.22284 0.22892 0.23442 0.23934 0.24366 0.24725 0.24998 0.25180 0.25274
0.00000 -0.00000 -0.00000 0.00000 0.00000 0.00000 0.00000 0.00000 0.00000 0.00000 0.00000 0.00002 0.00010 0.00029 0.00062 0.00112 0.00182 0.00275 0.00393 0.00539 0.00715 0.00923 0.01166 0.01444 0.01762 0.02121 0.02525 0.02976 0.03477 0.04032 0.04641 0.05308 0.06035 0.06821 0.07667 0.08575 0.09543 0.10572 0.11660 0.12806 0.14007 0.15262 0.16567 0.17917 0.19309 0.20737 0.22196 0.23681 0.25185 0.26700 0.28217 0.29727 0.31224 0.32702 0.34156 0.35580 0.36962 0.38294 0.39567 0.40777 0.41920 0.42984 0.43955 0.44824 0.45586
0.00000 -0.00000 0.00000 0.00000 0.00000 0.00000 0.00000 0.00000 0.00000 0.00000 0.00001 0.00008 0.00026 0.00059 0.00111 0.00185 0.00286 0.00417 0.00581 0.00782 0.01022 0.01305 0.01636 0.02017 0.02454 0.02951 0.03513 0.04145 0.04853 0.05640 0.06513 0.07475 0.08528 0.09677 0.10922 0.12264 0.13704 0.15242 0.16877 0.18607 0.20431 0.22346 0.24348 0.26431 0.28591 0.30820 0.33114 0.35464 0.37862 0.40299 0.42764 0.45246 0.47736 0.50225 0.52705 0.55169 0.57605 0.60001 0.62348 0.64637 0.66860 0.69005 0.71059 0.73009 0.74844
0.00000 -0.00000 0.00000 0.00000 0.00000 0.00000 0.00000 0.00000 0.00000 0.00000 0.00006 0.00022 0.00054 0.00105 0.00181 0.00287 0.00426 0.00604 0.00825 0.01094 0.01415 0.01795 0.02239 0.02753 0.03345 0.04023 0.04794 0.05667 0.06649 0.07749 0.08973 0.10329 0.11821 0.13454 0.15231 0.17155 0.19225 0.21443 0.23807 0.26316 0.28967 0.31758 0.34682 0.37735 0.40910 0.44199 0.47593 0.51084 0.54660 0.58311 0.62025 0.65787 0.69586 0.73410 0.77248 0.81089 0.84922 0.88732 0.92507 0.96234 0.99905 1.03503 1.07016 1.10427 1.13724
0.00000 0.00000 0.00000 0.00000 0.00000 0.00000 0.00000 0.00000 0.00000 0.00004 0.00017 0.00046 0.00095 0.00171 0.00277 0.00421 0.00608 0.00844 0.01135 0.01489 0.01911 0.02412 0.03000 0.03685 0.04478 0.05389 0.06432 0.07618 0.08959 0.10465 0.12148 0.14017 0.16079 0.18341 0.20808 0.23481 0.26363 0.29453 0.32750 0.36252 0.39956 0.43856 0.47946 0.52221 0.56670 0.61284 0.66053 0.70965 0.76007 0.81165 0.86426 0.91772 0.97189 1.02661 1.08174 1.13714 1.19267 1.24818 1.30351 1.35850 1.41301 1.46689 1.51995 1.57205 1.62300
0.00000 0.00000 0.00000 0.00000 0.00000 0.00000 0.00000 0.00000 0.00001 0.00012 0.00037 0.00082 0.00154 0.00258 0.00403 0.00593 0.00838 0.01145 0.01522 0.01980 0.02529 0.03181 0.03950 0.04850 0.05897 0.07107 0.08497 0.10082 0.11879 0.13904 0.16170 0.18689 0.21472 0.24525 0.27856 0.31466 0.35356 0.39527 0.43975 0.48696 0.53685 0.58936 0.64440 0.70189 0.76171 0.82376 0.88788 0.95395 1.02179 1.09126 1.16217 1.23435 1.30759 1.38173 1.45657 1.53195 1.60770 1.68363 1.75955 1.83528 1.91064 1.98546 2.05954 2.13269 2.20470
0.00000 0.00000 0.00000 0.00000 0.00000 0.00000 0.00000 0.00000 0.00007 0.00027 0.00066 0.00132 0.00231 0.00372 0.00562 0.00809 0.01124 0.01517 0.01999 0.02584 0.03288 0.04127 0.05122 0.06291 0.07656 0.09239 0.11062 0.13147 0.15515 0.18185 0.21173 0.24496 0.28164 0.32187 0.36570 0.41316 0.46424 0.51891 0.57714 0.63884 0.70396 0.77239 0.84404 0.91877 0.99647 1.07698 1.16015 1.24579 1.33374 1.42380 1.51576 1.60941 1.70455 1.80094 1.89838 1.99666 2.09556 2.19489 2.29443 2.39398 2.49332 2.59224 2.69055 2.78800 2.88442
0.00000 0.00000 0.00000 0.00000 0.00000 0.00000 0.00000 0.00003 0.00017 0.00049 0.00107 0.00198 0.00331 0.00514 0.00759 0.01074 0.01473 0.01968 0.02577 0.03318 0.04212 0.05282 0.06553 0.08054 0.09812 0.11855 0.14213 0.16913 0.19979 0.23436 0.27303 0.31598 0.36333 0.41517 0.47155 0.53247 0.59790 0.66780 0.74208 0.82065 0.90339 0.99021 1.08094 1.17545 1.27358 1.37516 1.48000 1.58792 1.69872 1.81215 1.92802 2.04608 2.16608 2.28779 2.41098 2.53539 2.66081 2.78702 2.91378 3.04087 3.16806 3.29518 3.42199 3.54833 3.67404
0.00000 0.00000 0.00000 0.00000 0.00000 0.00000 0.00001 0.00009 0.00034 0.00081 0.00161 0.00282 0.00454 0.00689 0.00997 0.01392 0.01891 0.02510 0.03272 0.04202 0.05326 0.06678 0.08289 0.10195 0.12434 0.15040 0.18049 0.21494 0.25407 0.29813 0.34735 0.40192 0.46196 0.52754 0.59870 0.67540 0.75758 0.84517 0.93804 1.03606 1.13908 1.24695 1.35951 1.47660 1.59802 1.72361 1.85316 1.98646 2.12330 2.26345 2.40669 2.55275 2.70142 2.85246 3.00561 3.16068 3.31745 3.47573 3.63536 3.79620 3.95819 4.12130 4.28561 4.45122 4.61775
0.00000 0.00000 0.00000 0.00000 0.00000 0.00000 0.00004 0.00020 0.00057 0.00123 0.00229 0.00385 0.00603 0.00897 0.01279 0.01769 0.02385 0.03153 0.04099 0.05256 0.06661 0.08355 0.10380 0.12781 0.15605 0.18896 0.22696 0.27046 0.31981 0.37531 0.43720 0.50566 0.58081 0.66271 0.75135 0.84666 0.94855 1.05687 1.17149 1.29221 1.41887 1.55129 1.68929 1.83268 1.98131 2.13497 2.29349 2.45669 2.62437 2.79639 2.97254 3.15271 3.33678 3.52465 3.71634 3.91193 4.11165 4.31526 4.51966 4.72282 4.92347 5.12051 5.31280 5.49912 5.67873
0.00000 0.00000 0.00000 0.00000 0.00000 0.00000 0.00009 0.00035 0.00086 0.00175 0.00311 0.00507 0.00778 0.01139 0.01609 0.02208 0.02963 0.03906 0.05072 0.06504 0.08249 0.10359 0.12889 0.15896 0.19437 0.23565 0.28334 0.33790 0.39973 0.46919 0.54651 0.63191 0.72547 0.82722 0.93713 1.05510 1.18100 1.31465 1.45586 1.60446 1.76026 1.92309 2.09283 2.26936 2.45260 2.64256 2.83925 3.04284 3.25361 3.47201 3.69664 3.92449 4.15397 4.38383 4.61282 4.83966 5.06287 5.28143 5.49706 5.71049 5.92159 6.13002 6.33534 6.53722 6.73523
0.00000 0.00000 0.00000 0.00000 0.00000 0.00002 0.00017 0.00054 0.00123 0.00236 0.00406 0.00648 0.00978 0.01417 0.01985 0.02712 0.03630 0.04780 0.06209 0.07972 0.10129 0.12748 0.15899 0.19652 0.24079 0.29249 0.35226 0.42066 0.49819 0.58526 0.68218 0.78918 0.90639 1.03389 1.17166 1.31968 1.47787 1.64622 1.82471 2.01349 2.21282 2.42323 2.64359 2.87120 3.10450 3.34225 3.58322 3.82607 4.06930 4.31116 4.55168 4.79245 5.03359 5.27483 5.51576 5.75592 5.99486 6.23213 6.46730 6.70002 6.92986 7.15644 7.37942 7.59841 7.81308
0.00000 0.00000 0.00000 0.00000 0.00000 0.00005 0.00027 0.00076 0.00165 0.00305 0.00513 0.00805 0.01202 0.01727 0.02409 0.03282 0.04390 0.05785 0.07528 0.09691 0.12353 0.15599 0.19522 0.24213 0.29768 0.36276 0.43824 0.52490 0.62347 0.73462 0.85897 0.99710 1.14965 1.31734 1.50039 1.69695 1.90551 2.12467 2.35288 2.58842 2.82935 3.07339 3.31996 3.56999 3.82330 4.07943 4.33783 4.59797 4.85935 5.12149 5.38392 5.64630 5.90823 6.16932 6.42920 6.68748 6.94379 7.19775 7.44901 7.69725 7.94210 8.18327 8.42042 8.65323 8.88141
0.00000 0.00000 0.00000 0.00000 0.00000 0.00010 0.00041 0.00104 0.00212 0.00382 0.00631 0.00979 0.01449 0.02072 0.02882 0.03925 0.05256 0.06944 0.09069 0.11725 0.15020 0.19071 0.24006 0.29960 0.37075 0.45501 0.55389 0.66838 0.79907 0.94626 1.10984 1.28920 1.48316 1.68995 1.90780 2.13663 2.37565 2.62378 2.87982 3.14258 3.41095 3.68389 3.96044 4.23980 4.52122 4.80407 5.08774 5.37172 5.65553 5.93877 6.22109 6.50215 6.78164 7.05929 7.33482 7.60789 7.87827 8.14567 8.40984 8.67050 8.92741 9.18029 9.42891 9.67295 9.91222
0.00000 0.00000 0.00000 0.00000 0.00002 0.00018 0.00058 0.00138 0.00271 0.00476 0.00774 0.01189 0.01750 0.02495 0.03470 0.04734 0.06359 0.08439 0.11082 0.14416 0.18586 0.23749 0.30070 0.37709 0.46810 0.57485 0.69804 0.83834 0.99617 1.17147 1.36385 1.57256 1.79663 2.03488 2.28599 2.54860 2.82127 3.10257 3.39109 3.68546 3.98445 4.28686 4.59169 4.89797 5.20494 5.51190 5.81822 6.12339 6.42704 6.72875 7.02827 7.32536 7.61979 7.91139 8.19994 8.48530 8.76730 9.04575 9.32053 9.59143 9.85829 10.12093 10.37912 10.63271 10.88145
0.00000 0.00000 0.00000 0.00000 0.00005 0.00027 0.00080 0.00177 0.00336 0.00578 0.00925 0.01409 0.02065 0.02938 0.04087 0.05585 0.07524 0.10018 0.13199 0.17222 0.22255 0.28477 0.36068 0.45199 0.56020 0.68653 0.83181 0.99650 1.18061 1.38375 1.60517 1.84382 2.09842 2.36752 2.64956 2.94294 3.24602 3.55718 3.87486 4.19757 4.52392 4.85264 5.18259 5.51277 5.84232 6.17049 6.49666 6.82038 7.14123 7.45894 7.77327 8.08408 8.39124 8.69465 8.99427 9.29004 9.58187 9.86974 10.15356 10.43326 10.70874 10.97986 11.24653 11.50858 11.76587
