tests/data/gray99/saval2D/outputs/resuh5.asc
north:     17.44
south:      0.00
east:      60.51
west:       0.00
rows:   68
cols:  236
[rows 0 to 28 of 68, columns 0 to 66 of 236]
0.00001 0.00001 0.00001 0.00001 0.00001 0.00001 0.00001 0.00001 0.00001 0.00001 0.00001 0.00001 0.00001 0.00001 0.00001 0.00001 0.00001 0.00001 0.00001 0.00001 0.00001 0.00001 0.00001 0.00001 0.00001 0.00001 0.00001 0.00001 0.00001 0.00001 0.00001 0.00001 0.00001 0.00001 0.00001 0.00001 0.00001 0.00001 0.00001 0.00001 0.00001 0.00001 0.00001 0.00001 0.00001 0.00001 0.00001 0.00001 0.00001 0.00001 0.00001 0.00001 0.00001 0.00001 0.00001 0.00001 0.00001 0.00001 0.00001 0.00001 0.00001 0.00001 0.00001 0.00001 0.00001 0.00001 0.00001
0.00001 0.00001 0.00001 0.00001 0.00001 0.00001 0.00001 0.00001 0.00001 0.00001 0.00001 0.00001 0.00001 0.00001 0.00001 0.00001 0.00001 0.00001 0.00001 0.00001 0.00001 0.00001 0.00001 0.00001 0.00001 0.00001 0.00001 0.00001 0.00001 0.00001 0.00001 0.00001 0.00001 0.00001 0.00001 0.00001 0.00001 0.00001 0.00001 0.00001 0.00001 0.00001 0.00001 0.00001 0.00001 0.00001 0.00001 0.00001 0.00001 0.00001 0.00001 0.00001 0.00001 0.00001 0.00001 0.00001 0.00001 0.00001 0.00001 0.00001 0.00001 0.00001 0.00001 0.00001 0.00001 0.00001 0.00001
0.00001 0.00001 0.00001 0.00001 0.00001 0.00001 0.00001 0.00001 0.00001 0.00001 0.00001 0.00001 0.00001 0.00001 0.00001 0.00001 0.00001 0.00001 0.00001 0.00001 0.00001 0.00001 0.00001 0.00001 0.00001 0.00001 0.00001 0.00001 0.00001 0.00001 0.00001 0.00001 0.00001 0.00001 0.00001 0.00001 0.00001 0.00001 0.00001 0.00001 0.00001 0.00001 0.00001 0.00001 0.00001 0.00001 0.00001 0.00001 0.00001 0.00001 0.00001 0.00001 0.00001 0.00001 0.00001 0.00001 0.00001 0.00001 0.00001 0.00001 0.00001 0.00001 0.00001 0.00001 0.00001 0.00001 0.00001
0.00001 0.00001 0.00001 0.00001 0.00001 0.00001 0.00001 0.00001 0.00001 0.00001 0.00001 0.00001 0.00001 0.00001 0.00001 0.00001 0.00001 0.00001 0.00001 0.00001 0.00001 0.00001 0.00001 0.00001 0.00001 0.00001 0.00001 0.00001 0.00001 0.00001 0.00001 0.00001 0.00001 0.00001 0.00001 0.00001 0.00001 0.00001 0.00001 0.00001 0.00001 0.00001 0.00001 0.00001 0.00001 0.00001 0.00001 0.00001 0.00001 0.00001 0.00001 0.00001 0.00001 0.00001 0.00001 0.00001 0.00001 0.00001 0.00001 0.00001 0.00001 0.00001 0.00001 0.00001 0.00001 0.00001 0.00001
0.00001 0.00001 0.00001 0.00001 0.00001 0.00001 0.00001 0.00001 0.00001 0.00001 0.00001 0.00001 0.00001 0.00001 0.00001 0.00001 0.00001 0.00001 0.00001 0.00001 0.00001 0.00001 0.00001 0.00001 0.00001 0.00001 0.00001 0.00002 0.00003 0.00006 0.00010 0.00014 0.00019 0.00022 0.00024 0.00023 0.00019 0.00013 0.00007 0.00004 0.00002 0.00001 0.00001 0.00001 0.00001 0.00001 0.00001 0.00001 0.00001 0.00001 0.00001 0.00001 0.00001 0.00001 0.00001 0.00001 0.00001 0.00001 0.00001 0.00001 0.00001 0.00001 0.00001 0.00001 0.00001 0.00001 0.00001
0.00001 0.00001 0.00001 0.00001 0.00001 0.00001 0.00001 0.00001 0.00001 0.00001 0.00001 0.00001 0.00001 0.00001 0.00001 0.00001 0.00001 0.00001 0.00001 0.00001 0.00001 0.00001 0.00001 0.00003 0.00013 0.00034 0.00059 0.00085 0.00111 0.00135 0.00158 0.00180 0.00200 0.00219 0.00236 0.00249 0.00259 0.00265 0.00267 0.00262 0.00248 0.00221 0.00179 0.00123 0.00066 0.00024 0.00006 0.00002 0.00001 0.00001 0.00001 0.00001 0.00001 0.00001 0.00001 0.00001 0.00001 0.00001 0.00001 0.00001 0.00001 0.00001 0.00001 0.00001 0.00001 0.00001 0.00001
0.00001 0.00001 0.00001 0.00001 0.00001 0.00001 0.00001 0.00001 0.00001 0.00001 0.00001 0.00001 0.00001 0.00001 0.00001 0.00001 0.00001 0.00001 0.00001 0.00001 0.00002 0.00013 0.00040 0.00076 0.00117 0.00161 0.00210 0.00260 0.00310 0.00359 0.00407 0.00454 0.00499 0.00542 0.00582 0.00619 0.00651 0.00679 0.00699 0.00712 0.00714 0.00703 0.00680 0.00647 0.00615 0.00588 0.00561 0.00523 0.00458 0.00347 0.00192 0.00058 0.00007 0.00001 0.00001 0.00001 0.00001 0.00001 0.00001 0.00001 0.00001 0.00001 0.00001 0.00001 0.00001 0.00001 0.00001
0.00001 0.00001 0.00001 0.00001 0.00001 0.00001 0.00001 0.00001 0.00001 0.00001 0.00001 0.00001 0.00001 0.00001 0.00001 0.00001 0.00001 0.00001 0.00001 0.00016 0.00056 0.00102 0.00156 0.00218 0.00288 0.00363 0.00443 0.00526 0.00611 0.00696 0.00781 0.00864 0.00947 0.01028 0.01107 0.01183 0.01256 0.01322 0.01382 0.01434 0.01474 0.01501 0.01515 0.01517 0.01512 0.01502 0.01484 0.01448 0.01382 0.01278 0.01151 0.01044 0.00964 0.00885 0.00772 0.00578 0.00298 0.00074 0.00006 0.00001 0.00001 0.00001 0.00001 0.00001 0.00001 0.00001 0.00001
0.00001 0.00001 0.00001 0.00001 0.00001 0.00001 0.00001 0.00001 0.00001 0.00001 0.00001 0.00001 0.00001 0.00001 0.00001 0.00001 0.00001 0.00006 0.00045 0.00097 0.00164 0.00242 0.00330 0.00427 0.00534 0.00649 0.00771 0.00899 0.01032 0.01168 0.01307 0.01447 0.01589 0.01732 0.01875 0.02018 0.02158 0.02295 0.02426 0.02550 0.02663 0.02763 0.02848 0.02918 0.02975 0.03019 0.03046 0.03050 0.03020 0.02952 0.02856 0.02754 0.02654 0.02540 0.02383 0.02156 0.01885 0.01656 0.01477 0.01292 0.01025 0.00623 0.00214 0.00028 0.00002 0.00001 0.00001
0.00001 0.00001 0.00001 0.00001 0.00001 0.00001 0.00001 0.00001 0.00001 0.00001 0.00001 0.00001 0.00001 0.00001 0.00001 0.00001 0.00017 0.00069 0.00137 0.00222 0.00323 0.00439 0.00568 0.00709 0.00863 0.01030 0.01209 0.01399 0.01601 0.01813 0.02033 0.02263 0.02499 0.02743 0.02992 0.03245 0.03502 0.03759 0.04015 0.04265 0.04507 0.04736 0.04950 0.05146 0.05323 0.05479 0.05612 0.05713 0.05776 0.05795 0.05774 0.05726 0.05656 0.05558 0.05408 0.05188 0.04913 0.04630 0.04349 0.04037 0.03636 0.03144 0.02677 0.02305 0.01950 0.01489 0.00865
0.00001 0.00001 0.00001 0.00001 0.00001 0.00001 0.00001 0.00001 0.00001 0.00001 0.00001 0.00001 0.00001 0.00001 0.00001 0.00030 0.00089 0.00171 0.00273 0.00395 0.00537 0.00698 0.00877 0.01074 0.01290 0.01527 0.01785 0.02065 0.02367 0.02691 0.03036 0.03401 0.03785 0.04186 0.04603 0.05032 0.05471 0.05918 0.06368 0.06817 0.07261 0.07694 0.08110 0.08506 0.08879 0.09224 0.09537 0.09813 0.10043 0.10222 0.10350 0.10433 0.10476 0.10474 0.10412 0.10273 0.10063 0.09805 0.09510 0.09156 0.08705 0.08157 0.07572 0.06987 0.06357 0.05608 0.04754
0.00001 0.00001 0.00001 0.00001 0.00001 0.00001 0.00001 0.00001 0.00001 0.00001 0.00001 0.00001 0.00001 0.00001 0.00037 0.00103 0.00196 0.00314 0.00456 0.00622 0.00813 0.01029 0.01270 0.01540 0.01840 0.02173 0.02542 0.02950 0.03397 0.03884 0.04410 0.04972 0.05568 0.06195 0.06848 0.07524 0.08219 0.08926 0.09642 0.10361 0.11075 0.11778 0.12463 0.13124 0.13756 0.14355 0.14914 0.15429 0.15892 0.16297 0.16642 0.16931 0.17166 0.17343 0.17453 0.17483 0.17433 0.17313 0.17128 0.16867 0.16506 0.16038 0.15489 0.14877 0.14177 0.13342 0.12385
0.00001 0.00001 0.00001 0.00001 0.00001 0.00001 0.00001 0.00001 0.00001 0.00001 0.00001 0.00001 0.00001 0.00038 0.00109 0.00210 0.00341 0.00501 0.00689 0.00908 0.01159 0.01445 0.01769 0.02135 0.02550 0.03017 0.03540 0.04124 0.04770 0.05478 0.06245 0.07066 0.07937 0.08851 0.09801 0.10781 0.11783 0.12801 0.13827 0.14855 0.15875 0.16882 0.17866 0.18821 0.19740 0.20619 0.21451 0.22232 0.22955 0.23614 0.24209 0.24738 0.25203 0.25604 0.25932 0.26180 0.26345 0.26430 0.26439 0.26365 0.26193 0.25918 0.25547 0.25090 0.24531 0.23846 0.23037
0.00001 0.00001 0.00001 0.00001 0.00001 0.00001 0.00001 0.00001 0.00001 0.00001 0.00001 0.00001 0.00033 0.00106 0.00212 0.00352 0.00525 0.00733 0.00977 0.01261 0.01588 0.01965 0.02399 0.02897 0.03465 0.04111 0.04839 0.05652 0.06550 0.07532 0.08591 0.09719 0.10907 0.12144 0.13420 0.14726 0.16052 0.17389 0.18730 0.20066 0.21389 0.22691 0.23964 0.25200 0.26395 0.27541 0.28634 0.29670 0.30643 0.31548 0.32383 0.33148 0.33842 0.34464 0.35012 0.35479 0.35862 0.36162 0.36380 0.36512 0.36551 0.36491 0.36335 0.36085 0.35736 0.35275 0.34701
0.00001 0.00001 0.00001 0.00001 0.00001 0.00001 0.00001 0.00001 0.00001 0.00001 0.00001 0.00023 0.00096 0.00203 0.00347 0.00529 0.00751 0.01015 0.01326 0.01691 0.02117 0.02614 0.03192 0.03860 0.04627 0.05499 0.06479 0.07567 0.08760 0.10052 0.11430 0.12884 0.14399 0.15960 0.17556 0.19174 0.20804 0.22437 0.24064 0.25677 0.27269 0.28832 0.30359 0.31843 0.33278 0.34661 0.35984 0.37246 0.38440 0.39564 0.40615 0.41591 0.42492 0.43318 0.44066 0.44732 0.45313 0.45810 0.46220 0.46543 0.46775 0.46910 0.46950 0.46894 0.46739 0.46480 0.46114
0.00001 0.00001 0.00001 0.00001 0.00001 0.00001 0.00001 0.00001 0.00001 0.00001 0.00010 0.00080 0.00185 0.00329 0.00515 0.00744 0.01021 0.01352 0.01746 0.02212 0.02763 0.03413 0.04172 0.05052 0.06058 0.07195 0.08462 0.09854 0.11361 0.12972 0.14670 0.16438 0.18260 0.20120 0.22003 0.23897 0.25792 0.27679 0.29550 0.31398 0.33217 0.35000 0.36742 0.38435 0.40076 0.41660 0.43182 0.44638 0.46026 0.47341 0.48581 0.49745 0.50831 0.51838 0.52765 0.53610 0.54369 0.55041 0.55627 0.56123 0.56527 0.56837 0.57051 0.57169 0.57187 0.57104 0.56917
0.00001 0.00001 0.00001 0.00001 0.00001 0.00001 0.00001 0.00001 0.00001 0.00002 0.00062 0.00161 0.00301 0.00485 0.00715 0.00998 0.01340 0.01752 0.02247 0.02839 0.03545 0.04379 0.05354 0.06477 0.07753 0.09179 0.10747 0.12447 0.14263 0.16177 0.18169 0.20221 0.22313 0.24430 0.26558 0.28685 0.30801 0.32900 0.34974 0.37019 0.39027 0.40996 0.42918 0.44789 0.46606 0.48362 0.50056 0.51683 0.53239 0.54723 0.56131 0.57461 0.58713 0.59885 0.60976 0.61982 0.62904 0.63738 0.64484 0.65140 0.65705 0.66175 0.66551 0.66829 0.67010 0.67088 0.67065
0.00001 0.00001 0.00001 0.00001 0.00001 0.00001 0.00001 0.00001 0.00001 0.00041 0.00130 0.00263 0.00441 0.00669 0.00951 0.01296 0.01715 0.02224 0.02840 0.03583 0.04471 0.05518 0.06734 0.08122 0.09680 0.11398 0.13262 0.15253 0.17352 0.19537 0.21787 0.24082 0.26403 0.28735 0.31066 0.33385 0.35686 0.37960 0.40204 0.42413 0.44582 0.46707 0.48784 0.50808 0.52776 0.54683 0.56527 0.58304 0.60011 0.61646 0.63205 0.64687 0.66090 0.67412 0.68653 0.69811 0.70883 0.71868 0.72766 0.73574 0.74290 0.74912 0.75429 0.75840 0.76142 0.76333 0.76411
0.00001 0.00001 0.00001 0.00001 0.00001 0.00001 0.00001 0.00001 0.00018 0.00096 0.00217 0.00386 0.00606 0.00881 0.01222 0.01639 0.02150 0.02775 0.03535 0.04452 0.05545 0.06824 0.08296 0.09955 0.11792 0.13790 0.15927 0.18182 0.20529 0.22948 0.25416 0.27914 0.30425 0.32936 0.35435 0.37915 0.40368 0.42790 0.45176 0.47524 0.49830 0.52089 0.54299 0.56456 0.58557 0.60598 0.62575 0.64487 0.66329 0.68099 0.69795 0.71415 0.72957 0.74419 0.75800 0.77097 0.78302 0.79410 0.80419 0.81328 0.82133 0.82837 0.83443 0.83952 0.84361 0.84670 0.84876
0.00001 0.00001 0.00001 0.00001 0.00001 0.00001 0.00001 0.00003 0.00063 0.00169 0.00323 0.00530 0.00794 0.01124 0.01531 0.02033 0.02651 0.03411 0.04335 0.05447 0.06762 0.08285 0.10016 0.11941 0.14043 0.16298 0.18682 0.21167 0.23730 0.26348 0.29000 0.31669 0.34339 0.36999 0.39639 0.42252 0.44833 0.47379 0.49886 0.52352 0.54774 0.57149 0.59475 0.61747 0.63965 0.66122 0.68218 0.70249 0.72212 0.74105 0.75918 0.77645 0.79282 0.80827 0.82279 0.83636 0.84904 0.86085 0.87178 0.88180 0.89092 0.89912 0.90638 0.91269 0.91804 0.92240 0.92578
0.00001 0.00001 0.00001 0.00001 0.00001 0.00001 0.00001 0.00034 0.00121 0.00257 0.00446 0.00693 0.01006 0.01397 0.01881 0.02480 0.03223 0.04135 0.05242 0.06565 0.08112 0.09885 0.11871 0.14051 0.16401 0.18892 0.21495 0.24184 0.26935 0.29725 0.32535 0.35350 0.38156 0.40942 0.43702 0.46428 0.49118 0.51769 0.54378 0.56944 0.59465 0.61939 0.64364 0.66736 0.69052 0.71301 0.73473 0.75565 0.77574 0.79497 0.81339 0.83103 0.84788 0.86393 0.87917 0.89359 0.90718 0.91993 0.93182 0.94286 0.95301 0.96228 0.97065 0.97810 0.98464 0.99023 0.99486
0.00001 0.00001 0.00001 0.00001 0.00001 0.00001 0.00009 0.00075 0.00190 0.00357 0.00583 0.00875 0.01241 0.01700 0.02271 0.02983 0.03865 0.04948 0.06254 0.07800 0.09588 0.11611 0.13848 0.16273 0.18856 0.21566 0.24371 0.27246 0.30166 0.33111 0.36063 0.39008 0.41934 0.44832 0.47696 0.50521 0.53304 0.56045 0.58741 0.61391 0.63984 0.66509 0.68964 0.71346 0.73653 0.75890 0.78062 0.80167 0.82203 0.84167 0.86059 0.87877 0.89619 0.91286 0.92874 0.94385 0.95817 0.97168 0.98438 0.99626 1.00732 1.01753 1.02690 1.03540 1.04303 1.04977 1.05560
0.00001 0.00001 0.00001 0.00001 0.00001 0.00001 0.00036 0.00126 0.00269 0.00469 0.00734 0.01072 0.01498 0.02033 0.02703 0.03540 0.04579 0.05848 0.07368 0.09149 0.11185 0.13460 0.15947 0.18613 0.21423 0.24344 0.27345 0.30399 0.33482 0.36575 0.39663 0.42731 0.45771 0.48773 0.51733 0.54636 0.57469 0.60229 0.62916 0.65527 0.68073 0.70560 0.72989 0.75359 0.77670 0.79919 0.82105 0.84226 0.86281 0.88268 0.90186 0.92034 0.93811 0.95515 0.97146 0.98703 1.00185 1.01593 1.02925 1.04181 1.05359 1.06460 1.07482 1.08424 1.09284 1.10061 1.10755
0.00001 0.00001 0.00001 0.00001 0.00001 0.00006 0.00070 0.00185 0.00356 0.00590 0.00895 0.01284 0.01775 0.02394 0.03175 0.04152 0.05363 0.06834 0.08583 0.10611 0.12905 0.15440 0.18182 0.21093 0.24136 0.27274 0.30477 0.33717 0.36972 0.40222 0.43438 0.46597 0.49684 0.52692 0.55615 0.58462 0.61241 0.63955 0.66605 0.69194 0.71722 0.74192 0.76603 0.78956 0.81250 0.83485 0.85658 0.87770 0.89818 0.91803 0.93722 0.95574 0.97359 0.99077 1.00726 1.02306 1.03818 1.05261 1.06633 1.07936 1.09168 1.10330 1.11419 1.12436 1.13379 1.14248 1.15040
0.00001 0.00001 0.00001 0.00001 0.00001 0.00022 0.00108 0.00247 0.00448 0.00717 0.01065 0.01508 0.02070 0.02783 0.03685 0.04817 0.06214 0.07904 0.09897 0.12188 0.14755 0.17566 0.20580 0.23755 0.27051 0.30424 0.33819 0.37198 0.40532 0.43800 0.46998 0.50129 0.53187 0.56170 0.59077 0.61909 0.64667 0.67354 0.69972 0.72526 0.75016 0.77447 0.79818 0.82131 0.84385 0.86582 0.88720 0.90799 0.92818 0.94776 0.96672 0.98506 1.00277 1.01984 1.03629 1.05210 1.06728 1.08183 1.09574 1.10903 1.12168 1.13369 1.14507 1.15581 1.16590 1.17534 1.18410
0.00001 0.00001 0.00001 0.00001 0.00001 0.00043 0.00148 0.00312 0.00542 0.00847 0.01240 0.01742 0.02381 0.03197 0.04233 0.05533 0.07135 0.09062 0.11321 0.13898 0.16764 0.19870 0.23147 0.26536 0.29978 0.33432 0.36877 0.40292 0.43657 0.46957 0.50182 0.53326 0.56384 0.59356 0.62242 0.65044 0.67765 0.70409 0.72981 0.75484 0.77922 0.80297 0.82611 0.84867 0.87066 0.89208 0.91293 0.93321 0.95292 0.97205 0.99059 1.00854 1.02592 1.04270 1.05890 1.07452 1.08956 1.10402 1.11792 1.13125 1.14402 1.15623 1.16789 1.17900 1.18955 1.19953 1.20895
0.00001 0.00001 0.00001 0.00001 0.00004 0.00071 0.00195 0.00382 0.00641 0.00983 0.01423 0.01988 0.02713 0.03644 0.04829 0.06318 0.08148 0.10331 0.12855 0.15684 0.18762 0.22032 0.25444 0.28949 0.32501 0.36058 0.39591 0.43073 0.46487 0.49817 0.53057 0.56200 0.59245 0.62193 0.65045 0.67807 0.70481 0.73074 0.75590 0.78033 0.80408 0.82719 0.84968 0.87159 0.89293 0.91370 0.93391 0.95358 0.97268 0.99124 1.00924 1.02668 1.04358 1.05993 1.07573 1.09100 1.10574 1.11995 1.13365 1.14685 1.15955 1.17177 1.18352 1.19478 1.20559 1.21592 1.22578
0.00001 0.00001 0.00001 0.00001 0.00018 0.00105 0.00250 0.00462 0.00752 0.01134 0.01628 0.02264 0.03084 0.04136 0.05471 0.07131 0.09141 0.11507 0.14210 0.17212 0.20458 0.23891 0.27451 0.31085 0.34744 0.38390 0.41991 0.45523 0.48969 0.52315 0.55556 0.58688 0.61710 0.64626 0.67439 0.70154 0.72776 0.75313 0.77769 0.80150 0.82461 0.84706 0.86889 0.89012 0.91078 0.93089 0.95044 0.96945 0.98792 1.00585 1.02326 1.04014 1.05649 1.07233 1.08766 1.10248 1.11682 1.13067 1.14406 1.15699 1.16949 1.18156 1.19321 1.20446 1.21532 1.22580 1.23590
0.00001 0.00001 0.00001 0.00001 0.00038 0.00142 0.00308 0.00544 0.00863 0.01280 0.01820 0.02517 0.03414 0.04564 0.06016 0.07812 0.09974 0.12502 0.15371 0.18534 0.21933 0.25504 0.29186 0.32922 0.36666 0.40377 0.44026 0.47590 0.51053 0.54403 0.57635 0.60748 0.63743 0.66623 0.69393 0.72061 0.74632 0.77113 0.79512 0.81834 0.84084 0.86268 0.88389 0.90449 0.92453 0.94400 0.96293 0.98133 0.99920 1.01655 1.03338 1.04970 1.06552 1.08084 1.09568 1.11005 1.12395 1.13740 1.15042 1.16302 1.17522 1.18703 1.19848 1.20958 1.22035 1.23080 1.24095
