tests/data/gray99/saval2D/outputs/resuqv8.asc
north:     17.44
south:      0.00
east:      60.51
west:       0.00
rows:   68
cols:  236
[rows 0 to 28 of 68, columns 65 to 129 of 236]
0.00000 0.00000 0.00000 0.00000 0.00000 0.00000 0.00000 0.00000 0.00000 0.00000 0.00000 0.00000 0.00000 0.00000 0.00000 0.00000 0.00000 0.00000 0.00000 0.00000 0.00000 0.00000 0.00000 0.00000 0.00000 0.00000 0.00000 0.00000 0.00000 0.00000 0.00000 0.00000 0.00000 0.00000 0.00000 0.00000 0.00000 0.00000 0.00000 0.00000 0.00000 0.00000 0.00000 0.00000 0.00000 0.00000 0.00000 0.00000 0.00000 0.00000 0.00000 0.00000 0.00000 0.00000 0.00000 0.00000 0.00000 0.00000 0.00000 0.00000 0.00000 0.00000 0.00000 0.00000 0.00000
0.00000 0.00000 0.00000 0.00000 0.00000 0.00000 0.00000 0.00000 0.00000 0.00000 0.00000 0.00000 0.00000 0.00000 0.00000 0.00000 0.00000 0.00000 0.00000 0.00000 0.00000 0.00000 0.00000 0.00000 0.00000 0.00000 0.00000 0.00000 0.00000 0.00000 0.00000 0.00000 0.00000 0.00000 0.00000 0.00000 0.00000 0.00000 0.00000 0.00000 0.00000 0.00000 0.00000 0.00000 0.00000 0.00000 0.00000 0.00000 0.00000 0.00000 0.00000 0.00000 0.00000 0.00000 0.00000 0.00000 0.00000 0.00000 0.00000 0.00000 0.00000 0.00000 0.00000 0.00000 0.00000
0.00000 0.00000 0.00000 0.00000 0.00000 0.00000 0.00000 0.00000 0.00000 0.00000 0.00000 0.00000 0.00000 0.00000 0.00000 0.00000 0.00000 0.00000 0.00000 0.00000 0.00000 0.00000 0.00000 0.00000 0.00000 0.00000 0.00000 0.00000 0.00000 0.00000 0.00000 0.00000 0.00000 0.00000 0.00000 0.00000 0.00000 0.00000 0.00000 0.00000 0.00000 0.00000 0.00000 0.00000 0.00000 0.00000 0.00000 0.00000 0.00000 0.00000 0.00000 0.00000 0.00000 0.00000 0.00000 0.00000 0.00000 0.00000 0.00000 0.00000 0.00000 0.00000 0.00000 0.00000 0.00000
0.00000 0.00000 0.00000 0.00000 0.00000 0.00000 0.00000 0.00000 0.00000 0.00000 0.00000 0.00000 0.00000 0.00000 0.00000 0.00000 0.00000 0.00000 0.00000 0.00000 0.00000 0.00000 0.00000 0.00000 0.00000 0.00000 0.00000 0.00000 0.00000 0.00000 0.00000 0.00000 0.00000 0.00000 0.00000 0.00000 0.00000 0.00000 0.00000 0.00000 0.00000 0.00000 0.00000 0.00000 0.00000 0.00000 0.00000 0.00000 0.00000 0.00000 0.00000 0.00000 0.00000 0.00000 0.00000 0.00000 0.00000 0.00000 0.00000 0.00000 0.00000 0.00000 0.00000 0.00000 0.00000
0.00000 0.00000 0.00000 0.00000 0.00000 0.00000 0.00000 0.00000 0.00000 0.00000 0.00000 0.00000 0.00000 0.00000 0.00000 0.00000 0.00000 0.00000 0.00000 0.00000 0.00000 0.00000 0.00000 0.00000 0.00000 0.00000 0.00000 0.00000 0.00000 0.00000 0.00000 0.00000 0.00000 0.00000 0.00000 0.00000 0.00000 0.00000 0.00000 0.00000 0.00000 0.00000 0.00000 0.00000 0.00000 0.00000 0.00000 0.00000 0.00000 0.00000 0.00000 0.00000 0.00000 0.00000 0.00000 0.00000 0.00000 0.00000 0.00000 0.00000 0.00000 0.00000 0.00000 0.00000 0.00000
0.00000 0.00000 0.00000 0.00000 0.00000 0.00000 0.00000 0.00000 0.00000 0.00000 0.00000 0.00000 0.00000 0.00000 0.00000 0.00000 0.00000 0.00000 0.00000 0.00000 0.00000 0.00000 0.00000 0.00000 0.00000 0.00000 0.00000 0.00000 0.00000 0.00000 0.00000 0.00000 0.00000 0.00000 0.00000 0.00000 0.00000 0.00000 0.00000 0.00000 0.00000 0.00000 0.00000 0.00000 0.00000 0.00000 0.00000 0.00000 0.00000 0.00000 0.00000 0.00000 0.00000 0.00000 0.00000 0.00000 0.00000 0.00000 0.00000 0.00000 0.00000 0.00000 0.00000 0.00000 0.00000
0.00000 0.00000 0.00000 0.00000 0.00000 0.00000 0.00000 0.00000 0.00000 0.00000 0.00000 0.00000 0.00000 0.00000 0.00000 0.00000 0.00000 0.00000 0.00000 0.00000 0.00000 0.00000 0.00000 0.00000 0.00000 0.00000 0.00000 0.00000 0.00000 0.00000 0.00000 0.00000 0.00000 0.00000 0.00000 0.00000 0.00000 0.00000 0.00000 0.00000 0.00000 0.00000 0.00000 0.00000 0.00000 0.00000 0.00000 0.00000 0.00000 0.00000 0.00000 0.00000 0.00000 0.00000 0.00000 0.00000 0.00000 0.00000 0.00000 0.00000 0.00000 0.00000 0.00000 0.00000 0.00000
0.00000 0.00000 0.00000 0.00000 0.00000 0.00000 0.00000 0.00000 0.00000 0.00000 0.00000 0.00000 0.00000 0.00000 0.00000 0.00000 0.00000 0.00000 0.00000 0.00000 0.00000 0.00000 0.00000 0.00000 0.00000 0.00000 0.00000 0.00000 0.00000 0.00000 0.00000 0.00000 0.00000 0.00000 0.00000 0.00000 0.00000 0.00000 0.00000 0.00000 0.00000 0.00000 0.00000 0.00000 0.00000 0.00000 0.00000 0.00000 0.00000 0.00000 0.00000 0.00000 0.00000 0.00000 0.00000 0.00000 0.00000 0.00000 0.00000 0.00000 0.00000 0.00000 0.00000 0.00000 0.00000
0.00001 0.00000 0.00000 0.00000 0.00000 0.00000 0.00000 0.00000 0.00000 0.00000 0.00000 0.00000 0.00000 0.00000 0.00000 0.00000 0.00000 0.00000 0.00000 0.00000 0.00000 0.00000 0.00000 0.00000 0.00000 0.00000 0.00000 0.00000 0.00000 0.00000 0.00000 0.00000 0.00000 0.00000 0.00000 0.00000 0.00000 0.00000 0.00000 0.00000 0.00000 0.00000 0.00000 0.00000 0.00000 0.00000 0.00000 0.00000 0.00000 0.00000 0.00000 0.00000 0.00000 0.00000 0.00000 0.00000 0.00000 0.00000 0.00000 0.00000 0.00000 0.00000 0.00000 0.00000 0.00000
0.00082 0.00070 0.00060 0.00045 0.00023 0.00005 0.00000 0.00000 0.00000 0.00000 0.00000 0.00000 0.00000 0.00000 0.00000 0.00000 0.00000 0.00000 0.00000 0.00000 0.00000 0.00000 0.00000 0.00000 0.00000 0.00000 0.00000 0.00000 0.00000 0.00000 0.00000 0.00000 0.00000 0.00000 0.00000 0.00000 0.00000 0.00000 0.00000 0.00000 0.00000 0.00000 0.00000 0.00000 0.00000 0.00000 0.00000 0.00000 0.00000 0.00000 0.00000 0.00000 0.00000 0.00000 0.00000 0.00000 0.00000 0.00000 0.00000 0.00000 0.00000 0.00000 0.00000 0.00000 0.00000
0.00261 0.00235 0.00211 0.00182 0.00145 0.00112 0.00092 0.00078 0.00061 0.00035 0.00010 0.00001 0.00000 0.00000 0.00000 0.00000 0.00000 0.00000 0.00000 0.00000 0.00000 0.00000 0.00000 0.00000 0.00000 0.00000 0.00000 0.00000 0.00000 0.00000 0.00000 0.00000 0.00000 0.00000 0.00000 0.00000 0.00000 0.00000 0.00000 0.00000 0.00000 0.00000 0.00000 0.00000 0.00000 0.00000 0.00000 0.00000 0.00000 0.00000 0.00000 0.00000 0.00000 0.00000 0.00000 0.00000 0.00000 0.00000 0.00000 0.00000 0.00000 0.00000 0.00000 0.00000 0.00000
0.00567 0.00527 0.00489 0.00446 0.00395 0.00347 0.00308 0.00275 0.00239 0.00193 0.00149 0.00120 0.00101 0.00081 0.00051 0.00018 0.00002 0.00000 0.00000 0.00000 0.00000 0.00000 0.00000 0.00000 0.00000 0.00000 0.00000 0.00000 0.00000 0.00000 0.00000 0.00000 0.00000 0.00000 0.00000 0.00000 0.00000 0.00000 0.00000 0.00000 0.00000 0.00000 0.00000 0.00000 0.00000 0.00000 0.00000 0.00000 0.00000 0.00000 0.00000 0.00000 0.00000 0.00000 0.00000 0.00000 0.00000 0.00000 0.00000 0.00000 0.00000 0.00000 0.00000 0.00000 0.00000
0.01027 0.00976 0.00926 0.00871 0.00810 0.00747 0.00690 0.00638 0.00583 0.00520 0.00456 0.00403 0.00359 0.00315 0.00260 0.00202 0.00161 0.00135 0.00112 0.00079 0.00036 0.00007 0.00000 0.00000 0.00000 0.00000 0.00000 0.00000 0.00000 0.00000 0.00000 0.00000 0.00000 0.00000 0.00000 0.00000 0.00000 0.00000 0.00000 0.00000 0.00000 0.00000 0.00000 0.00000 0.00000 0.00000 0.00000 0.00000 0.00000 0.00000 0.00000 0.00000 0.00000 0.00000 0.00000 0.00000 0.00000 0.00000 0.00000 0.00000 0.00000 0.00000 0.00000 0.00000 0.00000
0.01667 0.01611 0.01553 0.01491 0.01422 0.01350 0.01280 0.01211 0.01141 0.01062 0.00981 0.00906 0.00838 0.00769 0.00691 0.00610 0.00539 0.00482 0.00428 0.00364 0.00290 0.00230 0.00192 0.00164 0.00132 0.00085 0.00032 0.00005 0.00000 0.00000 0.00000 0.00000 0.00000 0.00000 0.00000 0.00000 0.00000 0.00000 0.00000 0.00000 0.00000 0.00000 0.00000 0.00000 0.00000 0.00000 0.00000 0.00000 0.00000 0.00000 0.00000 0.00000 0.00000 0.00000 0.00000 0.00000 0.00000 0.00000 0.00000 0.00000 0.00000 0.00000 0.00000 0.00000 0.00000
0.02515 0.02460 0.02402 0.02340 0.02270 0.02195 0.02118 0.02041 0.01960 0.01872 0.01780 0.01689 0.01601 0.01512 0.01416 0.01314 0.01218 0.01131 0.01046 0.00954 0.00852 0.00758 0.00681 0.00615 0.00546 0.00461 0.00370 0.00303 0.00259 0.00226 0.00190 0.00138 0.00074 0.00025 0.00006 0.00002 0.00001 0.00000 0.00000 0.00000 0.00000 0.00000 0.00000 0.00000 0.00000 0.00000 0.00000 0.00000 0.00000 0.00000 0.00000 0.00000 0.00000 0.00000 0.00000 0.00000 0.00000 0.00000 0.00000 0.00000 0.00000 0.00000 0.00000 0.00000 0.00000
0.03598 0.03554 0.03506 0.03451 0.03389 0.03320 0.03247 0.03171 0.03090 0.03002 0.02908 0.02811 0.02714 0.02614 0.02508 0.02395 0.02282 0.02174 0.02067 0.01953 0.01831 0.01710 0.01600 0.01499 0.01395 0.01278 0.01154 0.01044 0.00955 0.00877 0.00797 0.00700 0.00590 0.00493 0.00426 0.00381 0.00344 0.00303 0.00250 0.00186 0.00124 0.00079 0.00053 0.00039 0.00030 0.00024 0.00020 0.00017 0.00015 0.00013 0.00012 0.00011 0.00011 0.00011 0.00011 0.00012 0.00013 0.00014 0.00017 0.00020 0.00024 0.00029 0.00034 0.00039 0.00039
0.04946 0.04925 0.04897 0.04863 0.04820 0.04770 0.04713 0.04651 0.04583 0.04508 0.04425 0.04337 0.04245 0.04150 0.04047 0.03937 0.03824 0.03710 0.03596 0.03475 0.03346 0.03215 0.03087 0.02965 0.02841 0.02706 0.02563 0.02426 0.02302 0.02189 0.02075 0.01948 0.01807 0.01672 0.01560 0.01471 0.01394 0.01314 0.01220 0.01110 0.01002 0.00913 0.00853 0.00816 0.00794 0.00778 0.00761 0.00739 0.00715 0.00696 0.00688 0.00695 0.00720 0.00761 0.00816 0.00870 0.00917 0.00938 0.00930 0.00891 0.00824 0.00720 0.00569 0.00356 0.00060
0.06594 0.06610 0.06617 0.06618 0.06610 0.06593 0.06569 0.06538 0.06500 0.06455 0.06401 0.06341 0.06274 0.06203 0.06124 0.06037 0.05945 0.05849 0.05750 0.05646 0.05533 0.05415 0.05297 0.05180 0.05062 0.04935 0.04800 0.04666 0.04538 0.04419 0.04301 0.04174 0.04036 0.03900 0.03778 0.03678 0.03593 0.03513 0.03426 0.03328 0.03233 0.03161 0.03126 0.03133 0.03175 0.03246 0.03339 0.03460 0.03634 0.03845 0.04154 0.04478 0.04772 0.04996 0.05113 0.05105 0.04955 0.04654 0.04273 0.03822 0.03261 0.02543 0.01636 0.00518 -0.00824
0.08584 0.08653 0.08715 0.08768 0.08813 0.08850 0.08879 0.08901 0.08915 0.08922 0.08920 0.08911 0.08896 0.08875 0.08846 0.08810 0.08768 0.08721 0.08669 0.08613 0.08549 0.08480 0.08409 0.08336 0.08263 0.08184 0.08100 0.08014 0.07932 0.07857 0.07786 0.07714 0.07637 0.07564 0.07505 0.07469 0.07459 0.07471 0.07500 0.07552 0.07530 0.07758 0.08139 0.08603 0.09088 0.09545 0.09930 0.10209 0.10358 0.10413 0.10340 0.10168 0.09904 0.09541 0.09072 0.08484 0.07783 0.06999 0.06119 0.05098 0.03863 0.02364 0.00567 -0.01544 -0.03974
0.10967 0.11111 0.11248 0.11378 0.11501 0.11616 0.11723 0.11824 0.11918 0.12006 0.12087 0.12161 0.12229 0.12291 0.12349 0.12400 0.12446 0.12487 0.12526 0.12561 0.12592 0.12619 0.12645 0.12671 0.12699 0.12727 0.12754 0.12784 0.12822 0.12873 0.12859 0.12750 0.12861 0.13128 0.13479 0.13849 0.14187 0.14447 0.14600 0.14623 0.14613 0.14424 0.14157 0.13857 0.13532 0.13172 0.12760 0.12282 0.11726 0.11089 0.10378 0.09608 0.08791 0.07928 0.07019 0.06062 0.05055 0.03986 0.02795 0.01403 -0.00272 -0.02283 -0.04657 -0.07403 -0.10514
0.13808 0.14054 0.14295 0.14530 0.14760 0.14985 0.15204 0.15418 0.15628 0.15834 0.16036 0.16234 0.16428 0.16620 0.16810 0.16997 0.17183 0.17369 0.17556 0.17745 0.17936 0.17836 0.17882 0.18090 0.18415 0.18773 0.19087 0.19296 0.19354 0.19229 0.18976 0.18598 0.17934 0.17127 0.16286 0.15457 0.14653 0.13877 0.13122 0.12382 0.11648 0.10886 0.10098 0.09298 0.08495 0.07688 0.06870 0.06031 0.05162 0.04260 0.03330 0.02379 0.01415 0.00441 -0.00540 -0.01527 -0.02530 -0.03608 -0.04848 -0.06336 -0.08139 -0.10300 -0.12842 -0.15770 -0.19072
0.17191 0.17574 0.17955 0.18333 0.18710 0.19086 0.19460 0.19835 0.20209 0.20585 0.20962 0.21342 0.21317 0.21591 0.22016 0.22510 0.22976 0.23324 0.23486 0.23409 0.23053 0.22671 0.21865 0.20770 0.19507 0.18197 0.16911 0.15676 0.14500 0.13380 0.12311 0.11286 0.10231 0.09134 0.08015 0.06899 0.05804 0.04745 0.03726 0.02749 0.01810 0.00896 -0.00000 -0.00879 -0.01741 -0.02587 -0.03422 -0.04255 -0.05090 -0.05932 -0.06779 -0.07627 -0.08470 -0.09304 -0.10127 -0.10940 -0.11768 -0.12710 -0.13851 -0.15258 -0.16979 -0.19046 -0.21476 -0.24273 -0.27430
0.21239 0.21806 0.22377 0.22655 0.23156 0.23836 0.24601 0.25320 0.25872 0.26168 0.26140 0.25741 0.25317 0.24306 0.22976 0.21483 0.19945 0.18441 0.17008 0.15654 0.14378 0.13181 0.12001 0.10774 0.09476 0.08128 0.06758 0.05396 0.04061 0.02767 0.01522 0.00331 -0.00823 -0.01952 -0.03061 -0.04146 -0.05199 -0.06211 -0.07178 -0.08096 -0.08968 -0.09800 -0.10598 -0.11366 -0.12108 -0.12827 -0.13527 -0.14214 -0.14891 -0.15562 -0.16226 -0.16882 -0.17526 -0.18155 -0.18766 -0.19362 -0.19996 -0.20775 -0.21763 -0.23005 -0.24536 -0.26378 -0.28549 -0.31054 -0.33890
0.26828 0.27294 0.27348 0.27208 0.26442 0.25313 0.23973 0.22558 0.21157 0.19811 0.18533 0.17321 0.16179 0.14994 0.13718 0.12338 0.10878 0.09379 0.07876 0.06396 0.04956 0.03568 0.02230 0.00922 -0.00379 -0.01681 -0.02983 -0.04276 -0.05547 -0.06784 -0.07975 -0.09116 -0.10206 -0.11248 -0.12250 -0.13211 -0.14132 -0.15011 -0.15844 -0.16630 -0.17371 -0.18070 -0.18731 -0.19359 -0.19958 -0.20532 -0.21084 -0.21618 -0.22137 -0.22643 -0.23137 -0.23618 -0.24085 -0.24535 -0.24966 -0.25383 -0.25866 -0.26500 -0.27326 -0.28374 -0.29672 -0.31239 -0.33091 -0.35239 -0.37686
0.23593 0.22729 0.21876 0.21050 0.20125 0.19052 0.17818 0.16458 0.15026 0.13565 0.12109 0.10679 0.09289 0.07930 0.06574 0.05194 0.03782 0.02342 0.00889 -0.00560 -0.01987 -0.03378 -0.04724 -0.06024 -0.07286 -0.08516 -0.09722 -0.10902 -0.12055 -0.13173 -0.14251 -0.15282 -0.16265 -0.17197 -0.18083 -0.18923 -0.19718 -0.20470 -0.21178 -0.21842 -0.22463 -0.23045 -0.23589 -0.24101 -0.24583 -0.25040 -0.25474 -0.25888 -0.26285 -0.26667 -0.27034 -0.27387 -0.27724 -0.28044 -0.28346 -0.28638 -0.29015 -0.29527 -0.30197 -0.31049 -0.32107 -0.33390 -0.34916 -0.36698 -0.38747
0.20286 0.19205 0.18102 0.16996 0.15877 0.14712 0.13472 0.12149 0.10755 0.09314 0.07850 0.06385 0.04937 0.03519 0.02128 0.00756 -0.00606 -0.01966 -0.03323 -0.04671 -0.06003 -0.07307 -0.08576 -0.09803 -0.10987 -0.12130 -0.13235 -0.14304 -0.15338 -0.16335 -0.17292 -0.18207 -0.19077 -0.19901 -0.20678 -0.21410 -0.22099 -0.22744 -0.23349 -0.23912 -0.24437 -0.24925 -0.25378 -0.25801 -0.26195 -0.26565 -0.26912 -0.27240 -0.27551 -0.27846 -0.28126 -0.28391 -0.28641 -0.28874 -0.29091 -0.29307 -0.29604 -0.30007 -0.30531 -0.31197 -0.32028 -0.33042 -0.34260 -0.35698 -0.37372
0.17718 0.16598 0.15437 0.14254 0.13062 0.11859 0.10631 0.09367 0.08063 0.06725 0.05362 0.03988 0.02618 0.01263 -0.00068 -0.01372 -0.02652 -0.03910 -0.05151 -0.06374 -0.07577 -0.08755 -0.09902 -0.11013 -0.12084 -0.13114 -0.14105 -0.15057 -0.15970 -0.16846 -0.17684 -0.18482 -0.19238 -0.19953 -0.20626 -0.21258 -0.21849 -0.22401 -0.22915 -0.23393 -0.23836 -0.24246 -0.24625 -0.24976 -0.25302 -0.25605 -0.25888 -0.26153 -0.26401 -0.26635 -0.26854 -0.27060 -0.27252 -0.27428 -0.27591 -0.27761 -0.27994 -0.28299 -0.28691 -0.29189 -0.29814 -0.30588 -0.31531 -0.32661 -0.33996
0.15551 0.14522 0.13443 0.12331 0.11202 0.10062 0.08913 0.07751 0.06574 0.05379 0.04169 0.02951 0.01731 0.00520 -0.00675 -0.01847 -0.02994 -0.04116 -0.05213 -0.06287 -0.07337 -0.08361 -0.09357 -0.10321 -0.11251 -0.12144 -0.13000 -0.13819 -0.14602 -0.15349 -0.16061 -0.16737 -0.17376 -0.17979 -0.18545 -0.19075 -0.19570 -0.20031 -0.20459 -0.20856 -0.21223 -0.21562 -0.21875 -0.22163 -0.22430 -0.22677 -0.22907 -0.23121 -0.23322 -0.23509 -0.23684 -0.23848 -0.23999 -0.24138 -0.24266 -0.24405 -0.24583 -0.24803 -0.25080 -0.25433 -0.25884 -0.26453 -0.27160 -0.28023 -0.29062
0.13606 0.12731 0.11812 0.10859 0.09883 0.08894 0.07896 0.06893 0.05884 0.04870 0.03849 0.02826 0.01802 0.00785 -0.00221 -0.01210 -0.02177 -0.03122 -0.04042 -0.04938 -0.05810 -0.06657 -0.07478 -0.08271 -0.09035 -0.09767 -0.10468 -0.11137 -0.11775 -0.12381 -0.12956 -0.13501 -0.14014 -0.14497 -0.14950 -0.15374 -0.15768 -0.16135 -0.16475 -0.16789 -0.17080 -0.17348 -0.17595 -0.17823 -0.18034 -0.18229 -0.18411 -0.18581 -0.18740 -0.18889 -0.19029 -0.19159 -0.19281 -0.19393 -0.19498 -0.19613 -0.19743 -0.19893 -0.20077 -0.20315 -0.20625 -0.21027 -0.21539 -0.22180 -0.22966
