tests/data/gray99/saval2D/outputs/resuqv5.asc
north:     17.44
south:      0.00
east:      60.51
west:       0.00
rows:   68
cols:  236
[rows 28 to 55 of 68, columns 0 to 63 of 236]
0.00000 0.00000 0.00000 0.00000 0.00002 0.00011 0.00035 0.00084 0.00168 0.00304 0.00516 0.00841 0.01326 0.02032 0.03021 0.04352 0.06066 0.08176 0.10666 0.13493 0.16595 0.19899 0.23333 0.26829 0.30328 0.33783 0.37155 0.40417 0.43548 0.46535 0.49371 0.52051 0.54570 0.56928 0.59125 0.61160 0.63034 0.64750 0.66312 0.67724 0.68994 0.70130 0.71142 0.72039 0.72834 0.73537 0.74159 0.74711 0.75205 0.75649 0.76053 0.76426 0.76777 0.77112 0.77438 0.77763 0.78091 0.78428 0.78778 0.79146 0.79536 0.79950 0.80390 0.80858
0.00000 0.00000 0.00000 0.00000 0.00002 0.00012 0.00036 0.00081 0.00156 0.00277 0.00462 0.00742 0.01157 0.01755 0.02587 0.03695 0.05106 0.06825 0.08831 0.11084 0.13529 0.16109 0.18766 0.21448 0.24112 0.26725 0.29258 0.31692 0.34014 0.36213 0.38285 0.40226 0.42035 0.43713 0.45261 0.46680 0.47973 0.49142 0.50192 0.51128 0.51954 0.52679 0.53309 0.53854 0.54322 0.54722 0.55064 0.55356 0.55607 0.55825 0.56019 0.56194 0.56359 0.56519 0.56680 0.56848 0.57027 0.57222 0.57437 0.57675 0.57941 0.58237 0.58565 0.58928
0.00000 0.00000 0.00000 0.00000 0.00003 0.00012 0.00033 0.00070 0.00131 0.00226 0.00371 0.00585 0.00899 0.01345 0.01958 0.02767 0.03787 0.05015 0.06435 0.08014 0.09712 0.11488 0.13302 0.15121 0.16915 0.18662 0.20345 0.21950 0.23469 0.24894 0.26223 0.27454 0.28586 0.29622 0.30564 0.31414 0.32175 0.32850 0.33444 0.33961 0.34406 0.34783 0.35100 0.35361 0.35574 0.35744 0.35878 0.35982 0.36062 0.36125 0.36174 0.36217 0.36258 0.36301 0.36351 0.36411 0.36485 0.36576 0.36689 0.36824 0.36987 0.37178 0.37400 0.37655
0.00000 0.00000 0.00000 0.00000 0.00003 0.00010 0.00024 0.00051 0.00092 0.00155 0.00247 0.00380 0.00568 0.00827 0.01176 0.01626 0.02183 0.02845 0.03600 0.04432 0.05319 0.06240 0.07173 0.08102 0.09011 0.09887 0.10722 0.11506 0.12235 0.12906 0.13515 0.14064 0.14553 0.14985 0.15362 0.15687 0.15963 0.16194 0.16383 0.16535 0.16652 0.16739 0.16799 0.16836 0.16851 0.16849 0.16833 0.16807 0.16772 0.16734 0.16694 0.16656 0.16623 0.16595 0.16576 0.16569 0.16574 0.16596 0.16635 0.16695 0.16777 0.16881 0.17009 0.17162
0.00000 0.00000 0.00000 0.00000 0.00001 0.00005 0.00012 0.00024 0.00042 0.00067 0.00100 0.00140 0.00186 0.00237 0.00290 0.00343 0.00394 0.00443 0.00488 0.00531 0.00572 0.00610 0.00644 0.00672 0.00692 0.00699 0.00692 0.00668 0.00622 0.00554 0.00465 0.00354 0.00226 0.00082 -0.00073 -0.00236 -0.00404 -0.00577 -0.00750 -0.00923 -0.01093 -0.01257 -0.01415 -0.01564 -0.01704 -0.01837 -0.01964 -0.02086 -0.02200 -0.02308 -0.02408 -0.02498 -0.02577 -0.02644 -0.02703 -0.02752 -0.02792 -0.02820 -0.02836 -0.02838 -0.02824 -0.02792 -0.02744 -0.02682
0.00000 -0.00000 -0.00000 -0.00000 -0.00000 -0.00001 -0.00003 -0.00006 -0.00014 -0.00030 -0.00061 -0.00120 -0.00222 -0.00388 -0.00638 -0.00990 -0.01455 -0.02031 -0.02707 -0.03463 -0.04276 -0.05125 -0.05992 -0.06863 -0.07730 -0.08589 -0.09436 -0.10269 -0.11085 -0.11882 -0.12657 -0.13408 -0.14134 -0.14831 -0.15498 -0.16131 -0.16727 -0.17282 -0.17795 -0.18265 -0.18693 -0.19082 -0.19434 -0.19752 -0.20039 -0.20296 -0.20525 -0.20728 -0.20909 -0.21071 -0.21216 -0.21347 -0.21469 -0.21580 -0.21680 -0.21768 -0.21845 -0.21913 -0.21972 -0.22025 -0.22071 -0.22115 -0.22154 -0.22185
0.00000 -0.00000 -0.00000 -0.00000 -0.00002 -0.00008 -0.00018 -0.00038 -0.00071 -0.00127 -0.00222 -0.00379 -0.00627 -0.01004 -0.01548 -0.02290 -0.03249 -0.04421 -0.05789 -0.07316 -0.08961 -0.10681 -0.12440 -0.14208 -0.15963 -0.17688 -0.19373 -0.21010 -0.22593 -0.24116 -0.25577 -0.26971 -0.28294 -0.29544 -0.30716 -0.31808 -0.32818 -0.33746 -0.34593 -0.35360 -0.36052 -0.36671 -0.37224 -0.37715 -0.38150 -0.38535 -0.38874 -0.39174 -0.39441 -0.39678 -0.39891 -0.40084 -0.40259 -0.40420 -0.40567 -0.40706 -0.40836 -0.40960 -0.41081 -0.41199 -0.41317 -0.41434 -0.41553 -0.41675
0.00000 -0.00000 -0.00000 -0.00000 -0.00004 -0.00013 -0.00032 -0.00065 -0.00123 -0.00218 -0.00372 -0.00618 -0.01001 -0.01570 -0.02379 -0.03472 -0.04876 -0.06591 -0.08592 -0.10836 -0.13264 -0.15817 -0.18439 -0.21085 -0.23715 -0.26302 -0.28826 -0.31271 -0.33626 -0.35883 -0.38035 -0.40076 -0.42002 -0.43809 -0.45494 -0.47055 -0.48492 -0.49807 -0.51003 -0.52085 -0.53058 -0.53930 -0.54709 -0.55402 -0.56019 -0.56567 -0.57055 -0.57490 -0.57879 -0.58228 -0.58544 -0.58833 -0.59098 -0.59344 -0.59576 -0.59795 -0.60006 -0.60211 -0.60413 -0.60615 -0.60818 -0.61026 -0.61240 -0.61462
0.00000 -0.00000 -0.00000 -0.00000 -0.00004 -0.00016 -0.00041 -0.00087 -0.00165 -0.00292 -0.00497 -0.00819 -0.01314 -0.02044 -0.03075 -0.04463 -0.06245 -0.08426 -0.10982 -0.13863 -0.17000 -0.20322 -0.23756 -0.27239 -0.30717 -0.34149 -0.37503 -0.40753 -0.43884 -0.46880 -0.49733 -0.52434 -0.54977 -0.57359 -0.59576 -0.61629 -0.63518 -0.65249 -0.66827 -0.68259 -0.69554 -0.70723 -0.71776 -0.72723 -0.73575 -0.74342 -0.75034 -0.75660 -0.76228 -0.76746 -0.77220 -0.77658 -0.78064 -0.78445 -0.78804 -0.79146 -0.79475 -0.79795 -0.80109 -0.80421 -0.80733 -0.81048 -0.81370 -0.81698
0.00000 -0.00000 -0.00000 -0.00000 -0.00004 -0.00017 -0.00046 -0.00100 -0.00193 -0.00344 -0.00586 -0.00964 -0.01541 -0.02389 -0.03586 -0.05201 -0.07279 -0.09836 -0.12849 -0.16269 -0.20022 -0.24025 -0.28193 -0.32449 -0.36724 -0.40961 -0.45118 -0.49158 -0.53057 -0.56794 -0.60354 -0.63728 -0.66906 -0.69884 -0.72660 -0.75235 -0.77613 -0.79801 -0.81806 -0.83640 -0.85314 -0.86840 -0.88231 -0.89499 -0.90655 -0.91712 -0.92679 -0.93566 -0.94383 -0.95136 -0.95834 -0.96484 -0.97091 -0.97660 -0.98198 -0.98710 -0.99199 -0.99671 -1.00128 -1.00576 -1.01016 -1.01452 -1.01886 -1.02319
0.00000 -0.00000 0.00000 -0.00000 -0.00003 -0.00016 -0.00047 -0.00105 -0.00206 -0.00372 -0.00634 -0.01044 -0.01666 -0.02583 -0.03881 -0.05642 -0.07922 -0.10749 -0.14109 -0.17954 -0.22210 -0.26785 -0.31588 -0.36526 -0.41520 -0.46500 -0.51410 -0.56205 -0.60848 -0.65312 -0.69577 -0.73627 -0.77453 -0.81047 -0.84409 -0.87541 -0.90448 -0.93140 -0.95627 -0.97922 -1.00039 -1.01991 -1.03792 -1.05455 -1.06992 -1.08415 -1.09733 -1.10957 -1.12095 -1.13154 -1.14143 -1.15067 -1.15933 -1.16746 -1.17512 -1.18235 -1.18922 -1.19576 -1.20201 -1.20801 -1.21379 -1.21936 -1.22475 -1.22995
0.00000 -0.00000 -0.00000 -0.00000 -0.00002 -0.00014 -0.00044 -0.00103 -0.00206 -0.00374 -0.00642 -0.01057 -0.01688 -0.02619 -0.03947 -0.05762 -0.08140 -0.11121 -0.14703 -0.18846 -0.23475 -0.28497 -0.33812 -0.39322 -0.44935 -0.50572 -0.56164 -0.61653 -0.66996 -0.72155 -0.77104 -0.81822 -0.86295 -0.90516 -0.94484 -0.98201 -1.01675 -1.04915 -1.07936 -1.10750 -1.13373 -1.15818 -1.18099 -1.20229 -1.22218 -1.24078 -1.25819 -1.27448 -1.28972 -1.30401 -1.31738 -1.32990 -1.34164 -1.35263 -1.36295 -1.37263 -1.38171 -1.39025 -1.39828 -1.40582 -1.41289 -1.41952 -1.42570 -1.43141
0.00000 -0.00000 -0.00000 -0.00000 -0.00001 -0.00011 -0.00039 -0.00096 -0.00196 -0.00361 -0.00623 -0.01027 -0.01640 -0.02546 -0.03842 -0.05628 -0.07990 -0.10987 -0.14636 -0.18914 -0.23758 -0.29081 -0.34777 -0.40737 -0.46857 -0.53046 -0.59225 -0.65329 -0.71304 -0.77105 -0.82697 -0.88054 -0.93158 -0.98001 -1.02580 -1.06898 -1.10963 -1.14787 -1.18381 -1.21760 -1.24939 -1.27930 -1.30747 -1.33399 -1.35898 -1.38252 -1.40468 -1.42553 -1.44513 -1.46353 -1.48079 -1.49695 -1.51207 -1.52619 -1.53935 -1.55159 -1.56296 -1.57348 -1.58318 -1.59209 -1.60021 -1.60754 -1.61406 -1.61974
0.00000 -0.00000 -0.00000 -0.00000 -0.00000 -0.00008 -0.00033 -0.00084 -0.00178 -0.00333 -0.00580 -0.00959 -0.01534 -0.02383 -0.03604 -0.05301 -0.07567 -0.10476 -0.14061 -0.18319 -0.23201 -0.28632 -0.34515 -0.40745 -0.47216 -0.53829 -0.60492 -0.67123 -0.73654 -0.80030 -0.86206 -0.92153 -0.97851 -1.03290 -1.08466 -1.13381 -1.18042 -1.22461 -1.26648 -1.30616 -1.34378 -1.37946 -1.41329 -1.44536 -1.47575 -1.50451 -1.53170 -1.55736 -1.58154 -1.60426 -1.62556 -1.64548 -1.66404 -1.68129 -1.69726 -1.71197 -1.72546 -1.73775 -1.74884 -1.75876 -1.76749 -1.77500 -1.78129 -1.78629
0.00000 -0.00000 0.00000 -0.00000 -0.00000 -0.00005 -0.00025 -0.00069 -0.00153 -0.00293 -0.00517 -0.00863 -0.01384 -0.02156 -0.03271 -0.04831 -0.06938 -0.09675 -0.13094 -0.17208 -0.21990 -0.27378 -0.33284 -0.39610 -0.46250 -0.53101 -0.60068 -0.67065 -0.74015 -0.80856 -0.87535 -0.94013 -1.00259 -1.06259 -1.12001 -1.17488 -1.22725 -1.27722 -1.32491 -1.37043 -1.41386 -1.45529 -1.49479 -1.53240 -1.56818 -1.60216 -1.63435 -1.66478 -1.69345 -1.72039 -1.74560 -1.76911 -1.79093 -1.81109 -1.82959 -1.84647 -1.86172 -1.87536 -1.88739 -1.89781 -1.90659 -1.91370 -1.91910 -1.92274
0.00000 -0.00000 0.00000 -0.00000 -0.00000 -0.00002 -0.00016 -0.00052 -0.00123 -0.00245 -0.00443 -0.00748 -0.01209 -0.01890 -0.02878 -0.04272 -0.06172 -0.08673 -0.11841 -0.15710 -0.20272 -0.25485 -0.31274 -0.37549 -0.44208 -0.51148 -0.58267 -0.65474 -0.72689 -0.79839 -0.86870 -0.93738 -1.00412 -1.06870 -1.13103 -1.19105 -1.24876 -1.30419 -1.35740 -1.40842 -1.45732 -1.50416 -1.54897 -1.59179 -1.63263 -1.67147 -1.70832 -1.74316 -1.77597 -1.80675 -1.83549 -1.86219 -1.88684 -1.90946 -1.93003 -1.94856 -1.96506 -1.97952 -1.99192 -2.00224 -2.01046 -2.01655 -2.02044 -2.02208
0.00000 -0.00000 -0.00000 -0.00000 -0.00000 -0.00000 -0.00009 -0.00035 -0.00092 -0.00194 -0.00363 -0.00625 -0.01021 -0.01607 -0.02459 -0.03668 -0.05333 -0.07553 -0.10407 -0.13946 -0.18186 -0.23105 -0.28647 -0.34734 -0.41270 -0.48154 -0.55283 -0.62561 -0.69900 -0.77227 -0.84479 -0.91606 -0.98576 -1.05364 -1.11956 -1.18345 -1.24529 -1.30508 -1.36283 -1.41855 -1.47224 -1.52389 -1.57347 -1.62093 -1.66624 -1.70936 -1.75025 -1.78887 -1.82520 -1.85920 -1.89085 -1.92013 -1.94701 -1.97146 -1.99349 -2.01307 -2.03020 -2.04485 -2.05701 -2.06664 -2.07370 -2.07818 -2.08001 -2.07915
0.00000 -0.00000 0.00000 -0.00000 -0.00000 -0.00000 -0.00004 -0.00021 -0.00063 -0.00144 -0.00282 -0.00501 -0.00833 -0.01324 -0.02040 -0.03060 -0.04478 -0.06391 -0.08886 -0.12032 -0.15864 -0.20384 -0.25559 -0.31324 -0.37597 -0.44280 -0.51273 -0.58477 -0.65802 -0.73166 -0.80503 -0.87760 -0.94899 -1.01890 -1.08717 -1.15370 -1.21841 -1.28128 -1.34228 -1.40139 -1.45856 -1.51375 -1.56691 -1.61793 -1.66676 -1.71329 -1.75744 -1.79912 -1.83824 -1.87475 -1.90857 -1.93967 -1.96803 -1.99360 -2.01639 -2.03633 -2.05343 -2.06765 -2.07896 -2.08733 -2.09273 -2.09512 -2.09448 -2.09074
0.00000 -0.00000 -0.00000 -0.00000 -0.00000 -0.00000 -0.00000 -0.00009 -0.00038 -0.00098 -0.00207 -0.00383 -0.00654 -0.01057 -0.01643 -0.02481 -0.03655 -0.05254 -0.07370 -0.10081 -0.13441 -0.17473 -0.22168 -0.27484 -0.33353 -0.39688 -0.46393 -0.53372 -0.60529 -0.67783 -0.75062 -0.82307 -0.89477 -0.96537 -1.03467 -1.10252 -1.16880 -1.23346 -1.29642 -1.35763 -1.41699 -1.47443 -1.52985 -1.58312 -1.63412 -1.68276 -1.72889 -1.77241 -1.81322 -1.85122 -1.88633 -1.91848 -1.94758 -1.97359 -1.99646 -2.01613 -2.03259 -2.04580 -2.05573 -2.06237 -2.06569 -2.06566 -2.06226 -2.05547
0.00000 -0.00000 -0.00000 -0.00000 -0.00000 -0.00000 -0.00000 -0.00002 -0.00019 -0.00060 -0.00140 -0.00277 -0.00492 -0.00814 -0.01283 -0.01955 -0.02899 -0.04197 -0.05935 -0.08195 -0.11044 -0.14524 -0.18648 -0.23399 -0.28728 -0.34565 -0.40826 -0.47417 -0.54247 -0.61230 -0.68293 -0.75373 -0.82423 -0.89404 -0.96293 -1.03067 -1.09715 -1.16223 -1.22580 -1.28777 -1.34801 -1.40639 -1.46278 -1.51702 -1.56896 -1.61844 -1.66531 -1.70945 -1.75072 -1.78901 -1.82423 -1.85627 -1.88507 -1.91056 -1.93268 -1.95137 -1.96660 -1.97832 -1.98651 -1.99112 -1.99213 -1.98953 -1.98328 -1.97341
0.00000 -0.00000 -0.00000 -0.00000 -0.00000 -0.00000 -0.00000 -0.00000 -0.00006 -0.00031 -0.00086 -0.00187 -0.00351 -0.00602 -0.00969 -0.01495 -0.02236 -0.03259 -0.04642 -0.06462 -0.08791 -0.11686 -0.15178 -0.19273 -0.23945 -0.29147 -0.34808 -0.40847 -0.47179 -0.53721 -0.60398 -0.67145 -0.73911 -0.80653 -0.87342 -0.93954 -1.00469 -1.06873 -1.13149 -1.19282 -1.25258 -1.31057 -1.36662 -1.42055 -1.47216 -1.52126 -1.56769 -1.61128 -1.65190 -1.68941 -1.72368 -1.75463 -1.78215 -1.80619 -1.82668 -1.84358 -1.85684 -1.86642 -1.87229 -1.87444 -1.87286 -1.86753 -1.85846 -1.84566
0.00000 -0.00000 -0.00000 -0.00000 -0.00000 -0.00000 0.00000 -0.00000 -0.00000 -0.00012 -0.00045 -0.00115 -0.00235 -0.00423 -0.00703 -0.01107 -0.01675 -0.02460 -0.03527 -0.04944 -0.06780 -0.09094 -0.11933 -0.15321 -0.19255 -0.23710 -0.28636 -0.33971 -0.39639 -0.45565 -0.51678 -0.57913 -0.64217 -0.70547 -0.76867 -0.83150 -0.89372 -0.95514 -1.01556 -1.07478 -1.13261 -1.18882 -1.24319 -1.29549 -1.34550 -1.39300 -1.43780 -1.47971 -1.51859 -1.55428 -1.58666 -1.61561 -1.64103 -1.66285 -1.68103 -1.69549 -1.70621 -1.71316 -1.71633 -1.71570 -1.71126 -1.70303 -1.69103 -1.67528
0.00000 -0.00000 0.00000 -0.00000 -0.00000 -0.00000 -0.00000 -0.00000 -0.00000 -0.00002 -0.00018 -0.00061 -0.00143 -0.00279 -0.00486 -0.00789 -0.01215 -0.01804 -0.02606 -0.03674 -0.05068 -0.06846 -0.09058 -0.11738 -0.14903 -0.18548 -0.22647 -0.27155 -0.32016 -0.37167 -0.42545 -0.48091 -0.53753 -0.59487 -0.65259 -0.71036 -0.76793 -0.82506 -0.88152 -0.93704 -0.99141 -1.04435 -1.09561 -1.14492 -1.19201 -1.23665 -1.27862 -1.31773 -1.35381 -1.38670 -1.41627 -1.44236 -1.46491 -1.48385 -1.49911 -1.51066 -1.51843 -1.52243 -1.52264 -1.51907 -1.51171 -1.50059 -1.48577 -1.46728
0.00000 -0.00000 -0.00000 0.00000 -0.00000 0.00000 -0.00000 -0.00000 -0.00000 -0.00000 -0.00004 -0.00026 -0.00076 -0.00168 -0.00316 -0.00535 -0.00849 -0.01282 -0.01870 -0.02653 -0.03677 -0.04992 -0.06642 -0.08667 -0.11093 -0.13928 -0.17167 -0.20785 -0.24746 -0.29002 -0.33506 -0.38207 -0.43060 -0.48027 -0.53073 -0.58166 -0.63281 -0.68390 -0.73466 -0.78482 -0.83410 -0.88222 -0.92885 -0.97370 -1.01649 -1.05695 -1.09486 -1.13002 -1.16225 -1.19138 -1.21723 -1.23968 -1.25866 -1.27411 -1.28596 -1.29416 -1.29868 -1.29949 -1.29664 -1.29010 -1.27988 -1.26603 -1.24862 -1.22771
0.00000 -0.00000 -0.00000 -0.00000 -0.00000 -0.00000 0.00000 -0.00000 -0.00000 -0.00000 -0.00000 -0.00007 -0.00033 -0.00089 -0.00188 -0.00341 -0.00565 -0.00877 -0.01299 -0.01860 -0.02592 -0.03531 -0.04714 -0.06177 -0.07945 -0.10037 -0.12457 -0.15197 -0.18238 -0.21551 -0.25102 -0.28856 -0.32780 -0.36841 -0.41010 -0.45262 -0.49570 -0.53907 -0.58246 -0.62559 -0.66814 -0.70980 -0.75025 -0.78916 -0.82623 -0.86118 -0.89379 -0.92385 -0.95118 -0.97558 -0.99688 -1.01494 -1.02970 -1.04113 -1.04916 -1.05369 -1.05469 -1.05221 -1.04626 -1.03683 -1.02390 -1.00756 -0.98795 -0.96509
0.00000 -0.00000 -0.00000 -0.00000 -0.00000 -0.00000 -0.00000 -0.00000 -0.00000 -0.00000 -0.00000 -0.00000 -0.00009 -0.00039 -0.00098 -0.00198 -0.00351 -0.00569 -0.00866 -0.01260 -0.01770 -0.02423 -0.03243 -0.04257 -0.05487 -0.06950 -0.08657 -0.10607 -0.12793 -0.15201 -0.17812 -0.20604 -0.23556 -0.26648 -0.29857 -0.33165 -0.36550 -0.39988 -0.43455 -0.46923 -0.50362 -0.53741 -0.57027 -0.60187 -0.63191 -0.66012 -0.68629 -0.71022 -0.73172 -0.75057 -0.76657 -0.77960 -0.78964 -0.79666 -0.80056 -0.80121 -0.79862 -0.79285 -0.78397 -0.77188 -0.75654 -0.73814 -0.71688 -0.69273
0.00000 -0.00000 -0.00000 -0.00000 -0.00000 -0.00000 -0.00000 -0.00000 -0.00000 -0.00000 0.00000 -0.00000 -0.00000 -0.00011 -0.00041 -0.00101 -0.00199 -0.00344 -0.00546 -0.00815 -0.01164 -0.01607 -0.02160 -0.02839 -0.03660 -0.04634 -0.05772 -0.07075 -0.08542 -0.10168 -0.11944 -0.13859 -0.15904 -0.18066 -0.20333 -0.22694 -0.25133 -0.27632 -0.30170 -0.32726 -0.35272 -0.37780 -0.40222 -0.42566 -0.44784 -0.46852 -0.48753 -0.50469 -0.51980 -0.53261 -0.54291 -0.55062 -0.55577 -0.55835 -0.55819 -0.55512 -0.54918 -0.54056 -0.52931 -0.51522 -0.49826 -0.47878 -0.45711 -0.43306
0.00000 -0.00000 -0.00000 -0.00000 -0.00000 -0.00000 -0.00000 -0.00000 -0.00000 -0.00000 -0.00000 -0.00000 -0.00000 -0.00000 -0.00011 -0.00041 -0.00097 -0.00186 -0.00317 -0.00494 -0.00726 -0.01019 -0.01383 -0.01825 -0.02354 -0.02976 -0.03696 -0.04516 -0.05436 -0.06455 -0.07570 -0.08776 -0.10070 -0.11448 -0.12903 -0.14430 -0.16018 -0.17656 -0.19330 -0.21021 -0.22711 -0.24376 -0.25991 -0.27532 -0.28974 -0.30301 -0.31499 -0.32555 -0.33448 -0.34150 -0.34642 -0.34923 -0.35004 -0.34884 -0.34537 -0.33942 -0.33117 -0.32097 -0.30883 -0.29440 -0.27764 -0.25928 -0.23984 -0.21889
