tests/data/gray99/saval2D/outputs/resuqu5.asc
north:     17.44
south:      0.00
east:      60.51
west:       0.00
rows:   68
cols:  236
[rows 0 to 28 of 68, columns 0 to 64 of 236]
0.00000 0.00000 0.00000 0.00000 0.00000 0.00000 0.00000 0.00000 0.00000 0.00000 0.00000 0.00000 0.00000 0.00000 0.00000 0.00000 0.00000 0.00000 0.00000 0.00000 0.00000 0.00000 0.00000 0.00000 0.00000 0.00000 0.00000 0.00000 0.00000 0.00000 0.00000 0.00000 0.00000 0.00000 0.00000 0.00000 0.00000 0.00000 0.00000 0.00000 0.00000 0.00000 0.00000 0.00000 0.00000 0.00000 0.00000 0.00000 0.00000 0.00000 0.00000 0.00000 0.00000 0.00000 0.00000 0.00000 0.00000 0.00000 0.00000 0.00000 0.00000 0.00000 0.00000 0.00000 0.00000
0.00000 0.00000 -0.00000 0.00000 -0.00000 -0.00000 0.00000 -0.00000 -0.00000 0.00000 -0.00000 0.00000 0.00000 0.00000 0.00000 0.00000 0.00000 0.00000 0.00000 0.00000 0.00000 0.00000 0.00000 0.00000 0.00000 0.00000 0.00000 0.00000 0.00000 0.00000 0.00000 0.00000 0.00000 0.00000 0.00000 0.00000 0.00000 0.00000 0.00000 0.00000 0.00000 0.00000 0.00000 0.00000 0.00000 0.00000 0.00000 0.00000 0.00000 0.00000 0.00000 0.00000 0.00000 0.00000 0.00000 0.00000 0.00000 0.00000 0.00000 0.00000 0.00000 0.00000 0.00000 0.00000 0.00000
0.00000 0.00000 -0.00000 -0.00000 -0.00000 0.00000 -0.00000 -0.00000 0.00000 0.00000 0.00000 0.00000 0.00000 0.00000 0.00000 0.00000 0.00000 0.00000 0.00000 0.00000 0.00000 0.00000 0.00000 0.00000 0.00000 0.00000 0.00000 0.00000 0.00000 0.00000 0.00000 0.00000 0.00000 0.00000 0.00000 0.00000 0.00000 0.00000 0.00000 0.00000 0.00000 0.00000 0.00000 0.00000 0.00000 0.00000 0.00000 0.00000 0.00000 0.00000 0.00000 0.00000 0.00000 0.00000 0.00000 0.00000 0.00000 0.00000 0.00000 0.00000 0.00000 0.00000 0.00000 0.00000 0.00000
0.00000 0.00000 -0.00000 0.00000 -0.00000 -0.00000 -0.00000 -0.00000 0.00000 -0.00000 0.00000 0.00000 0.00000 0.00000 0.00000 0.00000 0.00000 0.00000 0.00000 0.00000 0.00000 0.00000 0.00000 0.00000 0.00000 0.00000 0.00000 0.00000 0.00000 0.00000 0.00000 0.00000 0.00000 0.00000 0.00000 0.00000 0.00000 0.00000 0.00000 0.00000 0.00000 0.00000 0.00000 0.00000 0.00000 0.00000 0.00000 0.00000 0.00000 0.00000 0.00000 0.00000 0.00000 0.00000 0.00000 0.00000 0.00000 0.00000 0.00000 0.00000 0.00000 0.00000 0.00000 0.00000 0.00000
0.00000 -0.00000 -0.00000 -0.00000 0.00000 -0.00000 -0.00000 -0.00000 -0.00000 0.00000 0.00000 0.00000 0.00000 0.00000 0.00000 0.00000 0.00000 0.00000 0.00000 0.00000 0.00000 0.00000 0.00000 0.00000 0.00000 0.00000 0.00000 0.00000 0.00000 0.00000 0.00000 0.00001 0.00001 0.00002 0.00002 0.00002 0.00001 0.00001 0.00000 0.00000 0.00000 0.00000 0.00000 0.00000 0.00000 0.00000 0.00000 0.00000 0.00000 0.00000 0.00000 0.00000 0.00000 0.00000 0.00000 0.00000 0.00000 0.00000 0.00000 0.00000 0.00000 0.00000 0.00000 0.00000 0.00000
0.00000 -0.00000 0.00000 -0.00000 -0.00000 -0.00000 -0.00000 -0.00000 0.00000 0.00000 0.00000 0.00000 0.00000 0.00000 0.00000 0.00000 0.00000 0.00000 0.00000 0.00000 0.00000 0.00000 0.00000 0.00000 0.00001 0.00003 0.00007 0.00012 0.00018 0.00025 0.00032 0.00038 0.00045 0.00052 0.00058 0.00063 0.00067 0.00070 0.00070 0.00068 0.00063 0.00053 0.00038 0.00022 0.00008 0.00002 0.00000 0.00000 0.00000 0.00000 0.00000 0.00000 0.00000 0.00000 0.00000 0.00000 0.00000 0.00000 0.00000 0.00000 0.00000 0.00000 0.00000 0.00000 0.00000
0.00000 -0.00000 -0.00000 -0.00000 -0.00000 0.00000 -0.00000 0.00000 0.00000 0.00000 0.00000 0.00000 0.00000 0.00000 0.00000 0.00000 0.00000 0.00000 0.00000 0.00000 0.00000 0.00001 0.00004 0.00011 0.00021 0.00034 0.00050 0.00070 0.00091 0.00114 0.00138 0.00163 0.00188 0.00214 0.00239 0.00263 0.00286 0.00305 0.00321 0.00331 0.00334 0.00328 0.00313 0.00292 0.00271 0.00253 0.00234 0.00209 0.00169 0.00110 0.00045 0.00007 0.00000 0.00000 0.00000 0.00000 0.00000 0.00000 0.00000 0.00000 0.00000 0.00000 0.00000 0.00000 0.00000
0.00000 -0.00000 -0.00000 -0.00000 -0.00000 -0.00000 0.00000 0.00000 0.00000 0.00000 0.00000 0.00000 0.00000 0.00000 0.00000 0.00000 0.00000 0.00000 0.00000 0.00001 0.00007 0.00018 0.00033 0.00056 0.00084 0.00120 0.00162 0.00211 0.00265 0.00325 0.00389 0.00457 0.00529 0.00605 0.00684 0.00764 0.00845 0.00924 0.00999 0.01068 0.01126 0.01171 0.01200 0.01215 0.01219 0.01214 0.01195 0.01154 0.01078 0.00962 0.00825 0.00708 0.00616 0.00528 0.00417 0.00260 0.00094 0.00012 0.00000 0.00000 0.00000 0.00000 0.00000 0.00000 0.00000
0.00000 -0.00000 -0.00000 0.00000 -0.00000 -0.00000 0.00000 0.00000 0.00000 0.00000 0.00000 0.00000 0.00000 0.00000 0.00000 0.00000 0.00000 0.00000 0.00005 0.00017 0.00038 0.00068 0.00108 0.00160 0.00224 0.00302 0.00394 0.00501 0.00623 0.00761 0.00914 0.01082 0.01266 0.01465 0.01679 0.01906 0.02144 0.02390 0.02641 0.02890 0.03132 0.03359 0.03565 0.03748 0.03905 0.04034 0.04127 0.04171 0.04149 0.04051 0.03892 0.03706 0.03506 0.03274 0.02970 0.02563 0.02106 0.01713 0.01394 0.01085 0.00723 0.00324 0.00064 0.00003 0.00000
0.00000 -0.00000 -0.00000 -0.00000 -0.00000 -0.00000 0.00000 0.00000 0.00000 0.00000 0.00000 0.00000 0.00000 0.00000 0.00000 0.00000 0.00001 0.00011 0.00030 0.00062 0.00108 0.00173 0.00255 0.00359 0.00487 0.00642 0.00828 0.01048 0.01306 0.01604 0.01945 0.02329 0.02758 0.03231 0.03750 0.04312 0.04914 0.05551 0.06218 0.06904 0.07599 0.08290 0.08965 0.09612 0.10222 0.10783 0.11283 0.11700 0.12011 0.12196 0.12259 0.12221 0.12093 0.11859 0.11472 0.10893 0.10158 0.09361 0.08534 0.07622 0.06540 0.05320 0.04184 0.03244 0.02386
0.00000 -0.00000 0.00000 0.00000 -0.00000 0.00000 0.00000 0.00000 0.00000 0.00000 0.00000 0.00000 0.00000 0.00000 0.00000 0.00003 0.00016 0.00043 0.00088 0.00153 0.00244 0.00363 0.00516 0.00709 0.00948 0.01242 0.01601 0.02034 0.02550 0.03157 0.03861 0.04666 0.05575 0.06588 0.07705 0.08923 0.10237 0.11639 0.13118 0.14660 0.16246 0.17856 0.19469 0.21062 0.22615 0.24108 0.25516 0.26811 0.27961 0.28936 0.29725 0.30333 0.30762 0.30994 0.30979 0.30668 0.30065 0.29226 0.28179 0.26874 0.25221 0.23230 0.21066 0.18834 0.16455
0.00000 0.00000 -0.00000 -0.00000 0.00000 0.00000 0.00000 0.00000 0.00000 0.00000 0.00000 0.00000 0.00000 0.00000 0.00004 0.00021 0.00055 0.00112 0.00198 0.00317 0.00477 0.00687 0.00956 0.01299 0.01731 0.02268 0.02931 0.03739 0.04709 0.05858 0.07196 0.08730 0.10463 0.12395 0.14521 0.16833 0.19321 0.21970 0.24762 0.27674 0.30680 0.33748 0.36848 0.39945 0.43008 0.46006 0.48905 0.51670 0.54261 0.56642 0.58788 0.60688 0.62336 0.63709 0.64759 0.65434 0.65712 0.65611 0.65138 0.64246 0.62854 0.60935 0.58565 0.55800 0.52570
0.00000 -0.00000 -0.00000 -0.00000 0.00000 0.00000 0.00000 0.00000 0.00000 0.00000 0.00000 0.00000 0.00000 0.00005 0.00024 0.00064 0.00132 0.00236 0.00385 0.00587 0.00857 0.01213 0.01674 0.02267 0.03018 0.03960 0.05125 0.06544 0.08245 0.10249 0.12572 0.15219 0.18189 0.21472 0.25056 0.28922 0.33049 0.37412 0.41981 0.46725 0.51607 0.56586 0.61622 0.66671 0.71692 0.76647 0.81494 0.86192 0.90699 0.94973 0.98982 1.02706 1.06127 1.09222 1.11945 1.14249 1.16098 1.17484 1.18397 1.18798 1.18618 1.17814 1.16403 1.14397 1.11737
0.00000 -0.00000 -0.00000 0.00000 0.00000 0.00000 0.00000 0.00000 0.00000 0.00000 0.00000 0.00000 0.00004 0.00024 0.00067 0.00144 0.00264 0.00438 0.00682 0.01013 0.01457 0.02044 0.02812 0.03802 0.05058 0.06628 0.08557 0.10887 0.13650 0.16869 0.20553 0.24700 0.29293 0.34312 0.39725 0.45502 0.51606 0.57999 0.64644 0.71497 0.78514 0.85649 0.92853 1.00079 1.07280 1.14411 1.21428 1.28289 1.34947 1.41362 1.47495 1.53319 1.58810 1.63941 1.68674 1.72963 1.76769 1.80070 1.82844 1.85054 1.86647 1.87579 1.87834 1.87402 1.86240
0.00000 -0.00000 -0.00000 0.00000 0.00000 0.00000 0.00000 0.00000 0.00000 0.00000 0.00000 0.00002 0.00021 0.00065 0.00146 0.00277 0.00471 0.00748 0.01134 0.01660 0.02370 0.03313 0.04547 0.06131 0.08129 0.10599 0.13595 0.17158 0.21318 0.26085 0.31453 0.37402 0.43897 0.50896 0.58354 0.66222 0.74453 0.82999 0.91814 1.00850 1.10060 1.19392 1.28800 1.38231 1.47638 1.56975 1.66196 1.75256 1.84111 1.92718 2.01039 2.09041 2.16693 2.23967 2.30826 2.37225 2.43128 2.48503 2.53321 2.57546 2.61133 2.64038 2.66234 2.67694 2.68382
0.00000 0.00000 0.00000 0.00000 0.00000 0.00000 0.00000 0.00000 0.00000 0.00000 0.00001 0.00017 0.00059 0.00140 0.00275 0.00481 0.00781 0.01207 0.01801 0.02615 0.03716 0.05174 0.07071 0.09483 0.12484 0.16137 0.20492 0.25577 0.31403 0.37961 0.45221 0.53139 0.61661 0.70728 0.80280 0.90258 1.00607 1.11276 1.22215 1.33374 1.44707 1.56165 1.67697 1.79256 1.90795 2.02266 2.13624 2.24827 2.35830 2.46588 2.57062 2.67216 2.77016 2.86428 2.95417 3.03946 3.11970 3.19455 3.26368 3.32675 3.38329 3.43291 3.47523 3.50996 3.53669
0.00000 -0.00000 0.00000 0.00000 0.00000 0.00000 0.00000 0.00000 0.00000 0.00000 0.00012 0.00049 0.00127 0.00260 0.00469 0.00780 0.01229 0.01866 0.02756 0.03977 0.05620 0.07781 0.10557 0.14036 0.18290 0.23373 0.29316 0.36124 0.43780 0.52248 0.61474 0.71394 0.81939 0.93036 1.04620 1.16626 1.28997 1.41683 1.54632 1.67799 1.81136 1.94600 2.08143 2.21718 2.35280 2.48785 2.62186 2.75439 2.88503 3.01332 3.13888 3.26129 3.38021 3.49529 3.60615 3.71237 3.81360 3.90941 3.99948 4.08341 4.16082 4.23125 4.29437 4.34976 4.39707
0.00000 0.00000 0.00000 0.00000 0.00000 0.00000 0.00000 0.00000 0.00000 0.00007 0.00037 0.00107 0.00233 0.00437 0.00747 0.01202 0.01858 0.02788 0.04083 0.05851 0.08206 0.11264 0.15130 0.19887 0.25594 0.32282 0.39951 0.48577 0.58115 0.68502 0.79666 0.91528 1.04009 1.17035 1.30534 1.44444 1.58710 1.73281 1.88111 2.03158 2.18377 2.33725 2.49161 2.64639 2.80115 2.95545 3.10885 3.26093 3.41126 3.55940 3.70495 3.84747 3.98663 4.12199 4.25322 4.37991 4.50164 4.61807 4.72879 4.83343 4.93155 5.02265 5.10580 5.18052 5.24633
0.00000 0.00000 0.00000 0.00000 0.00000 0.00000 0.00000 0.00000 0.00002 0.00024 0.00083 0.00196 0.00388 0.00686 0.01131 0.01782 0.02717 0.04037 0.05865 0.08333 0.11575 0.15714 0.20849 0.27048 0.34342 0.42728 0.52176 0.62630 0.74020 0.86266 0.99283 1.12984 1.27286 1.42114 1.57400 1.73085 1.89115 2.05445 2.22033 2.38837 2.55820 2.72937 2.90153 3.07424 3.24708 3.41964 3.59146 3.76214 3.93123 4.09831 4.26295 4.42478 4.58334 4.73829 4.88919 5.03565 5.17672 5.31181 5.44049 5.56227 5.67675 5.78362 5.88292 5.97437 6.05753
0.00000 0.00000 0.00000 0.00000 0.00000 0.00000 0.00000 0.00000 0.00013 0.00058 0.00155 0.00326 0.00602 0.01024 0.01648 0.02557 0.03857 0.05682 0.08180 0.11505 0.15798 0.21179 0.27725 0.35477 0.44431 0.54550 0.65771 0.78016 0.91196 1.05216 1.19986 1.35416 1.51425 1.67939 1.84894 2.02234 2.19911 2.37883 2.56111 2.74559 2.93191 3.11971 3.30862 3.49823 3.68815 3.87792 4.06719 4.25546 4.44234 4.62742 4.80984 4.98878 5.16376 5.33428 5.49994 5.66033 5.81553 5.96534 6.10938 6.24731 6.37874 6.50326 6.62054 6.73013 6.83167
0.00000 0.00000 0.00000 0.00000 0.00000 0.00000 0.00000 0.00005 0.00036 0.00112 0.00258 0.00504 0.00888 0.01468 0.02323 0.03564 0.05330 0.07783 0.11094 0.15428 0.20924 0.27680 0.35747 0.45127 0.55781 0.67640 0.80614 0.94605 1.09511 1.25232 1.41673 1.58744 1.76367 1.94472 2.12998 2.31892 2.51114 2.70624 2.90389 3.10378 3.30558 3.50897 3.71357 3.91902 4.12487 4.33016 4.53407 4.73609 4.93572 5.13245 5.32626 5.51709 5.70456 5.88837 6.06811 6.24340 6.41392 6.57929 6.73915 6.89313 7.04081 7.18194 7.31603 7.44277 7.56179
0.00000 0.00000 0.00000 0.00000 0.00000 0.00000 0.00001 0.00018 0.00073 0.00190 0.00398 0.00735 0.01255 0.02035 0.03183 0.04842 0.07182 0.10392 0.14660 0.20152 0.26988 0.35241 0.44922 0.55995 0.68388 0.82001 0.96724 1.12443 1.29046 1.46430 1.64495 1.83157 2.02337 2.21967 2.41993 2.62369 2.83055 3.04021 3.25234 3.46667 3.68226 3.89830 4.11431 4.32986 4.54450 4.75836 4.97136 5.18319 5.39340 5.60163 5.80750 6.01061 6.21062 6.40715 6.59982 6.78835 6.97233 7.15142 7.32529 7.49358 7.65599 7.81213 7.96170 8.10428 8.23953
0.00000 0.00000 0.00000 0.00000 0.00000 0.00000 0.00006 0.00041 0.00127 0.00293 0.00577 0.01027 0.01715 0.02743 0.04252 0.06420 0.09450 0.13553 0.18925 0.25719 0.34035 0.43904 0.55301 0.68150 0.82347 0.97767 1.14281 1.31761 1.50087 1.69149 1.88849 2.09099 2.29825 2.50962 2.72459 2.94207 3.16114 3.38128 3.60211 3.82326 4.04502 4.26754 4.49062 4.71395 4.93729 5.16023 5.38247 5.60360 5.82326 6.04111 6.25675 6.46986 6.68007 6.88701 7.09038 7.28982 7.48501 7.67567 7.86147 8.04209 8.21723 8.38657 8.54977 8.70652 8.85644
0.00000 0.00000 0.00000 0.00000 0.00000 0.00000 0.00017 0.00073 0.00198 0.00424 0.00797 0.01382 0.02273 0.03603 0.05549 0.08325 0.12166 0.17302 0.23927 0.32177 0.42119 0.53745 0.66988 0.81738 0.97857 1.15199 1.33614 1.52962 1.73112 1.93945 2.15292 2.36992 2.58939 2.81052 3.03269 3.25599 3.48063 3.70648 3.93341 4.16130 4.38998 4.61932 4.84913 5.07914 5.30912 5.53876 5.76771 5.99566 6.22229 6.44723 6.67016 6.89069 7.10853 7.32337 7.53484 7.74270 7.94669 8.14651 8.34183 8.53244 8.71806 8.89839 9.07309 9.24194 9.40459
0.00000 0.00000 0.00000 0.00000 0.00000 0.00003 0.00033 0.00116 0.00285 0.00580 0.01059 0.01803 0.02935 0.04623 0.07085 0.10574 0.15353 0.21667 0.29704 0.39577 0.51317 0.64876 0.80146 0.96982 1.15215 1.34645 1.54997 1.76052 1.97621 2.19551 2.41772 2.64250 2.86926 3.09755 3.32698 3.55734 3.78847 4.02029 4.25273 4.48577 4.71931 4.95328 5.18752 5.42187 5.65611 5.88999 6.12325 6.35557 6.58663 6.81614 7.04374 7.26913 7.49203 7.71212 7.92918 8.14291 8.35308 8.55945 8.76178 8.95986 9.15343 9.34225 9.52612 9.70477 9.87795
0.00000 0.00000 0.00000 0.00000 0.00000 0.00009 0.00055 0.00169 0.00387 0.00761 0.01360 0.02289 0.03703 0.05810 0.08872 0.13182 0.19035 0.26684 0.36311 0.48003 0.61752 0.77429 0.94793 1.13579 1.33517 1.54363 1.75975 1.98194 2.20872 2.43881 2.67122 2.90515 3.14002 3.37542 3.61110 3.84691 4.08280 4.31879 4.55490 4.79115 5.02758 5.26414 5.50076 5.73735 5.97372 6.20969 6.44503 6.67943 6.91264 7.14434 7.37426 7.60213 7.82767 8.05063 8.27078 8.48788 8.70175 8.91215 9.11892 9.32189 9.52085 9.71568 9.90617 10.09212 10.27335
0.00000 0.00000 0.00000 0.00000 0.00000 0.00018 0.00084 0.00232 0.00507 0.00969 0.01705 0.02849 0.04591 0.07187 0.10947 0.16207 0.23286 0.32418 0.43724 0.57189 0.72671 0.89973 1.08891 1.29182 1.50598 1.72905 1.95890 2.19368 2.43181 2.67203 2.91334 3.15498 3.39645 3.63745 3.87780 4.11749 4.35655 4.59511 4.83326 5.07111 5.30876 5.54625 5.78360 6.02073 6.25750 6.49378 6.72935 6.96400 7.19744 7.42945 7.65976 7.88811 8.11425 8.33800 8.55913 8.77744 8.99276 9.20494 9.41385 9.61935 9.82134 10.01970 10.21433 10.40504 10.59177
0.00000 0.00000 0.00000 0.00000 0.00002 0.00034 0.00124 0.00313 0.00654 0.01221 0.02121 0.03517 0.05639 0.08780 0.13281 0.19483 0.27679 0.38076 0.50756 0.65676 0.82685 1.01560 1.22035 1.43832 1.66676 1.90315 2.14522 2.39104 2.63899 2.88777 3.13642 3.38426 3.63086 3.87599 4.11961 4.36179 4.60267 4.84245 5.08134 5.31953 5.55719 5.79441 6.03125 6.26767 6.50363 6.73898 6.97354 7.20712 7.43953 7.67047 7.89977 8.12718 8.35247 8.57548 8.79599 9.01386 9.22895 9.44112 9.65032 9.85644 10.05942 10.25920 10.45570 10.64889 10.83868
0.00000 0.00000 0.00000 0.00000 0.00007 0.00054 0.00172 0.00405 0.00814 0.01483 0.02541 0.04175 0.06644 0.10271 0.15419 0.22442 0.31638 0.43190 0.57150 0.73435 0.91853 1.12141 1.33997 1.57114 1.81197 2.05977 2.31217 2.56717 2.82314 3.07880 3.33322 3.58578 3.83612 4.08411 4.32978 4.57332 4.81496 5.05500 5.29371 5.53139 5.76824 6.00441 6.24001 6.47504 6.70948 6.94320 7.17606 7.40791 7.63853 7.86770 8.09523 8.32089 8.54450 8.76585 8.98482 9.20126 9.41503 9.62607 9.83432 10.03970 10.24222 10.44180 10.63850 10.83229 11.02316
