tests/data/gray99/saval2D/outputs/resuqv7.asc
north:     17.44
south:      0.00
east:      60.51
west:       0.00
rows:   68
cols:  236
[rows 0 to 27 of 68, columns 64 to 127 of 236]
0.00000 0.00000 0.00000 0.00000 0.00000 0.00000 0.00000 0.00000 0.00000 0.00000 0.00000 0.00000 0.00000 0.00000 0.00000 0.00000 0.00000 0.00000 0.00000 0.00000 0.00000 0.00000 0.00000 0.00000 0.00000 0.00000 0.00000 0.00000 0.00000 0.00000 0.00000 0.00000 0.00000 0.00000 0.00000 0.00000 0.00000 0.00000 0.00000 0.00000 0.00000 0.00000 0.00000 0.00000 0.00000 0.00000 0.00000 0.00000 0.00000 0.00000 0.00000 0.00000 0.00000 0.00000 0.00000 0.00000 0.00000 0.00000 0.00000 0.00000 0.00000 0.00000 0.00000 0.00000
0.00000 0.00000 0.00000 0.00000 0.00000 0.00000 0.00000 0.00000 0.00000 0.00000 0.00000 0.00000 0.00000 0.00000 0.00000 0.00000 0.00000 0.00000 0.00000 0.00000 0.00000 0.00000 0.00000 0.00000 0.00000 0.00000 0.00000 0.00000 0.00000 0.00000 0.00000 0.00000 0.00000 0.00000 0.00000 0.00000 0.00000 0.00000 0.00000 0.00000 0.00000 0.00000 0.00000 0.00000 0.00000 0.00000 0.00000 0.00000 0.00000 0.00000 0.00000 0.00000 0.00000 0.00000 0.00000 0.00000 0.00000 0.00000 0.00000 0.00000 0.00000 0.00000 0.00000 0.00000
0.00000 0.00000 0.00000 0.00000 0.00000 0.00000 0.00000 0.00000 0.00000 0.00000 0.00000 0.00000 0.00000 0.00000 0.00000 0.00000 0.00000 0.00000 0.00000 0.00000 0.00000 0.00000 0.00000 0.00000 0.00000 0.00000 0.00000 0.00000 0.00000 0.00000 0.00000 0.00000 0.00000 0.00000 0.00000 0.00000 0.00000 0.00000 0.00000 0.00000 0.00000 0.00000 0.00000 0.00000 0.00000 0.00000 0.00000 0.00000 0.00000 0.00000 0.00000 0.00000 0.00000 0.00000 0.00000 0.00000 0.00000 0.00000 0.00000 0.00000 0.00000 0.00000 0.00000 0.00000
0.00000 0.00000 0.00000 0.00000 0.00000 0.00000 0.00000 0.00000 0.00000 0.00000 0.00000 0.00000 0.00000 0.00000 0.00000 0.00000 0.00000 0.00000 0.00000 0.00000 0.00000 0.00000 0.00000 0.00000 0.00000 0.00000 0.00000 0.00000 0.00000 0.00000 0.00000 0.00000 0.00000 0.00000 0.00000 0.00000 0.00000 0.00000 0.00000 0.00000 0.00000 0.00000 0.00000 0.00000 0.00000 0.00000 0.00000 0.00000 0.00000 0.00000 0.00000 0.00000 0.00000 0.00000 0.00000 0.00000 0.00000 0.00000 0.00000 0.00000 0.00000 0.00000 0.00000 0.00000
0.00000 0.00000 0.00000 0.00000 0.00000 0.00000 0.00000 0.00000 0.00000 0.00000 0.00000 0.00000 0.00000 0.00000 0.00000 0.00000 0.00000 0.00000 0.00000 0.00000 0.00000 0.00000 0.00000 0.00000 0.00000 0.00000 0.00000 0.00000 0.00000 0.00000 0.00000 0.00000 0.00000 0.00000 0.00000 0.00000 0.00000 0.00000 0.00000 0.00000 0.00000 0.00000 0.00000 0.00000 0.00000 0.00000 0.00000 0.00000 0.00000 0.00000 0.00000 0.00000 0.00000 0.00000 0.00000 0.00000 0.00000 0.00000 0.00000 0.00000 0.00000 0.00000 0.00000 0.00000
0.00000 0.00000 0.00000 0.00000 0.00000 0.00000 0.00000 0.00000 0.00000 0.00000 0.00000 0.00000 0.00000 0.00000 0.00000 0.00000 0.00000 0.00000 0.00000 0.00000 0.00000 0.00000 0.00000 0.00000 0.00000 0.00000 0.00000 0.00000 0.00000 0.00000 0.00000 0.00000 0.00000 0.00000 0.00000 0.00000 0.00000 0.00000 0.00000 0.00000 0.00000 0.00000 0.00000 0.00000 0.00000 0.00000 0.00000 0.00000 0.00000 0.00000 0.00000 0.00000 0.00000 0.00000 0.00000 0.00000 0.00000 0.00000 0.00000 0.00000 0.00000 0.00000 0.00000 0.00000
0.00000 0.00000 0.00000 0.00000 0.00000 0.00000 0.00000 0.00000 0.00000 0.00000 0.00000 0.00000 0.00000 0.00000 0.00000 0.00000 0.00000 0.00000 0.00000 0.00000 0.00000 0.00000 0.00000 0.00000 0.00000 0.00000 0.00000 0.00000 0.00000 0.00000 0.00000 0.00000 0.00000 0.00000 0.00000 0.00000 0.00000 0.00000 0.00000 0.00000 0.00000 0.00000 0.00000 0.00000 0.00000 0.00000 0.00000 0.00000 0.00000 0.00000 0.00000 0.00000 0.00000 0.00000 0.00000 0.00000 0.00000 0.00000 0.00000 0.00000 0.00000 0.00000 0.00000 0.00000
0.00000 0.00000 0.00000 0.00000 0.00000 0.00000 0.00000 0.00000 0.00000 0.00000 0.00000 0.00000 0.00000 0.00000 0.00000 0.00000 0.00000 0.00000 0.00000 0.00000 0.00000 0.00000 0.00000 0.00000 0.00000 0.00000 0.00000 0.00000 0.00000 0.00000 0.00000 0.00000 0.00000 0.00000 0.00000 0.00000 0.00000 0.00000 0.00000 0.00000 0.00000 0.00000 0.00000 0.00000 0.00000 0.00000 0.00000 0.00000 0.00000 0.00000 0.00000 0.00000 0.00000 0.00000 0.00000 0.00000 0.00000 0.00000 0.00000 0.00000 0.00000 0.00000 0.00000 0.00000
0.00008 0.00000 0.00000 0.00000 0.00000 0.00000 0.00000 0.00000 0.00000 0.00000 0.00000 0.00000 0.00000 0.00000 0.00000 0.00000 0.00000 0.00000 0.00000 0.00000 0.00000 0.00000 0.00000 0.00000 0.00000 0.00000 0.00000 0.00000 0.00000 0.00000 0.00000 0.00000 0.00000 0.00000 0.00000 0.00000 0.00000 0.00000 0.00000 0.00000 0.00000 0.00000 0.00000 0.00000 0.00000 0.00000 0.00000 0.00000 0.00000 0.00000 0.00000 0.00000 0.00000 0.00000 0.00000 0.00000 0.00000 0.00000 0.00000 0.00000 0.00000 0.00000 0.00000 0.00000
0.00205 0.00171 0.00146 0.00116 0.00070 0.00022 0.00002 0.00000 0.00000 0.00000 0.00000 0.00000 0.00000 0.00000 0.00000 0.00000 0.00000 0.00000 0.00000 0.00000 0.00000 0.00000 0.00000 0.00000 0.00000 0.00000 0.00000 0.00000 0.00000 0.00000 0.00000 0.00000 0.00000 0.00000 0.00000 0.00000 0.00000 0.00000 0.00000 0.00000 0.00000 0.00000 0.00000 0.00000 0.00000 0.00000 0.00000 0.00000 0.00000 0.00000 0.00000 0.00000 0.00000 0.00000 0.00000 0.00000 0.00000 0.00000 0.00000 0.00000 0.00000 0.00000 0.00000 0.00000
0.00652 0.00587 0.00530 0.00467 0.00384 0.00300 0.00242 0.00203 0.00163 0.00104 0.00037 0.00004 0.00000 0.00000 0.00000 0.00000 0.00000 0.00000 0.00000 0.00000 0.00000 0.00000 0.00000 0.00000 0.00000 0.00000 0.00000 0.00000 0.00000 0.00000 0.00000 0.00000 0.00000 0.00000 0.00000 0.00000 0.00000 0.00000 0.00000 0.00000 0.00000 0.00000 0.00000 0.00000 0.00000 0.00000 0.00000 0.00000 0.00000 0.00000 0.00000 0.00000 0.00000 0.00000 0.00000 0.00000 0.00000 0.00000 0.00000 0.00000 0.00000 0.00000 0.00000 0.00000
0.01439 0.01347 0.01261 0.01167 0.01053 0.00935 0.00833 0.00747 0.00657 0.00546 0.00428 0.00342 0.00284 0.00228 0.00151 0.00059 0.00008 0.00000 0.00000 0.00000 0.00000 0.00000 0.00000 0.00000 0.00000 0.00000 0.00000 0.00000 0.00000 0.00000 0.00000 0.00000 0.00000 0.00000 0.00000 0.00000 0.00000 0.00000 0.00000 0.00000 0.00000 0.00000 0.00000 0.00000 0.00000 0.00000 0.00000 0.00000 0.00000 0.00000 0.00000 0.00000 0.00000 0.00000 0.00000 0.00000 0.00000 0.00000 0.00000 0.00000 0.00000 0.00000 0.00000 0.00000
0.02661 0.02557 0.02452 0.02337 0.02205 0.02061 0.01923 0.01794 0.01658 0.01503 0.01337 0.01190 0.01064 0.00938 0.00787 0.00624 0.00498 0.00413 0.00337 0.00237 0.00110 0.00021 0.00001 0.00000 0.00000 0.00000 0.00000 0.00000 0.00000 0.00000 0.00000 0.00000 0.00000 0.00000 0.00000 0.00000 0.00000 0.00000 0.00000 0.00000 0.00000 0.00000 0.00000 0.00000 0.00000 0.00000 0.00000 0.00000 0.00000 0.00000 0.00000 0.00000 0.00000 0.00000 0.00000 0.00000 0.00000 0.00000 0.00000 0.00000 0.00000 0.00000 0.00000 0.00000
0.04432 0.04335 0.04232 0.04117 0.03982 0.03833 0.03678 0.03523 0.03358 0.03173 0.02974 0.02778 0.02592 0.02404 0.02191 0.01962 0.01753 0.01574 0.01402 0.01201 0.00973 0.00780 0.00649 0.00544 0.00423 0.00256 0.00088 0.00011 0.00000 0.00000 0.00000 0.00000 0.00000 0.00000 0.00000 0.00000 0.00000 0.00000 0.00000 0.00000 0.00000 0.00000 0.00000 0.00000 0.00000 0.00000 0.00000 0.00000 0.00000 0.00000 0.00000 0.00000 0.00000 0.00000 0.00000 0.00000 0.00000 0.00000 0.00000 0.00000 0.00000 0.00000 0.00000 0.00000
0.06883 0.06824 0.06752 0.06665 0.06557 0.06430 0.06290 0.06140 0.05976 0.05791 0.05585 0.05371 0.05155 0.04930 0.04681 0.04411 0.04142 0.03887 0.03632 0.03349 0.03038 0.02742 0.02485 0.02250 0.01993 0.01686 0.01379 0.01146 0.00981 0.00834 0.00654 0.00415 0.00178 0.00047 0.00010 0.00003 0.00002 0.00001 0.00000 0.00000 0.00000 0.00000 0.00000 0.00000 0.00000 0.00000 0.00000 0.00000 0.00000 0.00000 0.00000 0.00000 0.00000 0.00000 0.00000 0.00000 0.00000 0.00000 0.00000 0.00000 0.00000 0.00000 0.00000 0.00000
0.10170 0.10186 0.10185 0.10167 0.10126 0.10062 0.09979 0.09879 0.09761 0.09619 0.09452 0.09267 0.09069 0.08855 0.08616 0.08351 0.08072 0.07791 0.07500 0.07183 0.06835 0.06481 0.06142 0.05813 0.05462 0.05064 0.04651 0.04277 0.03952 0.03640 0.03286 0.02864 0.02438 0.02099 0.01857 0.01656 0.01432 0.01138 0.00791 0.00476 0.00268 0.00159 0.00105 0.00075 0.00056 0.00043 0.00034 0.00027 0.00021 0.00016 0.00012 0.00008 0.00006 0.00004 0.00002 0.00001 0.00001 0.00000 0.00000 0.00000 0.00000 0.00000 0.00000 0.00000
0.14461 0.14602 0.14723 0.14823 0.14901 0.14953 0.14983 0.14990 0.14975 0.14934 0.14865 0.14771 0.14657 0.14520 0.14355 0.14161 0.13944 0.13710 0.13460 0.13182 0.12871 0.12540 0.12205 0.11866 0.11506 0.11106 0.10679 0.10261 0.09870 0.09486 0.09067 0.08590 0.08094 0.07647 0.07271 0.06930 0.06553 0.06088 0.05561 0.05068 0.04688 0.04412 0.04158 0.03830 0.03372 0.02808 0.02222 0.01700 0.01278 0.00949 0.00695 0.00492 0.00328 0.00199 0.00102 0.00034 -0.00010 -0.00032 -0.00040 -0.00037 -0.00030 -0.00023 -0.00016 -0.00011
0.19929 0.20252 0.20555 0.20835 0.21092 0.21323 0.21529 0.21710 0.21865 0.21993 0.22091 0.22161 0.22203 0.22219 0.22205 0.22158 0.22081 0.21979 0.21853 0.21698 0.21509 0.21291 0.21056 0.20806 0.20534 0.20228 0.19893 0.19549 0.19212 0.18877 0.18521 0.18124 0.17705 0.17309 0.16958 0.16635 0.16288 0.15875 0.15407 0.14944 0.14524 0.14110 0.13623 0.12969 0.12139 0.11210 0.10279 0.09363 0.08389 0.07269 0.05988 0.04642 0.03363 0.02220 0.01226 0.00395 -0.00253 -0.00711 -0.00983 -0.01092 -0.01078 -0.00986 -0.00852 -0.00703
0.26730 0.27300 0.27849 0.28376 0.28879 0.29357 0.29809 0.30234 0.30631 0.30999 0.31335 0.31640 0.31913 0.32155 0.32364 0.32537 0.32675 0.32781 0.32855 0.32896 0.32901 0.32871 0.32813 0.32732 0.32625 0.32486 0.32316 0.32127 0.31933 0.31735 0.31523 0.31286 0.31029 0.30772 0.30523 0.30251 0.29917 0.29460 0.28862 0.28146 0.27339 0.26441 0.25410 0.24220 0.22886 0.21459 0.19982 0.18451 0.16829 0.15091 0.13250 0.11326 0.09312 0.07238 0.05191 0.03206 0.01294 -0.00517 -0.02171 -0.03603 -0.04744 -0.05525 -0.05899 -0.05871
0.34986 0.35870 0.36733 0.37575 0.38394 0.39186 0.39951 0.40688 0.41394 0.42068 0.42708 0.43313 0.43882 0.44413 0.44906 0.45358 0.45769 0.46141 0.46473 0.46765 0.47017 0.47229 0.47406 0.47554 0.47674 0.47766 0.47834 0.47879 0.47892 0.47862 0.47768 0.47559 0.47221 0.46754 0.46165 0.45461 0.44621 0.43630 0.42487 0.41206 0.39802 0.38277 0.36620 0.34823 0.32900 0.30881 0.28789 0.26626 0.24382 0.22054 0.19646 0.17160 0.14586 0.11918 0.09171 0.06395 0.03629 0.00902 -0.01768 -0.04399 -0.07005 -0.09564 -0.11986 -0.14105
0.44772 0.46036 0.47279 0.48501 0.49698 0.50867 0.52007 0.53115 0.54188 0.55226 0.56225 0.57183 0.58099 0.58972 0.59801 0.60585 0.61326 0.62025 0.62688 0.63318 0.63913 0.64432 0.64910 0.65278 0.65502 0.65565 0.65463 0.65197 0.64789 0.64257 0.63594 0.62808 0.61893 0.60845 0.59666 0.58349 0.56885 0.55267 0.53491 0.51569 0.49512 0.47331 0.45028 0.42607 0.40082 0.37471 0.34793 0.32055 0.29263 0.26420 0.23534 0.20610 0.17645 0.14622 0.11525 0.08364 0.05164 0.01942 -0.01317 -0.04662 -0.08139 -0.11756 -0.15470 -0.19189
0.56115 0.57819 0.59502 0.61161 0.62794 0.64397 0.65969 0.67506 0.69008 0.70476 0.71911 0.73319 0.74701 0.76000 0.77284 0.78454 0.79452 0.80250 0.80838 0.81212 0.81381 0.81395 0.81232 0.80932 0.80501 0.79938 0.79238 0.78400 0.77421 0.76301 0.75043 0.73647 0.72111 0.70434 0.68615 0.66656 0.64553 0.62306 0.59917 0.57394 0.54749 0.51995 0.49141 0.46197 0.43178 0.40098 0.36974 0.33816 0.30634 0.27436 0.24231 0.21028 0.17830 0.14623 0.11397 0.08138 0.04847 0.01513 -0.01913 -0.05489 -0.09275 -0.13298 -0.17557 -0.22014
0.69053 0.71275 0.73490 0.75705 0.77922 0.80075 0.82248 0.84307 0.86178 0.87825 0.89227 0.90379 0.91283 0.92013 0.92527 0.92884 0.93097 0.93164 0.93083 0.92849 0.92455 0.91902 0.91185 0.90318 0.89308 0.88158 0.86868 0.85440 0.83873 0.82170 0.80332 0.78362 0.76259 0.74023 0.71656 0.69162 0.66543 0.63802 0.60946 0.57983 0.54926 0.51788 0.48581 0.45318 0.42012 0.38678 0.35329 0.31976 0.28629 0.25299 0.21993 0.18721 0.15478 0.12268 0.09083 0.05908 0.02732 -0.00488 -0.03814 -0.07313 -0.11039 -0.15024 -0.19285 -0.23814
0.84139 0.86531 0.88667 0.90539 0.92152 0.93610 0.94850 0.95938 0.96887 0.97695 0.98356 0.98861 0.99200 0.99366 0.99349 0.99164 0.98825 0.98334 0.97695 0.96906 0.95967 0.94878 0.93643 0.92268 0.90757 0.89114 0.87341 0.85440 0.83415 0.81266 0.78999 0.76615 0.74117 0.71508 0.68792 0.65973 0.63058 0.60053 0.56965 0.53804 0.50583 0.47314 0.44009 0.40680 0.37340 0.34000 0.30673 0.27367 0.24093 0.20858 0.17669 0.14528 0.11436 0.08398 0.05410 0.02462 -0.00461 -0.03428 -0.06497 -0.09734 -0.13183 -0.16879 -0.20843 -0.25083
0.90624 0.92153 0.93548 0.94798 0.95889 0.96801 0.97529 0.98094 0.98509 0.98779 0.98904 0.98880 0.98704 0.98372 0.97883 0.97245 0.96462 0.95540 0.94479 0.93283 0.91952 0.90487 0.88895 0.87178 0.85342 0.83390 0.81327 0.79155 0.76879 0.74502 0.72029 0.69464 0.66812 0.64076 0.61262 0.58375 0.55423 0.52413 0.49353 0.46253 0.43122 0.39972 0.36813 0.33657 0.30512 0.27388 0.24296 0.21242 0.18233 0.15274 0.12369 0.09518 0.06726 0.03995 0.01324 -0.01295 -0.03879 -0.06505 -0.09222 -0.12085 -0.15135 -0.18402 -0.21913 -0.25684
0.88588 0.89562 0.90408 0.91121 0.91694 0.92117 0.92390 0.92521 0.92516 0.92377 0.92107 0.91703 0.91164 0.90490 0.89683 0.88744 0.87680 0.86493 0.85186 0.83763 0.82225 0.80576 0.78821 0.76963 0.75008 0.72960 0.70824 0.68603 0.66303 0.63927 0.61482 0.58970 0.56398 0.53770 0.51090 0.48366 0.45604 0.42811 0.39993 0.37159 0.34318 0.31477 0.28645 0.25830 0.23041 0.20285 0.17567 0.14893 0.12268 0.09694 0.07173 0.04708 0.02301 -0.00047 -0.02337 -0.04574 -0.06778 -0.09019 -0.11335 -0.13770 -0.16359 -0.19135 -0.22124 -0.25348
0.80777 0.81306 0.81722 0.82021 0.82200 0.82255 0.82186 0.81996 0.81689 0.81267 0.80731 0.80082 0.79321 0.78447 0.77464 0.76374 0.75181 0.73889 0.72500 0.71018 0.69446 0.67788 0.66048 0.64230 0.62339 0.60380 0.58356 0.56272 0.54132 0.51942 0.49704 0.47423 0.45105 0.42752 0.40371 0.37966 0.35543 0.33107 0.30663 0.28219 0.25781 0.23354 0.20945 0.18560 0.16206 0.13885 0.11604 0.09365 0.07171 0.05024 0.02926 0.00878 -0.01119 -0.03063 -0.04957 -0.06804 -0.08627 -0.10476 -0.12381 -0.14377 -0.16498 -0.18772 -0.21230 -0.23895
0.69948 0.70143 0.70240 0.70238 0.70135 0.69932 0.69627 0.69225 0.68727 0.68136 0.67454 0.66681 0.65821 0.64873 0.63842 0.62729 0.61539 0.60273 0.58936 0.57531 0.56061 0.54528 0.52938 0.51293 0.49597 0.47855 0.46070 0.44246 0.42386 0.40494 0.38573 0.36627 0.34660 0.32675 0.30676 0.28667 0.26652 0.24636 0.22621 0.20613 0.18617 0.16637 0.14677 0.12742 0.10835 0.08959 0.07118 0.05313 0.03547 0.01820 0.00135 -0.01508 -0.03109 -0.04669 -0.06187 -0.07667 -0.09132 -0.10610 -0.12124 -0.13706 -0.15384 -0.17187 -0.19143 -0.21278
