tests/data/gray99/saval2D/outputs/resuqu9.asc
north:     17.44
south:      0.00
east:      60.51
west:       0.00
rows:   68
cols:  236
[rows 29 to 57 of 68, columns 130 to 194 of 236]
15.44610 15.51413 15.57322 15.62293 15.66285 15.69259 15.71176 15.72003 15.71707 15.70261 15.67642 15.63831 15.58817 15.52591 15.45150 15.36497 15.26638 15.15585 15.03350 14.89951 14.75406 14.59734 14.42958 14.25096 14.06168 13.86190 13.65176 13.43144 13.20114 12.96096 12.71090 12.45085 12.18054 11.89957 11.60738 11.30327 10.98636 10.65565 10.31000 9.94810 9.56842 9.16914 8.74798 8.30190 7.82674 7.31667 6.76354 6.15625 5.48093 4.72321 3.87546 2.95152 2.00720 1.15040 0.50969 0.15259 0.02454 0.00138 0.00001 0.00000 0.00000 0.00000 0.00000 0.00000 0.00000
15.88828 15.95475 16.01287 16.06222 16.10238 16.13290 16.15336 16.16332 16.16238 16.15015 16.12629 16.09048 16.04248 15.98207 15.90910 15.82349 15.72518 15.61419 15.49058 15.35444 15.20594 15.04525 14.87260 14.68821 14.49233 14.28516 14.06695 13.83795 13.59846 13.34867 13.08867 12.81843 12.53781 12.24647 11.94395 11.62961 11.30267 10.96218 10.60704 10.23599 9.84758 9.44005 9.01119 8.55814 8.07696 7.56215 7.00605 6.39816 5.72512 4.97244 4.13043 3.20716 2.24811 1.35045 0.64336 0.21583 0.04183 0.00325 0.00005 0.00000 0.00000 0.00000 0.00000 0.00000 0.00000
16.20180 16.26722 16.32473 16.37392 16.41433 16.44550 16.46696 16.47822 16.47880 16.46825 16.44613 16.41206 16.36572 16.30682 16.23511 16.15042 16.05261 15.94160 15.81740 15.68004 15.52966 15.36643 15.19057 15.00232 14.80194 14.58969 14.36587 14.13080 13.88484 13.62825 13.36119 13.08369 12.79567 12.49688 12.18690 11.86517 11.53094 11.18332 10.82125 10.44351 10.04867 9.63503 9.20045 8.74215 8.25634 7.73776 7.17903 6.57008 5.89795 5.14822 4.31016 3.38846 2.42192 1.49964 0.74872 0.27021 0.05894 0.00561 0.00013 0.00000 0.00000 0.00000 0.00000 0.00000 0.00000
16.37112 16.43602 16.49333 16.54262 16.58344 16.61529 16.63767 16.65007 16.65203 16.64307 16.62273 16.59055 16.54610 16.48902 16.41897 16.33567 16.23894 16.12868 16.00487 15.86754 15.71678 15.55273 15.37559 15.18561 14.98307 14.76832 14.54164 14.30340 14.05397 13.79367 13.52269 13.24111 12.94890 12.64583 12.33153 12.00548 11.66696 11.31510 10.94887 10.56708 10.16832 9.75092 9.31277 8.85115 8.36234 7.84119 7.28049 6.67039 5.99816 5.24948 4.41318 3.49234 2.52230 1.58754 0.81303 0.30532 0.07099 0.00753 0.00020 0.00000 0.00000 0.00000 0.00000 0.00000 0.00000
16.38609 16.45100 16.50838 16.55781 16.59883 16.63095 16.65368 16.66651 16.66893 16.66046 16.64064 16.60899 16.56511 16.50860 16.43913 16.35640 16.26023 16.15049 16.02714 15.89018 15.73972 15.57587 15.39884 15.20886 15.00623 14.79129 14.56432 14.32569 14.07581 13.81498 13.54342 13.26121 12.96831 12.66453 12.34951 12.02271 11.68345 11.33086 10.96391 10.58143 10.18202 9.76399 9.32525 8.86309 8.37378 7.85219 7.29112 6.68073 6.00828 5.25946 4.42305 3.50198 2.53131 1.59522 0.81855 0.30831 0.07203 0.00770 0.00021 0.00000 0.00000 0.00000 0.00000 0.00000 0.00000
16.25987 16.32540 16.38328 16.43309 16.47439 16.50672 16.52958 16.54249 16.54494 16.53644 16.51654 16.48479 16.44081 16.38424 16.31481 16.23227 16.13644 16.02720 15.90451 15.76837 15.61888 15.45619 15.28052 15.09211 14.89121 14.67808 14.45306 14.21648 13.96873 13.71009 13.44076 13.16080 12.87015 12.56860 12.25577 11.93112 11.59394 11.24336 10.87836 10.49773 10.10007 9.68369 9.24648 8.78567 8.29750 7.77673 7.21603 6.60537 5.93184 5.18099 4.34196 3.41896 2.44995 1.52305 0.76512 0.27881 0.06177 0.00604 0.00014 0.00000 0.00000 0.00000 0.00000 0.00000 0.00000
15.99965 16.06633 16.12505 16.17540 16.21694 16.24922 16.27180 16.28421 16.28601 16.27677 16.25607 16.22355 16.17887 16.12175 16.05197 15.96933 15.87374 15.76511 15.64345 15.50881 15.36129 15.20105 15.02828 14.84321 14.64608 14.43713 14.21661 13.98483 13.74211 13.48869 13.22470 12.95017 12.66500 12.36890 12.06147 11.74212 11.41011 11.06454 10.70436 10.32834 9.93506 9.52280 9.08939 8.63199 8.14670 7.62810 7.06857 6.45772 5.78223 5.02760 4.18382 3.25810 2.29441 1.38827 0.66887 0.22839 0.04556 0.00372 0.00007 0.00000 0.00000 0.00000 0.00000 0.00000 0.00000
15.60682 15.67514 15.73502 15.78605 15.82782 15.85991 15.88192 15.89345 15.89413 15.88362 15.86160 15.82780 15.78198 15.72396 15.65362 15.57086 15.47567 15.36804 15.24804 15.11576 14.97134 14.81493 14.64672 14.46691 14.27570 14.07327 13.85978 13.63548 13.40062 13.15534 12.89972 12.63369 12.35706 12.06950 11.77051 11.45945 11.13552 10.79778 10.44514 10.07634 9.68991 9.28407 8.85658 8.40445 7.92359 7.40827 6.85042 6.23909 5.56048 4.80014 3.94985 3.02204 2.07020 1.20012 0.54124 0.16666 0.02807 0.00171 0.00002 0.00000 0.00000 0.00000 0.00000 0.00000 0.00000
15.08098 15.15141 15.21279 15.26472 15.30680 15.33868 15.36001 15.37049 15.36984 15.35783 15.33429 15.29905 15.25204 15.19320 15.12252 15.04005 14.94585 14.84003 14.72271 14.59404 14.45419 14.30330 14.14155 13.96910 13.78607 13.59258 13.38871 13.17458 12.95034 12.71606 12.47168 12.21705 11.95188 11.67572 11.38801 11.08802 10.77487 10.44757 10.10497 9.74576 9.36842 8.97108 8.55138 8.10613 7.63096 7.11966 6.56357 5.95100 5.26758 4.49937 3.64140 2.71440 1.78536 0.97184 0.39759 0.10494 0.01369 0.00053 0.00000 0.00000 0.00000 0.00000 0.00000 0.00000 0.00000
14.42051 14.49353 14.55680 14.60994 14.65259 14.68445 14.70526 14.71483 14.71302 14.69973 14.67494 14.63866 14.59097 14.53197 14.46180 14.38062 14.28862 14.18599 14.07292 13.94961 13.81623 13.67293 13.51985 13.35709 13.18471 13.00271 12.81105 12.60977 12.39887 12.17831 11.94791 11.70740 11.45636 11.19425 10.92039 10.63396 10.33401 10.01946 9.68912 9.34160 8.97530 8.58824 8.17788 7.74076 7.27209 6.76506 6.21017 5.59484 4.90428 4.12592 3.26047 2.34111 1.45248 0.72217 0.25652 0.05410 0.00484 0.00010 0.00000 0.00000 0.00000 0.00000 0.00000 0.00000 0.00000
13.62312 13.69919 13.76483 13.81964 13.86333 13.89566 13.91648 13.92574 13.92345 13.90968 13.88459 13.84837 13.80126 13.74353 13.67546 13.59734 13.50947 13.41210 13.30549 13.18985 13.06536 12.93215 12.79030 12.63983 12.48072 12.31287 12.13608 11.95026 11.75531 11.55104 11.33715 11.11323 10.87873 10.63301 10.37525 10.10454 9.81985 9.52004 9.20381 8.86971 8.51604 8.14065 7.74076 7.31255 6.85062 6.34736 5.79223 5.17168 4.47094 3.68056 2.81073 1.91257 1.09097 0.47593 0.13816 0.02104 0.00107 0.00001 0.00000 0.00000 0.00000 0.00000 0.00000 0.00000 0.00000
12.68637 12.76596 12.83452 12.89167 12.93717 12.97086 12.99274 13.00289 13.00150 12.98883 12.96521 12.93101 12.88664 12.83251 12.76904 12.69661 12.61560 12.52632 12.42904 12.32398 12.21130 12.09107 11.96332 11.82798 11.68491 11.53388 11.37459 11.20679 11.03023 10.84461 10.64948 10.44431 10.22842 10.00103 9.76123 9.50801 9.24024 8.95670 8.65603 8.33667 7.99676 7.63396 7.24514 6.82593 6.37019 5.86921 5.31123 4.68186 3.96749 3.16494 2.29963 1.44652 0.73019 0.26485 0.05762 0.00538 0.00012 0.00000 0.00000 0.00000 0.00000 0.00000 -0.00000 0.00000 0.00000
11.60856 11.69213 11.76432 11.82474 11.87322 11.90972 11.93437 11.94739 11.94916 11.94010 11.92072 11.89153 11.85307 11.80588 11.75045 11.68723 11.61663 11.53897 11.45453 11.36348 11.26594 11.16192 11.05135 10.93409 10.80986 10.67832 10.53901 10.39154 10.23557 10.07063 9.89617 9.71151 9.51586 9.30831 9.08787 8.85341 8.60374 8.33755 8.05338 7.74956 7.42402 7.07412 6.69623 6.28528 5.83406 5.33251 4.76755 4.12462 3.39368 2.58314 1.74201 0.97712 0.41604 0.11612 0.01640 0.00072 0.00001 0.00000 0.00000 0.00000 0.00000 0.00000 -0.00000 0.00000 0.00000
10.39010 10.47813 10.55483 10.61983 10.67303 10.71449 10.74445 10.76329 10.77152 10.76969 10.75842 10.73833 10.71003 10.67410 10.63106 10.58137 10.52542 10.46351 10.39587 10.32262 10.24379 10.15933 10.06907 9.97277 9.87004 9.76042 9.64331 9.51817 9.38457 9.24192 9.08955 8.92665 8.75234 8.56560 8.36535 8.15038 7.91943 7.67110 7.40382 7.11573 6.80450 6.46701 6.09897 5.69428 5.24434 4.73749 4.15958 3.49753 2.74976 1.94896 1.18143 0.56591 0.18890 0.03560 0.00256 0.00004 0.00000 0.00000 0.00000 0.00000 0.00000 0.00000 -0.00000 0.00000 0.00000
9.03556 9.12859 9.21098 9.28239 9.34275 9.39219 9.43104 9.45976 9.47890 9.48907 9.49090 9.48503 9.47206 9.45253 9.42692 9.39564 9.35901 9.31727 9.27056 9.21893 9.16234 9.10063 9.03358 8.96081 8.88186 8.79613 8.70292 8.60161 8.49160 8.37224 8.24275 8.10224 7.94972 7.78411 7.60425 7.40887 7.19662 6.96601 6.71530 6.44238 6.14447 5.81781 5.45710 5.05481 4.60050 4.08072 3.48161 2.79966 2.05889 1.32274 0.69098 0.26267 0.06076 0.00619 0.00015 0.00000 0.00000 0.00000 0.00000 0.00000 -0.00000 0.00000 -0.00000 0.00000 0.00000
7.55702 7.65580 7.74549 7.82579 7.89660 7.95805 8.01043 8.05415 8.08969 8.11759 8.13836 8.15255 8.16063 8.16303 8.16012 8.15221 8.13950 8.12215 8.10019 8.07362 8.04229 8.00599 7.96440 7.91709 7.86350 7.80295 7.73461 7.65777 7.57180 7.47595 7.36935 7.25106 7.12002 6.97510 6.81508 6.63863 6.44431 6.23047 5.99512 5.73572 5.44882 5.12960 4.77111 4.36373 3.89589 3.35805 2.74827 2.07968 1.39411 0.77496 0.32338 0.08652 0.01124 0.00042 0.00000 0.00000 0.00000 0.00000 0.00000 0.00000 -0.00000 0.00000 -0.00000 0.00000 0.00000
5.98003 6.08551 6.18461 6.27691 6.36221 6.44047 6.51175 6.57624 6.63417 6.68583 6.73151 6.77151 6.80610 6.83553 6.86002 6.87971 6.89471 6.90506 6.91073 6.91161 6.90754 6.89823 6.88332 6.86231 6.83459 6.79939 6.75585 6.70318 6.64067 6.56753 6.48286 6.38566 6.27485 6.14926 6.00762 5.84853 5.67037 5.47116 5.24837 4.99866 4.71748 4.39931 4.03789 3.62614 3.15636 2.62123 2.02382 1.39550 0.80897 0.35988 0.10643 0.01633 0.00081 0.00001 0.00000 0.00000 0.00000 0.00000 -0.00000 0.00000 -0.00000 0.00000 -0.00000 0.00000 0.00000
4.35434 4.46740 4.57793 4.68530 4.78896 4.88849 4.98352 5.07379 5.15912 5.23940 5.31455 5.38457 5.44946 5.50927 5.56400 5.61370 5.65834 5.69788 5.73224 5.76127 5.78475 5.80237 5.81374 5.81835 5.81552 5.80447 5.78421 5.75394 5.71297 5.66050 5.59558 5.51718 5.42411 5.31510 5.18873 5.04345 4.87753 4.68925 4.47670 4.23737 3.96775 3.66221 3.31167 2.90499 2.43317 1.89903 1.33049 0.79072 0.36590 0.11529 0.01967 0.00118 0.00001 0.00000 0.00000 0.00000 0.00000 0.00000 -0.00000 0.00000 -0.00000 0.00000 -0.00000 0.00000 0.00000
2.77412 2.89346 3.01494 3.13757 3.26029 3.38207 3.50197 3.61915 3.73288 3.84257 3.94775 4.04805 4.14322 4.23306 4.31744 4.39624 4.46935 4.53668 4.59807 4.65334 4.70225 4.74447 4.77958 4.80703 4.82613 4.83592 4.83540 4.82368 4.80004 4.76374 4.71409 4.65048 4.57234 4.47901 4.36972 4.24346 4.09888 3.93357 3.74370 3.52391 3.26703 2.96429 2.60679 2.18850 1.71339 1.20675 0.72413 0.34100 0.11082 0.01998 0.00133 0.00002 0.00000 0.00000 0.00000 0.00000 0.00000 0.00000 -0.00000 0.00000 -0.00000 0.00000 -0.00000 0.00000 -0.00000
1.40658 1.52228 1.64492 1.77318 1.90555 2.04054 2.17663 2.31244 2.44673 2.57839 2.70654 2.83044 2.94949 3.06326 3.17140 3.27363 3.36973 3.45946 3.54257 3.61873 3.68755 3.74855 3.80121 3.84515 3.87997 3.90533 3.92078 3.92608 3.92109 3.90541 3.87838 3.83901 3.78596 3.71766 3.63223 3.52739 3.40025 3.24714 3.06350 2.84347 2.57998 2.26584 1.89697 1.47891 1.03621 0.61859 0.29029 0.09440 0.01716 0.00117 0.00002 0.00000 0.00000 0.00000 0.00000 -0.00000 0.00000 0.00000 -0.00000 0.00000 -0.00000 0.00000 -0.00000 0.00000 -0.00000
0.47542 0.56135 0.65822 0.76517 0.88098 1.00412 1.13294 1.26567 1.40064 1.53622 1.67096 1.80358 1.93296 2.05816 2.17838 2.29304 2.40166 2.50394 2.59967 2.68875 2.77118 2.84701 2.91622 2.97862 3.03374 3.08072 3.11845 3.14588 3.16202 3.16586 3.15628 3.13209 3.09205 3.03468 2.95808 2.85975 2.73638 2.58367 2.39628 2.16818 1.89398 1.57214 1.21070 0.83451 0.48802 0.22336 0.07047 0.01234 0.00080 0.00001 0.00000 0.00000 0.00000 -0.00000 0.00000 -0.00000 -0.00000 -0.00000 0.00000 -0.00000 -0.00000 0.00000 -0.00000 -0.00000 0.00000
0.07728 0.11207 0.15770 0.21509 0.28453 0.36564 0.45747 0.55860 0.66729 0.78169 0.89994 1.02031 1.14124 1.26143 1.37981 1.49548 1.60779 1.71625 1.82047 1.92002 2.01441 2.10304 2.18523 2.26012 2.32678 2.38418 2.43117 2.46687 2.49057 2.50143 2.49846 2.48050 2.44608 2.39329 2.31964 2.22194 2.09620 1.93780 1.74205 1.50581 1.23056 0.92721 0.62075 0.34955 0.15242 0.04512 0.00723 0.00042 0.00001 0.00000 0.00000 0.00000 0.00000 -0.00000 0.00000 -0.00000 -0.00000 -0.00000 0.00000 -0.00000 -0.00000 0.00000 -0.00000 0.00000 0.00000
0.00266 0.00646 0.01401 0.02734 0.04854 0.07942 0.12123 0.17448 0.23895 0.31377 0.39759 0.48879 0.58569 0.68666 0.79025 0.89508 0.99985 1.10335 1.20445 1.30221 1.39578 1.48435 1.56711 1.64315 1.71149 1.77091 1.82018 1.85827 1.88438 1.89761 1.89683 1.88058 1.84697 1.79358 1.71741 1.61501 1.48276 1.31777 1.11951 0.89267 0.65047 0.41661 0.22143 0.08951 0.02392 0.00331 0.00016 0.00000 0.00000 0.00000 0.00000 -0.00000 0.00000 -0.00000 0.00000 0.00000 -0.00000 -0.00000 -0.00000 -0.00000 0.00000 -0.00000 -0.00000 0.00000 -0.00000
0.00000 0.00002 0.00011 0.00053 0.00200 0.00583 0.01393 0.02840 0.05110 0.08334 0.12565 0.17786 0.23922 0.30858 0.38447 0.46529 0.54949 0.63560 0.72221 0.80803 0.89185 0.97253 1.04890 1.11979 1.18393 1.23991 1.28619 1.32165 1.34547 1.35652 1.35340 1.33427 1.29690 1.23873 1.15711 1.04985 0.91615 0.75821 0.58323 0.40510 0.24365 0.11930 0.04324 0.00994 0.00111 0.00004 0.00000 0.00000 0.00000 0.00000 0.00000 0.00000 -0.00000 0.00000 -0.00000 0.00000 -0.00000 0.00000 -0.00000 -0.00000 0.00000 0.00000 -0.00000 0.00000 -0.00000
0.00000 0.00000 0.00000 0.00000 0.00000 0.00003 0.00023 0.00109 0.00368 0.00966 0.02086 0.03889 0.06477 0.09887 0.14097 0.19035 0.24592 0.30641 0.37038 0.43640 0.50299 0.56871 0.63212 0.69172 0.74598 0.79315 0.83158 0.85999 0.87741 0.88254 0.87373 0.84911 0.80678 0.74521 0.66382 0.56385 0.44948 0.32882 0.21380 0.11798 0.05158 0.01605 0.00298 0.00025 0.00001 0.00000 0.00000 0.00000 0.00000 -0.00000 -0.00000 0.00000 0.00000 0.00000 -0.00000 0.00000 -0.00000 0.00000 -0.00000 0.00000 0.00000 0.00000 -0.00000 0.00000 -0.00000
0.00000 0.00000 0.00000 0.00000 0.00000 0.00000 0.00000 0.00000 0.00002 0.00018 0.00087 0.00300 0.00786 0.01681 0.03097 0.05104 0.07721 0.10916 0.14617 0.18720 0.23098 0.27609 0.32101 0.36411 0.40367 0.43784 0.46482 0.48336 0.49244 0.49067 0.47669 0.44940 0.40839 0.35440 0.28990 0.21953 0.15001 0.08922 0.04381 0.01640 0.00413 0.00057 0.00003 0.00000 0.00000 0.00000 0.00000 0.00000 0.00000 -0.00000 -0.00000 0.00000 0.00000 -0.00000 -0.00000 0.00000 -0.00000 -0.00000 0.00000 -0.00000 0.00000 0.00000 -0.00000 -0.00000 0.00000
0.00000 0.00000 0.00000 0.00000 0.00000 0.00000 0.00000 0.00000 0.00000 0.00000 0.00000 0.00003 0.00018 0.00079 0.00251 0.00617 0.01265 0.02261 0.03636 0.05382 0.07450 0.09758 0.12195 0.14628 0.16907 0.18866 0.20351 0.21252 0.21479 0.20939 0.19582 0.17435 0.14622 0.11379 0.08046 0.05019 0.02647 0.01108 0.00335 0.00063 0.00006 0.00000 0.00000 0.00000 0.00000 0.00000 -0.00000 0.00000 0.00000 -0.00000 -0.00000 0.00000 0.00000 0.00000 -0.00000 0.00000 -0.00000 0.00000 -0.00000 0.00000 -0.00000 0.00000 0.00000 0.00000 0.00000
0.00000 0.00000 0.00000 0.00000 0.00000 0.00000 0.00000 0.00000 0.00000 0.00000 0.00000 0.00000 0.00000 0.00000 0.00003 0.00016 0.00059 0.00169 0.00388 0.00754 0.01287 0.01984 0.02810 0.03705 0.04587 0.05356 0.05918 0.06200 0.06153 0.05749 0.05016 0.04039 0.02950 0.01906 0.01052 0.00470 0.00158 0.00036 0.00005 0.00000 0.00000 0.00000 0.00000 0.00000 -0.00000 0.00000 -0.00000 -0.00000 0.00000 -0.00000 -0.00000 0.00000 -0.00000 0.00000 -0.00000 0.00000 0.00000 0.00000 -0.00000 0.00000 -0.00000 -0.00000 0.00000 -0.00000 0.00000
0.00000 0.00000 0.00000 0.00000 0.00000 0.00000 0.00000 0.00000 0.00000 0.00000 0.00000 0.00000 0.00000 0.00000 0.00000 0.00000 0.00000 0.00002 0.00009 0.00028 0.00072 0.00151 0.00269 0.00422 0.00592 0.00750 0.00865 0.00911 0.00873 0.00755 0.00583 0.00394 0.00226 0.00106 0.00038 0.00009 0.00002 0.00000 0.00000 0.00000 0.00000 -0.00000 0.00000 0.00000 -0.00000 0.00000 0.00000 -0.00000 0.00000 -0.00000 -0.00000 0.00000 -0.00000 0.00000 -0.00000 -0.00000 0.00000 0.00000 -0.00000 0.00000 0.00000 -0.00000 0.00000 0.00000 0.00000
