tests/data/gray99/saval2D/outputs/resuh7.asc
north:     17.44
south:      0.00
east:      60.51
west:       0.00
rows:   68
cols:  236
[rows 0 to 28 of 68, columns 0 to 66 of 236]
0.00001 0.00001 0.00001 0.00001 0.00001 0.00001 0.00001 0.00001 0.00001 0.00001 0.00001 0.00001 0.00001 0.00001 0.00001 0.00001 0.00001 0.00001 0.00001 0.00001 0.00001 0.00001 0.00001 0.00001 0.00001 0.00001 0.00001 0.00001 0.00001 0.00001 0.00001 0.00001 0.00001 0.00001 0.00001 0.00001 0.00001 0.00001 0.00001 0.00001 0.00001 0.00001 0.00001 0.00001 0.00001 0.00001 0.00001 0.00001 0.00001 0.00001 0.00001 0.00001 0.00001 0.00001 0.00001 0.00001 0.00001 0.00001 0.00001 0.00001 0.00001 0.00001 0.00001 0.00001 0.00001 0.00001 0.00001
0.00001 0.00001 0.00001 0.00001 0.00001 0.00001 0.00001 0.00001 0.00001 0.00001 0.00001 0.00001 0.00001 0.00001 0.00001 0.00001 0.00001 0.00001 0.00001 0.00001 0.00001 0.00001 0.00001 0.00001 0.00001 0.00001 0.00001 0.00001 0.00001 0.00001 0.00001 0.00001 0.00001 0.00001 0.00001 0.00001 0.00001 0.00001 0.00001 0.00001 0.00001 0.00001 0.00001 0.00001 0.00001 0.00001 0.00001 0.00001 0.00001 0.00001 0.00001 0.00001 0.00001 0.00001 0.00001 0.00001 0.00001 0.00001 0.00001 0.00001 0.00001 0.00001 0.00001 0.00001 0.00001 0.00001 0.00001
0.00001 0.00001 0.00001 0.00001 0.00001 0.00001 0.00001 0.00001 0.00001 0.00001 0.00001 0.00001 0.00001 0.00001 0.00001 0.00001 0.00001 0.00001 0.00001 0.00001 0.00001 0.00001 0.00001 0.00001 0.00001 0.00001 0.00001 0.00001 0.00001 0.00001 0.00001 0.00001 0.00001 0.00001 0.00001 0.00001 0.00001 0.00001 0.00001 0.00001 0.00001 0.00001 0.00001 0.00001 0.00001 0.00001 0.00001 0.00001 0.00001 0.00001 0.00001 0.00001 0.00001 0.00001 0.00001 0.00001 0.00001 0.00001 0.00001 0.00001 0.00001 0.00001 0.00001 0.00001 0.00001 0.00001 0.00001
0.00001 0.00001 0.00001 0.00001 0.00001 0.00001 0.00001 0.00001 0.00001 0.00001 0.00001 0.00001 0.00001 0.00001 0.00001 0.00001 0.00001 0.00001 0.00001 0.00001 0.00001 0.00001 0.00001 0.00001 0.00001 0.00001 0.00001 0.00001 0.00001 0.00001 0.00001 0.00001 0.00001 0.00001 0.00001 0.00001 0.00001 0.00001 0.00001 0.00001 0.00001 0.00001 0.00001 0.00001 0.00001 0.00001 0.00001 0.00001 0.00001 0.00001 0.00001 0.00001 0.00001 0.00001 0.00001 0.00001 0.00001 0.00001 0.00001 0.00001 0.00001 0.00001 0.00001 0.00001 0.00001 0.00001 0.00001
0.00001 0.00001 0.00001 0.00001 0.00001 0.00001 0.00001 0.00001 0.00001 0.00001 0.00001 0.00001 0.00001 0.00001 0.00001 0.00001 0.00001 0.00001 0.00001 0.00001 0.00001 0.00001 0.00001 0.00001 0.00001 0.00001 0.00001 0.00002 0.00003 0.00005 0.00007 0.00010 0.00013 0.00016 0.00017 0.00017 0.00015 0.00011 0.00007 0.00004 0.00002 0.00001 0.00001 0.00001 0.00001 0.00001 0.00001 0.00001 0.00001 0.00001 0.00001 0.00001 0.00001 0.00001 0.00001 0.00001 0.00001 0.00001 0.00001 0.00001 0.00001 0.00001 0.00001 0.00001 0.00001 0.00001 0.00001
0.00001 0.00001 0.00001 0.00001 0.00001 0.00001 0.00001 0.00001 0.00001 0.00001 0.00001 0.00001 0.00001 0.00001 0.00001 0.00001 0.00001 0.00001 0.00001 0.00001 0.00001 0.00001 0.00001 0.00002 0.00009 0.00020 0.00031 0.00043 0.00053 0.00062 0.00070 0.00078 0.00085 0.00092 0.00097 0.00101 0.00104 0.00105 0.00106 0.00105 0.00103 0.00099 0.00090 0.00076 0.00055 0.00030 0.00010 0.00002 0.00001 0.00001 0.00001 0.00001 0.00001 0.00001 0.00001 0.00001 0.00001 0.00001 0.00001 0.00001 0.00001 0.00001 0.00001 0.00001 0.00001 0.00001 0.00001
0.00001 0.00001 0.00001 0.00001 0.00001 0.00001 0.00001 0.00001 0.00001 0.00001 0.00001 0.00001 0.00001 0.00001 0.00001 0.00001 0.00001 0.00001 0.00001 0.00001 0.00001 0.00009 0.00022 0.00037 0.00053 0.00070 0.00089 0.00108 0.00126 0.00142 0.00158 0.00172 0.00186 0.00198 0.00209 0.00219 0.00226 0.00232 0.00237 0.00239 0.00240 0.00236 0.00229 0.00216 0.00199 0.00182 0.00170 0.00163 0.00155 0.00143 0.00119 0.00078 0.00030 0.00005 0.00001 0.00001 0.00001 0.00001 0.00001 0.00001 0.00001 0.00001 0.00001 0.00001 0.00001 0.00001 0.00001
0.00001 0.00001 0.00001 0.00001 0.00001 0.00001 0.00001 0.00001 0.00001 0.00001 0.00001 0.00001 0.00001 0.00001 0.00001 0.00001 0.00001 0.00001 0.00001 0.00011 0.00028 0.00046 0.00067 0.00091 0.00116 0.00142 0.00169 0.00197 0.00223 0.00249 0.00273 0.00296 0.00317 0.00337 0.00355 0.00371 0.00385 0.00398 0.00408 0.00416 0.00420 0.00422 0.00418 0.00410 0.00398 0.00385 0.00375 0.00366 0.00357 0.00342 0.00316 0.00278 0.00242 0.00221 0.00207 0.00193 0.00168 0.00118 0.00051 0.00009 0.00001 0.00001 0.00001 0.00001 0.00001 0.00001 0.00001
0.00001 0.00001 0.00001 0.00001 0.00001 0.00001 0.00001 0.00001 0.00001 0.00001 0.00001 0.00001 0.00001 0.00001 0.00001 0.00001 0.00001 0.00004 0.00023 0.00044 0.00070 0.00099 0.00130 0.00164 0.00199 0.00235 0.00272 0.00309 0.00346 0.00382 0.00416 0.00448 0.00479 0.00508 0.00535 0.00560 0.00582 0.00602 0.00620 0.00635 0.00647 0.00655 0.00659 0.00658 0.00652 0.00645 0.00638 0.00631 0.00623 0.00609 0.00586 0.00554 0.00521 0.00495 0.00475 0.00454 0.00422 0.00371 0.00317 0.00281 0.00258 0.00234 0.00195 0.00124 0.00044 0.00006 0.00001
0.00001 0.00001 0.00001 0.00001 0.00001 0.00001 0.00001 0.00001 0.00001 0.00001 0.00001 0.00001 0.00001 0.00001 0.00001 0.00001 0.00011 0.00031 0.00059 0.00090 0.00127 0.00167 0.00209 0.00254 0.00300 0.00348 0.00396 0.00445 0.00493 0.00540 0.00586 0.00630 0.00672 0.00712 0.00750 0.00785 0.00818 0.00848 0.00876 0.00900 0.00922 0.00939 0.00952 0.00960 0.00963 0.00964 0.00963 0.00962 0.00958 0.00949 0.00932 0.00906 0.00878 0.00853 0.00830 0.00806 0.00773 0.00727 0.00676 0.00633 0.00598 0.00563 0.00513 0.00443 0.00377 0.00334 0.00302
0.00001 0.00001 0.00001 0.00001 0.00001 0.00001 0.00001 0.00001 0.00001 0.00001 0.00001 0.00001 0.00001 0.00001 0.00001 0.00016 0.00039 0.00070 0.00107 0.00150 0.00198 0.00249 0.00304 0.00361 0.00420 0.00480 0.00541 0.00603 0.00664 0.00725 0.00784 0.00841 0.00897 0.00950 0.01000 0.01048 0.01094 0.01136 0.01176 0.01212 0.01245 0.01274 0.01299 0.01319 0.01334 0.01345 0.01354 0.01361 0.01365 0.01364 0.01356 0.01340 0.01320 0.01300 0.01279 0.01257 0.01228 0.01188 0.01142 0.01098 0.01058 0.01016 0.00964 0.00897 0.00830 0.00774 0.00724
0.00001 0.00001 0.00001 0.00001 0.00001 0.00001 0.00001 0.00001 0.00001 0.00001 0.00001 0.00001 0.00001 0.00001 0.00019 0.00045 0.00079 0.00120 0.00169 0.00223 0.00282 0.00346 0.00414 0.00485 0.00557 0.00632 0.00707 0.00783 0.00859 0.00935 0.01009 0.01082 0.01153 0.01221 0.01287 0.01350 0.01410 0.01468 0.01522 0.01573 0.01621 0.01664 0.01703 0.01737 0.01767 0.01793 0.01815 0.01834 0.01849 0.01860 0.01864 0.01862 0.01854 0.01842 0.01830 0.01814 0.01793 0.01762 0.01725 0.01686 0.01647 0.01607 0.01557 0.01497 0.01432 0.01370 0.01311
0.00001 0.00001 0.00001 0.00001 0.00001 0.00001 0.00001 0.00001 0.00001 0.00001 0.00001 0.00001 0.00001 0.00019 0.00047 0.00083 0.00128 0.00182 0.00242 0.00308 0.00381 0.00458 0.00540 0.00625 0.00713 0.00802 0.00894 0.00986 0.01079 0.01171 0.01263 0.01353 0.01441 0.01527 0.01611 0.01692 0.01770 0.01845 0.01917 0.01986 0.02051 0.02112 0.02168 0.02221 0.02268 0.02311 0.02350 0.02385 0.02417 0.02444 0.02464 0.02478 0.02487 0.02490 0.02491 0.02488 0.02479 0.02462 0.02439 0.02411 0.02381 0.02348 0.02307 0.02257 0.02201 0.02143 0.02085
0.00001 0.00001 0.00001 0.00001 0.00001 0.00001 0.00001 0.00001 0.00001 0.00001 0.00001 0.00001 0.00017 0.00045 0.00083 0.00131 0.00188 0.00253 0.00326 0.00406 0.00492 0.00584 0.00681 0.00782 0.00886 0.00993 0.01101 0.01212 0.01323 0.01434 0.01545 0.01655 0.01763 0.01869 0.01974 0.02075 0.02174 0.02270 0.02363 0.02453 0.02539 0.02621 0.02699 0.02773 0.02843 0.02907 0.02968 0.03024 0.03076 0.03124 0.03166 0.03202 0.03231 0.03255 0.03275 0.03291 0.03301 0.03304 0.03301 0.03291 0.03278 0.03260 0.03235 0.03202 0.03162 0.03118 0.03070
0.00001 0.00001 0.00001 0.00001 0.00001 0.00001 0.00001 0.00001 0.00001 0.00001 0.00001 0.00013 0.00041 0.00080 0.00129 0.00188 0.00257 0.00335 0.00422 0.00516 0.00617 0.00724 0.00837 0.00955 0.01077 0.01202 0.01330 0.01460 0.01592 0.01724 0.01857 0.01989 0.02120 0.02249 0.02377 0.02503 0.02626 0.02747 0.02865 0.02979 0.03091 0.03199 0.03303 0.03403 0.03499 0.03590 0.03678 0.03761 0.03839 0.03914 0.03983 0.04046 0.04103 0.04155 0.04202 0.04244 0.04280 0.04311 0.04334 0.04351 0.04363 0.04370 0.04371 0.04364 0.04350 0.04329 0.04304
0.00001 0.00001 0.00001 0.00001 0.00001 0.00001 0.00001 0.00001 0.00001 0.00001 0.00007 0.00034 0.00073 0.00122 0.00183 0.00254 0.00336 0.00427 0.00528 0.00637 0.00754 0.00879 0.01009 0.01146 0.01287 0.01432 0.01581 0.01733 0.01887 0.02043 0.02200 0.02357 0.02514 0.02670 0.02825 0.02978 0.03130 0.03279 0.03427 0.03571 0.03713 0.03852 0.03987 0.04119 0.04247 0.04372 0.04492 0.04609 0.04721 0.04829 0.04933 0.05031 0.05124 0.05212 0.05294 0.05372 0.05444 0.05511 0.05571 0.05625 0.05674 0.05717 0.05754 0.05784 0.05808 0.05824 0.05835
0.00001 0.00001 0.00001 0.00001 0.00001 0.00001 0.00001 0.00001 0.00001 0.00002 0.00027 0.00064 0.00112 0.00173 0.00245 0.00328 0.00423 0.00529 0.00645 0.00770 0.00904 0.01047 0.01197 0.01353 0.01516 0.01683 0.01855 0.02031 0.02211 0.02393 0.02577 0.02762 0.02948 0.03134 0.03321 0.03506 0.03691 0.03874 0.04056 0.04236 0.04414 0.04590 0.04764 0.04934 0.05102 0.05267 0.05428 0.05586 0.05741 0.05892 0.06039 0.06182 0.06320 0.06454 0.06583 0.06707 0.06827 0.06942 0.07051 0.07155 0.07254 0.07347 0.07436 0.07518 0.07594 0.07664 0.07728
0.00001 0.00001 0.00001 0.00001 0.00001 0.00001 0.00001 0.00001 0.00001 0.00020 0.00053 0.00099 0.00158 0.00230 0.00314 0.00411 0.00520 0.00640 0.00772 0.00915 0.01067 0.01229 0.01399 0.01578 0.01763 0.01956 0.02153 0.02356 0.02564 0.02775 0.02990 0.03207 0.03427 0.03648 0.03870 0.04093 0.04316 0.04540 0.04763 0.04985 0.05206 0.05427 0.05646 0.05864 0.06079 0.06293 0.06505 0.06715 0.06922 0.07127 0.07330 0.07529 0.07725 0.07917 0.08106 0.08291 0.08472 0.08650 0.08824 0.08994 0.09159 0.09320 0.09478 0.09630 0.09778 0.09921 0.10060
0.00001 0.00001 0.00001 0.00001 0.00001 0.00001 0.00001 0.00001 0.00011 0.00041 0.00084 0.00141 0.00211 0.00295 0.00392 0.00502 0.00625 0.00761 0.00910 0.01071 0.01243 0.01426 0.01618 0.01821 0.02032 0.02251 0.02477 0.02710 0.02949 0.03193 0.03443 0.03697 0.03954 0.04216 0.04480 0.04746 0.05015 0.05285 0.05557 0.05830 0.06103 0.06377 0.06652 0.06926 0.07201 0.07475 0.07749 0.08023 0.08295 0.08568 0.08839 0.09108 0.09377 0.09643 0.09908 0.10171 0.10433 0.10692 0.10949 0.11204 0.11457 0.11707 0.11956 0.12202 0.12445 0.12686 0.12925
0.00001 0.00001 0.00001 0.00001 0.00001 0.00001 0.00001 0.00003 0.00028 0.00067 0.00121 0.00188 0.00269 0.00365 0.00476 0.00600 0.00739 0.00892 0.01058 0.01239 0.01432 0.01637 0.01854 0.02082 0.02321 0.02570 0.02827 0.03094 0.03369 0.03651 0.03940 0.04236 0.04538 0.04846 0.05158 0.05476 0.05798 0.06124 0.06453 0.06786 0.07122 0.07461 0.07802 0.08146 0.08492 0.08840 0.09190 0.09542 0.09896 0.10251 0.10608 0.10966 0.11326 0.11686 0.12047 0.12409 0.12772 0.13135 0.13500 0.13864 0.14230 0.14597 0.14964 0.15332 0.15701 0.16070 0.16441
0.00001 0.00001 0.00001 0.00001 0.00001 0.00001 0.00001 0.00017 0.00051 0.00099 0.00162 0.00240 0.00334 0.00442 0.00566 0.00706 0.00861 0.01032 0.01218 0.01419 0.01634 0.01864 0.02107 0.02364 0.02634 0.02915 0.03208 0.03512 0.03827 0.04152 0.04487 0.04831 0.05185 0.05547 0.05916 0.06294 0.06679 0.07071 0.07469 0.07874 0.08285 0.08702 0.09124 0.09552 0.09985 0.10424 0.10867 0.11316 0.11770 0.12229 0.12693 0.13161 0.13634 0.14112 0.14595 0.15082 0.15574 0.16071 0.16572 0.17079 0.17590 0.18107 0.18629 0.19157 0.19690 0.20229 0.20775
0.00001 0.00001 0.00001 0.00001 0.00001 0.00001 0.00006 0.00034 0.00076 0.00134 0.00208 0.00297 0.00403 0.00525 0.00664 0.00819 0.00992 0.01182 0.01388 0.01611 0.01851 0.02108 0.02380 0.02668 0.02971 0.03289 0.03622 0.03969 0.04330 0.04704 0.05092 0.05492 0.05905 0.06331 0.06768 0.07216 0.07676 0.08147 0.08628 0.09120 0.09621 0.10132 0.10653 0.11184 0.11724 0.12274 0.12833 0.13402 0.13980 0.14568 0.15166 0.15774 0.16391 0.17019 0.17656 0.18304 0.18962 0.19631 0.20311 0.21003 0.21707 0.22422 0.23151 0.23894 0.24651 0.25423 0.26211
0.00001 0.00001 0.00001 0.00001 0.00001 0.00001 0.00019 0.00054 0.00105 0.00173 0.00257 0.00358 0.00476 0.00613 0.00767 0.00940 0.01131 0.01341 0.01570 0.01817 0.02084 0.02369 0.02673 0.02996 0.03337 0.03697 0.04074 0.04470 0.04884 0.05315 0.05764 0.06231 0.06714 0.07215 0.07732 0.08266 0.08816 0.09382 0.09964 0.10561 0.11174 0.11802 0.12445 0.13103 0.13777 0.14466 0.15171 0.15891 0.16628 0.17381 0.18151 0.18938 0.19743 0.20566 0.21409 0.22270 0.23152 0.24056 0.24982 0.25933 0.26910 0.27915 0.28952 0.30025 0.31141 0.32309 0.33546
0.00001 0.00001 0.00001 0.00001 0.00001 0.00004 0.00033 0.00077 0.00137 0.00214 0.00309 0.00422 0.00554 0.00705 0.00876 0.01067 0.01278 0.01509 0.01762 0.02036 0.02332 0.02650 0.02989 0.03351 0.03735 0.04142 0.04572 0.05024 0.05500 0.05999 0.06521 0.07066 0.07635 0.08227 0.08842 0.09480 0.10142 0.10827 0.11534 0.12265 0.13018 0.13795 0.14595 0.15419 0.16266 0.17139 0.18036 0.18960 0.19911 0.20890 0.21899 0.22940 0.24014 0.25126 0.26277 0.27474 0.28725 0.30044 0.31461 0.33066 0.35101 0.37461 0.40022 0.42714 0.45492 0.48321 0.51169
0.00001 0.00001 0.00001 0.00001 0.00001 0.00013 0.00048 0.00100 0.00169 0.00257 0.00363 0.00489 0.00635 0.00801 0.00989 0.01199 0.01431 0.01687 0.01966 0.02269 0.02598 0.02951 0.03331 0.03737 0.04171 0.04633 0.05124 0.05644 0.06194 0.06775 0.07386 0.08029 0.08704 0.09411 0.10152 0.10925 0.11732 0.12574 0.13450 0.14361 0.15309 0.16294 0.17317 0.18381 0.19489 0.20643 0.21849 0.23115 0.24457 0.25906 0.27564 0.29648 0.32057 0.34699 0.37520 0.40484 0.43561 0.46720 0.49921 0.53068 0.55914 0.58562 0.61105 0.63579 0.66001 0.68379 0.70712
0.00001 0.00001 0.00001 0.00001 0.00001 0.00023 0.00065 0.00124 0.00203 0.00300 0.00418 0.00557 0.00717 0.00900 0.01106 0.01336 0.01592 0.01873 0.02181 0.02517 0.02881 0.03276 0.03702 0.04160 0.04653 0.05181 0.05746 0.06349 0.06993 0.07677 0.08404 0.09176 0.09994 0.10861 0.11777 0.12746 0.13772 0.14858 0.16011 0.17241 0.18569 0.20039 0.21762 0.23790 0.26076 0.28592 0.31322 0.34246 0.37343 0.40572 0.43830 0.46896 0.49865 0.52794 0.55704 0.58598 0.61474 0.64327 0.67149 0.69930 0.72661 0.75335 0.77957 0.80528 0.83048 0.85515 0.87925
0.00001 0.00001 0.00001 0.00001 0.00003 0.00034 0.00083 0.00150 0.00237 0.00344 0.00474 0.00625 0.00801 0.01000 0.01226 0.01478 0.01758 0.02067 0.02407 0.02779 0.03186 0.03628 0.04109 0.04630 0.05195 0.05807 0.06468 0.07183 0.07955 0.08789 0.09693 0.10676 0.11754 0.12958 0.14321 0.15852 0.17563 0.19469 0.21582 0.23908 0.26442 0.29153 0.31940 0.34760 0.37651 0.40623 0.43670 0.46783 0.49949 0.53153 0.56377 0.59602 0.62815 0.66012 0.69187 0.72333 0.75442 0.78508 0.81522 0.84479 0.87372 0.90198 0.92956 0.95647 0.98272 1.00830 1.03319
0.00001 0.00001 0.00001 0.00001 0.00012 0.00048 0.00104 0.00179 0.00275 0.00394 0.00536 0.00703 0.00896 0.01116 0.01366 0.01646 0.01958 0.02305 0.02689 0.03112 0.03579 0.04093 0.04659 0.05282 0.05970 0.06731 0.07574 0.08510 0.09552 0.10714 0.12009 0.13451 0.15050 0.16800 0.18695 0.20750 0.22971 0.25358 0.27909 0.30617 0.33473 0.36463 0.39572 0.42780 0.46074 0.49441 0.52866 0.56335 0.59833 0.63344 0.66854 0.70347 0.73813 0.77245 0.80636 0.83981 0.87273 0.90507 0.93678 0.96780 0.99809 1.02762 1.05638 1.08438 1.11161 1.13805 1.16372
0.00001 0.00001 0.00001 0.00001 0.00022 0.00064 0.00126 0.00209 0.00315 0.00444 0.00599 0.00781 0.00991 0.01232 0.01507 0.01816 0.02163 0.02551 0.02984 0.03467 0.04004 0.04602 0.05268 0.06011 0.06838 0.07762 0.08792 0.09940 0.11217 0.12637 0.14209 0.15944 0.17848 0.19928 0.22185 0.24620 0.27229 0.30007 0.32946 0.36035 0.39260 0.42606 0.46055 0.49589 0.53193 0.56850 0.60547 0.64269 0.68002 0.71732 0.75446 0.79132 0.82780 0.86383 0.89934 0.93429 0.96861 1.00226 1.03520 1.06738 1.09877 1.12935 1.15910 1.18801 1.21607 1.24328 1.26963
