tests/data/gray99/saval2D/outputs/resuh2.asc
north:     17.44
south:      0.00
east:      60.51
west:       0.00
rows:   68
cols:  236
[rows 29 to 57 of 68, columns 0 to 66 of 236]
0.00001 0.00001 0.00001 0.00001 0.00339 0.03911 0.11676 0.20672 0.28977 0.36174 0.42463 0.48174 0.53611 0.59025 0.65798 0.74191 0.83375 0.92750 1.01995 1.10986 1.19679 1.28063 1.36128 1.43862 1.51256 1.58292 1.64950 1.71209 1.77041 1.82381 1.87210 1.91507 1.95246 1.98401 2.00954 2.02886 2.04189 2.04857 2.04894 2.04300 2.03077 2.01223 1.98730 1.95585 1.91805 1.87459 1.82657 1.77519 1.72158 1.66666 1.61110 1.55536 1.49970 1.44420 1.38876 1.33310 1.27665 1.21853 1.15733 1.09106 1.01695 0.93145 0.83063 0.71121 0.57275 0.42097 0.27045
0.00001 0.00001 0.00001 0.00006 0.00679 0.05277 0.13458 0.22323 0.30378 0.37364 0.43497 0.49092 0.54445 0.59805 0.66560 0.74967 0.84206 0.93660 1.02994 1.12074 1.20851 1.29313 1.37450 1.45255 1.52715 1.59817 1.66541 1.72864 1.78759 1.84163 1.89055 1.93414 1.97214 2.00430 2.03040 2.05028 2.06381 2.07094 2.07169 2.06607 2.05411 2.03580 2.01106 1.97972 1.94188 1.89823 1.84986 1.79805 1.74397 1.68855 1.63252 1.57634 1.52028 1.46444 1.40872 1.35287 1.29637 1.23838 1.17764 1.11228 1.03971 0.95659 0.85908 0.74366 0.60907 0.45927 0.30655
0.00001 0.00001 0.00001 0.00021 0.01136 0.06558 0.14940 0.23629 0.31450 0.38255 0.44265 0.49779 0.55077 0.60404 0.67150 0.75566 0.84841 0.94350 1.03748 1.12893 1.21733 1.30253 1.38446 1.46303 1.53816 1.60969 1.67741 1.74112 1.80055 1.85507 1.90445 1.94851 1.98696 2.01957 2.04610 2.06639 2.08029 2.08775 2.08877 2.08337 2.07158 2.05340 2.02878 1.99749 1.95960 1.91576 1.86711 1.81495 1.76048 1.70468 1.64827 1.59175 1.53537 1.47924 1.42328 1.36723 1.31062 1.25267 1.19217 1.12738 1.05585 0.97441 0.87931 0.76695 0.63550 0.48777 0.33433
0.00001 0.00001 0.00001 0.00047 0.01575 0.07524 0.15981 0.24527 0.32181 0.38859 0.44785 0.50246 0.55512 0.60821 0.67564 0.75986 0.85286 0.94831 1.04273 1.13461 1.22342 1.30901 1.39131 1.47024 1.54572 1.61759 1.68567 1.74972 1.80947 1.86431 1.91399 1.95834 1.99707 2.02996 2.05677 2.07734 2.09149 2.09915 2.10033 2.09504 2.08331 2.06517 2.04057 2.00927 1.97130 1.92731 1.87844 1.82601 1.77124 1.71515 1.65846 1.60167 1.54505 1.48870 1.43254 1.37633 1.31960 1.26159 1.20117 1.13666 1.06573 0.98531 0.89175 0.78139 0.65211 0.50601 0.35257
0.00001 0.00001 0.00001 0.00069 0.01847 0.08037 0.16510 0.24980 0.32553 0.39172 0.45060 0.50500 0.55753 0.61056 0.67802 0.76232 0.85545 0.95109 1.04571 1.13781 1.22685 1.31266 1.39516 1.47430 1.54996 1.62202 1.69027 1.75448 1.81440 1.86939 1.91922 1.96372 2.00259 2.03561 2.06254 2.08323 2.09747 2.10521 2.10643 2.10114 2.08940 2.07121 2.04654 2.01516 1.97708 1.93294 1.88388 1.83126 1.77630 1.72003 1.66316 1.60620 1.54942 1.49291 1.43660 1.38024 1.32337 1.26526 1.20478 1.14031 1.06956 0.98954 0.89663 0.78717 0.65895 0.51374 0.36053
0.00001 0.00001 0.00001 0.00071 0.01852 0.08029 0.16496 0.24974 0.32562 0.39195 0.45096 0.50546 0.55806 0.61110 0.67862 0.76301 0.85620 0.95184 1.04646 1.13858 1.22764 1.31349 1.39604 1.47522 1.55092 1.62299 1.69124 1.75544 1.81535 1.87034 1.92017 1.96466 2.00353 2.03653 2.06344 2.08406 2.09825 2.10592 2.10706 2.10169 2.08983 2.07151 2.04671 2.01518 1.97694 1.93264 1.88345 1.83071 1.77567 1.71931 1.66238 1.60534 1.54848 1.49188 1.43546 1.37898 1.32198 1.26371 1.20307 1.13840 1.06743 0.98717 0.89400 0.78433 0.65597 0.51078 0.35783
0.00001 0.00001 0.00001 0.00050 0.01573 0.07480 0.15930 0.24511 0.32215 0.38941 0.44906 0.50397 0.55681 0.60993 0.67751 0.76198 0.85512 0.95061 1.04503 1.13696 1.22584 1.31153 1.39394 1.47298 1.54854 1.62047 1.68856 1.75260 1.81234 1.86718 1.91682 1.96112 1.99980 2.03262 2.05933 2.07977 2.09377 2.10126 2.10220 2.09662 2.08454 2.06599 2.04094 2.00919 1.97077 1.92636 1.87711 1.82435 1.76931 1.71296 1.65605 1.59902 1.54216 1.48554 1.42909 1.37253 1.31540 1.25693 1.19598 1.13085 1.05923 0.97807 0.88376 0.77273 0.64304 0.49701 0.34439
0.00001 0.00001 0.00001 0.00024 0.01133 0.06493 0.14868 0.23620 0.31524 0.38406 0.44480 0.50041 0.55365 0.60694 0.67461 0.75911 0.85206 0.94720 1.04123 1.13275 1.22126 1.30661 1.38871 1.46745 1.54271 1.61433 1.68211 1.74582 1.80523 1.85975 1.90904 1.95300 1.99133 2.02380 2.05018 2.07028 2.08395 2.09112 2.09174 2.08583 2.07343 2.05455 2.02917 1.99713 1.95852 1.91402 1.86477 1.81208 1.75715 1.70093 1.64414 1.58724 1.53047 1.47391 1.41748 1.36088 1.30361 1.24488 1.18345 1.11759 1.04484 0.96208 0.86564 0.75207 0.61986 0.47224 0.32029
0.00001 0.00001 0.00001 0.00007 0.00693 0.05233 0.13403 0.22346 0.30506 0.37595 0.43815 0.49473 0.54857 0.60212 0.66989 0.75433 0.84691 0.94148 1.03487 1.12578 1.21371 1.29855 1.38016 1.45843 1.53323 1.60437 1.67168 1.73490 1.79381 1.84784 1.89662 1.94006 1.97788 2.00985 2.03574 2.05536 2.06856 2.07527 2.07545 2.06911 2.05629 2.03698 2.01120 1.97882 1.94000 1.89545 1.84628 1.79376 1.73905 1.68308 1.62652 1.56983 1.51325 1.45683 1.40047 1.34387 1.28647 1.22741 1.16537 1.09846 1.02410 0.93898 0.83939 0.72211 0.58633 0.43676 0.28648
0.00001 0.00001 0.00001 0.00002 0.00375 0.03942 0.11679 0.20746 0.29174 0.36502 0.42901 0.48684 0.54147 0.59542 0.66329 0.74751 0.83950 0.93323 1.02574 1.11580 1.20296 1.28710 1.36806 1.44569 1.51985 1.59037 1.65702 1.71959 1.77783 1.83121 1.87931 1.92206 1.95921 1.99051 2.01575 2.03474 2.04733 2.05346 2.05309 2.04620 2.03285 2.01303 1.98677 1.95401 1.91499 1.87044 1.82144 1.76921 1.71484 1.65924 1.60304 1.54667 1.49036 1.43416 1.37793 1.32134 1.26377 1.20428 1.14140 1.07307 0.99650 0.90820 0.80445 0.68238 0.54237 0.39127 0.24470
0.00001 0.00001 0.00001 0.00001 0.00189 0.02808 0.09833 0.18856 0.27521 0.35112 0.41724 0.47658 0.53218 0.58669 0.65466 0.73846 0.82955 0.92217 1.01352 1.10250 1.18869 1.27196 1.35210 1.42892 1.50229 1.57200 1.63784 1.69958 1.75699 1.80953 1.85678 1.89868 1.93498 1.96545 1.98989 2.00810 2.01994 2.02536 2.02431 2.01677 2.00280 1.98240 1.95559 1.92242 1.88322 1.83874 1.79002 1.73820 1.68432 1.62922 1.57350 1.51757 1.46164 1.40572 1.34966 1.29307 1.23527 1.17518 1.11118 1.04098 0.96154 0.86918 0.76022 0.63252 0.48819 0.33699 0.19742
0.00001 0.00001 0.00001 0.00001 0.00070 0.01734 0.07779 0.16609 0.25521 0.33422 0.40281 0.46384 0.52052 0.57572 0.64381 0.72688 0.81673 0.90789 0.99782 1.08550 1.17053 1.25276 1.33192 1.40777 1.48018 1.54891 1.61376 1.67450 1.73090 1.78243 1.82865 1.86952 1.90481 1.93429 1.95776 1.97504 1.98599 1.99058 1.98874 1.98045 1.96578 1.94471 1.91732 1.88375 1.84441 1.80008 1.75175 1.70049 1.64725 1.59280 1.53771 1.48234 1.42687 1.37131 1.31544 1.25882 1.20067 1.13976 1.07426 1.00163 0.91854 0.82117 0.70609 0.57233 0.42457 0.27620 0.14820
0.00001 0.00001 0.00001 0.00001 0.00019 0.00927 0.05714 0.14114 0.23210 0.31415 0.38522 0.44798 0.50588 0.56200 0.63025 0.71229 0.80051 0.88989 0.97814 1.06434 1.14805 1.22910 1.30712 1.38183 1.45309 1.52067 1.58437 1.64393 1.69912 1.74947 1.79447 1.83413 1.86823 1.89655 1.91890 1.93510 1.94503 1.94867 1.94593 1.93680 1.92135 1.89957 1.87158 1.83764 1.79824 1.75416 1.70636 1.65581 1.60338 1.54975 1.49544 1.44076 1.38586 1.33070 1.27501 1.21828 1.15959 1.09753 1.03005 0.95428 0.86666 0.76333 0.64151 0.50212 0.35332 0.21244 0.10145
0.00001 0.00001 0.00001 0.00001 0.00004 0.00448 0.03935 0.11529 0.20589 0.29028 0.36378 0.42847 0.48780 0.54512 0.61351 0.69411 0.78031 0.86758 0.95394 1.03851 1.12080 1.20052 1.27722 1.35062 1.42056 1.48681 1.54916 1.60736 1.66118 1.71013 1.75372 1.79198 1.82472 1.85171 1.87278 1.88776 1.89652 1.89909 1.89537 1.88532 1.86903 1.84653 1.81798 1.78373 1.74437 1.70069 1.65358 1.60392 1.55246 1.49982 1.44644 1.39258 1.33834 1.28362 1.22807 1.17108 1.11156 1.04791 0.97778 0.89804 0.80493 0.69488 0.56635 0.42314 0.27768 0.15053 0.06167
0.00001 0.00001 0.00001 0.00001 0.00001 0.00137 0.02169 0.08481 0.17309 0.26022 0.33708 0.40446 0.46574 0.52449 0.59291 0.67161 0.75536 0.84029 0.92465 1.00754 1.08830 1.16654 1.24174 1.31361 1.38205 1.44678 1.50760 1.56425 1.61648 1.66382 1.70580 1.74246 1.77363 1.79911 1.81874 1.83236 1.83984 1.84125 1.83646 1.82542 1.80826 1.78506 1.75602 1.72160 1.68244 1.63933 1.59309 1.54450 1.49421 1.44274 1.39046 1.33757 1.28408 1.22984 1.17438 1.11694 1.05624 0.99041 0.91683 0.83210 0.73249 0.61518 0.48083 0.33722 0.20132 0.09486 0.03153
0.00001 0.00001 0.00001 0.00001 0.00001 0.00019 0.00845 0.05357 0.13560 0.22518 0.30625 0.37703 0.44049 0.50049 0.56827 0.64431 0.72515 0.80758 0.88995 0.97112 1.05018 1.12669 1.20012 1.27024 1.33694 1.39994 1.45904 1.51393 1.56436 1.60984 1.64996 1.68479 1.71419 1.73797 1.75598 1.76809 1.77419 1.77436 1.76844 1.75639 1.73839 1.71456 1.68518 1.65078 1.61203 1.56970 1.52455 1.47723 1.42831 1.37821 1.32721 1.27543 1.22281 1.16907 1.11362 1.05547 0.99312 0.92438 0.84631 0.75541 0.64835 0.52388 0.38615 0.24795 0.12979 0.05028 0.01243
0.00001 0.00001 0.00001 0.00001 0.00001 0.00001 0.00189 0.02621 0.09450 0.18422 0.27008 0.34526 0.41153 0.47284 0.53934 0.61213 0.68983 0.76982 0.85017 0.92935 1.00624 1.08053 1.15180 1.21984 1.28456 1.34560 1.40274 1.45561 1.50395 1.54726 1.58522 1.61796 1.64533 1.66720 1.68343 1.69392 1.69851 1.69739 1.69033 1.67729 1.65852 1.63422 1.60473 1.57060 1.53254 1.49126 1.44744 1.40164 1.35431 1.30580 1.25628 1.20578 1.15415 1.10095 1.04539 0.98623 0.92162 0.84901 0.76520 0.66677 0.55152 0.42116 0.28492 0.16084 0.06946 0.02015 0.00318
0.00001 0.00001 0.00001 0.00001 0.00001 0.00001 0.00015 0.00788 0.05288 0.13570 0.22550 0.30637 0.37703 0.44095 0.50703 0.57725 0.65216 0.72950 0.80696 0.88290 0.95645 1.02763 1.09617 1.16172 1.22411 1.28290 1.33777 1.38824 1.43408 1.47476 1.51017 1.54046 1.56553 1.58526 1.59956 1.60830 1.61133 1.60889 1.60072 1.58678 1.56740 1.54286 1.51357 1.48008 1.44305 1.40316 1.36098 1.31697 1.27152 1.22484 1.17704 1.12804 1.07752 1.02487 0.96901 0.90836 0.84065 0.76292 0.67183 0.56467 0.44168 0.30952 0.18381 0.08531 0.02745 0.00507 0.00040
0.00001 0.00001 0.00001 0.00001 0.00001 0.00001 0.00001 0.00095 0.01994 0.08351 0.17296 0.26080 0.33880 0.40855 0.47710 0.54634 0.61787 0.69035 0.76215 0.83244 0.90093 0.96794 1.03300 1.09543 1.15497 1.21099 1.26297 1.31033 1.35293 1.39029 1.42260 1.45000 1.47244 1.48982 1.50205 1.50898 1.51045 1.50673 1.49755 1.48288 1.46313 1.43868 1.40998 1.37756 1.34203 1.30395 1.26382 1.22203 1.17884 1.13438 1.08866 1.04143 0.99218 0.94000 0.88346 0.82051 0.74840 0.66392 0.56413 0.44838 0.32160 0.19737 0.09590 0.03291 0.00668 0.00060 0.00002
0.00001 0.00001 0.00001 0.00001 0.00001 0.00001 0.00001 0.00002 0.00345 0.03656 0.11296 0.20450 0.29048 0.36722 0.43920 0.50824 0.57676 0.64465 0.71116 0.77624 0.83992 0.90251 0.96328 1.02154 1.07714 1.12911 1.17674 1.21952 1.25750 1.29049 1.31893 1.34294 1.36245 1.37734 1.38746 1.39265 1.39266 1.38784 1.37786 1.36275 1.34298 1.31905 1.29142 1.26059 1.22709 1.19143 1.15400 1.11510 1.07489 1.03337 0.99036 0.94537 0.89755 0.84555 0.78744 0.72062 0.64203 0.54875 0.43977 0.31908 0.19888 0.09859 0.03470 0.00729 0.00069 0.00003 0.00001
0.00001 0.00001 0.00001 0.00001 0.00001 0.00001 0.00001 0.00001 0.00010 0.00822 0.05441 0.13813 0.22993 0.31485 0.39249 0.46428 0.53294 0.59946 0.66356 0.72514 0.78386 0.84025 0.89428 0.94568 0.99416 1.03835 1.07788 1.11289 1.14371 1.17072 1.19435 1.21452 1.23101 1.24357 1.25191 1.25576 1.25474 1.24920 1.23884 1.22374 1.20443 1.18153 1.15553 1.12697 1.09633 1.06405 1.03046 0.99572 0.95984 0.92257 0.88335 0.84125 0.79484 0.74214 0.68059 0.60721 0.51926 0.41585 0.30095 0.18650 0.09140 0.03149 0.00637 0.00056 0.00002 0.00001 0.00001
0.00001 0.00001 0.00001 0.00001 0.00001 0.00001 0.00001 0.00001 0.00001 0.00042 0.01441 0.07024 0.15748 0.24901 0.33402 0.41109 0.48232 0.54951 0.61306 0.67325 0.72958 0.78217 0.83041 0.87327 0.91061 0.94214 0.96917 0.99280 1.01408 1.03399 1.05247 1.06909 1.08330 1.09452 1.10220 1.10584 1.10479 1.09937 1.08940 1.07503 1.05690 1.03573 1.01220 0.98689 0.96030 0.93278 0.90448 0.87532 0.84490 0.81246 0.77686 0.73649 0.68925 0.63256 0.56355 0.47977 0.38084 0.27143 0.16405 0.07725 0.02499 0.00456 0.00035 0.00002 0.00001 0.00001 0.00001
0.00001 0.00001 0.00001 0.00001 0.00001 0.00001 0.00001 0.00001 0.00001 0.00001 0.00107 0.02041 0.08178 0.17007 0.26132 0.34557 0.42184 0.49175 0.55637 0.61653 0.67196 0.72270 0.76839 0.80832 0.84292 0.87242 0.89830 0.92132 0.94244 0.96215 0.98022 0.99622 1.00962 1.01994 1.02668 1.02937 1.02735 1.02109 1.01061 0.99610 0.97815 0.95742 0.93451 0.90989 0.88395 0.85687 0.82865 0.79896 0.76713 0.73202 0.69205 0.64512 0.58869 0.52000 0.43699 0.34006 0.23510 0.13563 0.05950 0.01728 0.00267 0.00016 0.00001 0.00001 0.00001 0.00001 0.00001
0.00001 0.00001 0.00001 0.00001 0.00001 0.00001 0.00001 0.00001 0.00001 0.00001 0.00001 0.00189 0.02464 0.08768 0.17515 0.26513 0.34815 0.42297 0.49057 0.55234 0.60835 0.65855 0.70286 0.74096 0.77379 0.80193 0.82695 0.84950 0.87050 0.88998 0.90763 0.92306 0.93581 0.94542 0.95144 0.95340 0.95058 0.94360 0.93275 0.91822 0.90048 0.88012 0.85765 0.83342 0.80767 0.78036 0.75121 0.71954 0.68425 0.64376 0.59601 0.53854 0.46891 0.38568 0.29057 0.19127 0.10248 0.04026 0.00990 0.00118 0.00005 0.00001 0.00001 0.00001 0.00001 0.00001 0.00001
0.00001 0.00001 0.00001 0.00001 0.00001 0.00001 0.00001 0.00001 0.00001 0.00001 0.00001 0.00002 0.00253 0.02609 0.08724 0.17156 0.25889 0.33968 0.41218 0.47747 0.53591 0.58699 0.63113 0.66845 0.70033 0.72775 0.75223 0.77473 0.79584 0.81532 0.83281 0.84794 0.86031 0.86949 0.87503 0.87646 0.87297 0.86541 0.85427 0.83977 0.82224 0.80210 0.77971 0.75529 0.72879 0.69990 0.66791 0.63173 0.58978 0.54009 0.48042 0.40885 0.32511 0.23288 0.14213 0.06808 0.02267 0.00435 0.00036 0.00002 0.00001 0.00001 0.00001 0.00001 0.00001 0.00001 0.00001
0.00001 0.00001 0.00001 0.00001 0.00001 0.00001 0.00001 0.00001 0.00001 0.00001 0.00001 0.00001 0.00004 0.00280 0.02445 0.08023 0.15843 0.24077 0.31807 0.38830 0.45095 0.50440 0.54970 0.58759 0.61960 0.64714 0.67159 0.69471 0.71642 0.73635 0.75414 0.76943 0.78184 0.79096 0.79635 0.79749 0.79354 0.78548 0.77404 0.75943 0.74180 0.72134 0.69818 0.67224 0.64315 0.61018 0.57222 0.52778 0.47505 0.41226 0.33848 0.25531 0.16914 0.09203 0.03731 0.00974 0.00130 0.00007 0.00001 0.00001 0.00001 0.00001 0.00001 0.00001 0.00001 0.00001 0.00001
0.00001 0.00001 0.00001 0.00001 0.00001 0.00001 0.00001 0.00001 0.00001 0.00001 0.00001 0.00001 0.00001 0.00005 0.00262 0.02029 0.06709 0.13521 0.21003 0.28306 0.35008 0.40662 0.45432 0.49455 0.52804 0.55672 0.58189 0.60637 0.62938 0.65043 0.66917 0.68527 0.69833 0.70793 0.71359 0.71475 0.71051 0.70194 0.68992 0.67463 0.65601 0.63392 0.60815 0.57824 0.54346 0.50276 0.45482 0.39828 0.33229 0.25771 0.17888 0.10502 0.04808 0.01524 0.00279 0.00023 0.00001 0.00001 0.00001 0.00001 0.00001 0.00001 0.00001 0.00001 0.00001 0.00001 0.00001
0.00001 0.00001 0.00001 0.00001 0.00001 0.00001 0.00001 0.00001 0.00001 0.00001 0.00001 0.00001 0.00001 0.00001 0.00004 0.00204 0.01530 0.04934 0.10386 0.16894 0.23492 0.29213 0.34194 0.38603 0.42195 0.45293 0.47922 0.50563 0.53061 0.55357 0.57410 0.59184 0.60632 0.61705 0.62344 0.62488 0.62046 0.61111 0.59773 0.58046 0.55898 0.53283 0.50144 0.46409 0.41993 0.36813 0.30826 0.24126 0.17069 0.10391 0.05072 0.01795 0.00396 0.00044 0.00003 0.00001 0.00001 0.00001 0.00001 0.00001 0.00001 0.00001 0.00001 0.00001 0.00001 0.00001 0.00001
0.00001 0.00001 0.00001 0.00001 0.00001 0.00001 0.00001 0.00001 0.00001 0.00001 0.00001 0.00001 0.00001 0.00001 0.00001 0.00002 0.00122 0.00953 0.03211 0.07087 0.12068 0.17009 0.21712 0.26331 0.30085 0.33380 0.36104 0.38874 0.41569 0.44102 0.46409 0.48429 0.50093 0.51334 0.52080 0.52259 0.51772 0.50685 0.49069 0.46929 0.44223 0.40893 0.36886 0.32168 0.26760 0.20805 0.14658 0.08949 0.04444 0.01642 0.00397 0.00053 0.00004 0.00001 0.00001 0.00001 0.00001 0.00001 0.00001 0.00001 0.00001 0.00001 0.00001 0.00001 0.00001 0.00001 0.00001
