tests/data/gray99/saval2D/outputs/resuqu3.asc
north:     17.44
south:      0.00
east:      60.51
west:       0.00
rows:   68
cols:  236
[rows 0 to 28 of 68, columns 0 to 64 of 236]
0.00000 0.00000 0.00000 0.00000 0.00000 0.00000 0.00000 0.00000 0.00000 0.00000 0.00000 0.00000 0.00000 0.00000 0.00000 0.00000 0.00000 0.00000 0.00000 0.00000 0.00000 0.00000 0.00000 0.00000 0.00000 0.00000 0.00000 0.00000 0.00000 0.00000 0.00000 0.00000 0.00000 0.00000 0.00000 0.00000 0.00000 0.00000 0.00000 0.00000 0.00000 0.00000 0.00000 0.00000 0.00000 0.00000 0.00000 0.00000 0.00000 0.00000 0.00000 0.00000 0.00000 0.00000 0.00000 0.00000 0.00000 0.00000 0.00000 0.00000 0.00000 0.00000 0.00000 0.00000 0.00000
0.00000 -0.00000 0.00000 0.00000 0.00000 -0.00000 -0.00000 0.00000 0.00000 -0.00000 0.00000 0.00000 0.00000 0.00000 0.00000 0.00000 0.00000 0.00000 0.00000 0.00000 0.00000 0.00000 0.00000 0.00000 0.00000 0.00000 0.00000 0.00000 0.00000 0.00000 0.00000 0.00000 0.00000 0.00000 0.00000 0.00000 0.00000 0.00000 0.00000 0.00000 0.00000 0.00000 0.00000 0.00000 0.00000 0.00000 0.00000 0.00000 0.00000 0.00000 0.00000 0.00000 0.00000 0.00000 0.00000 0.00000 0.00000 0.00000 0.00000 0.00000 0.00000 0.00000 0.00000 0.00000 0.00000
0.00000 -0.00000 -0.00000 -0.00000 -0.00000 0.00000 0.00000 -0.00000 0.00000 -0.00000 0.00000 0.00000 0.00000 0.00000 0.00000 0.00000 0.00000 0.00000 0.00000 0.00000 0.00000 0.00000 0.00000 0.00000 0.00000 0.00000 0.00000 0.00000 0.00000 0.00000 0.00000 0.00000 0.00000 0.00000 0.00000 0.00000 0.00000 0.00000 0.00000 0.00000 0.00000 0.00000 0.00000 0.00000 0.00000 0.00000 0.00000 0.00000 0.00000 0.00000 0.00000 0.00000 0.00000 0.00000 0.00000 0.00000 0.00000 0.00000 0.00000 0.00000 0.00000 0.00000 0.00000 0.00000 0.00000
0.00000 -0.00000 -0.00000 0.00000 0.00000 -0.00000 -0.00000 0.00000 -0.00000 -0.00000 0.00000 0.00000 0.00000 0.00000 0.00000 0.00000 0.00000 0.00000 0.00000 0.00000 0.00000 0.00000 0.00000 0.00000 0.00000 0.00000 0.00000 0.00000 0.00000 0.00000 0.00000 0.00000 0.00000 0.00000 0.00000 0.00000 0.00000 0.00000 0.00000 0.00000 0.00000 0.00000 0.00000 0.00000 0.00000 0.00000 0.00000 0.00000 0.00000 0.00000 0.00000 0.00000 0.00000 0.00000 0.00000 0.00000 0.00000 0.00000 0.00000 0.00000 0.00000 0.00000 0.00000 0.00000 0.00000
0.00000 -0.00000 -0.00000 -0.00000 -0.00000 -0.00000 -0.00000 -0.00000 0.00000 0.00000 0.00000 0.00000 0.00000 0.00000 0.00000 0.00000 0.00000 0.00000 0.00000 0.00000 0.00000 0.00000 0.00000 0.00000 0.00000 0.00000 0.00000 0.00000 0.00000 0.00000 0.00001 0.00001 0.00002 0.00003 0.00003 0.00003 0.00002 0.00001 0.00000 0.00000 0.00000 0.00000 0.00000 0.00000 0.00000 0.00000 0.00000 0.00000 0.00000 0.00000 0.00000 0.00000 0.00000 0.00000 0.00000 0.00000 0.00000 0.00000 0.00000 0.00000 0.00000 0.00000 0.00000 0.00000 0.00000
0.00000 -0.00000 0.00000 -0.00000 0.00000 0.00000 -0.00000 0.00000 0.00000 0.00000 0.00000 0.00000 0.00000 0.00000 0.00000 0.00000 0.00000 0.00000 0.00000 0.00000 0.00000 0.00000 0.00000 0.00000 0.00001 0.00010 0.00033 0.00075 0.00147 0.00260 0.00423 0.00638 0.00896 0.01172 0.01425 0.01600 0.01641 0.01517 0.01240 0.00876 0.00518 0.00248 0.00092 0.00025 0.00005 0.00001 0.00000 0.00000 0.00000 0.00000 0.00000 0.00000 0.00000 0.00000 0.00000 0.00000 0.00000 0.00000 0.00000 0.00000 0.00000 0.00000 0.00000 0.00000 0.00000
0.00000 -0.00000 -0.00000 -0.00000 -0.00000 -0.00000 -0.00000 0.00000 0.00000 0.00000 0.00000 0.00000 0.00000 0.00000 0.00000 0.00000 0.00000 0.00000 0.00000 0.00000 0.00000 0.00002 0.00016 0.00078 0.00264 0.00721 0.01619 0.03058 0.05048 0.07534 0.10427 0.13593 0.16852 0.20036 0.22953 0.25390 0.27124 0.27950 0.27720 0.26369 0.23923 0.20516 0.16398 0.11962 0.07731 0.04256 0.01905 0.00661 0.00162 0.00025 0.00002 0.00000 0.00000 0.00000 0.00000 0.00000 0.00000 0.00000 0.00000 0.00000 0.00000 0.00000 0.00000 0.00000 0.00000
0.00000 -0.00000 0.00000 -0.00000 -0.00000 -0.00000 -0.00000 0.00000 0.00000 0.00000 0.00000 0.00000 0.00000 0.00000 0.00000 0.00000 0.00000 0.00000 0.00000 0.00003 0.00043 0.00221 0.00793 0.02230 0.05034 0.09482 0.15382 0.22245 0.29623 0.37204 0.44792 0.52259 0.59512 0.66407 0.72777 0.78430 0.83150 0.86719 0.88931 0.89600 0.88567 0.85706 0.80937 0.74256 0.65762 0.55679 0.44402 0.32611 0.21365 0.11935 0.05333 0.01733 0.00362 0.00043 0.00003 0.00000 0.00000 0.00000 0.00000 0.00000 0.00000 0.00000 0.00000 0.00000 0.00000
0.00000 -0.00000 -0.00000 0.00000 -0.00000 -0.00000 0.00000 0.00000 0.00000 0.00000 0.00000 0.00000 0.00000 0.00000 0.00000 0.00000 0.00000 0.00000 0.00028 0.00228 0.01095 0.03498 0.08159 0.15180 0.24063 0.34153 0.44886 0.55837 0.66767 0.77584 0.88236 0.98660 1.08768 1.18452 1.27585 1.36015 1.43571 1.50079 1.55366 1.59259 1.61587 1.62180 1.60861 1.57455 1.51788 1.43686 1.32994 1.19629 1.03655 0.85385 0.65600 0.45698 0.27638 0.13560 0.04892 0.01128 0.00137 0.00008 0.00000 0.00000 0.00000 0.00000 0.00000 0.00000 0.00000
0.00000 -0.00000 -0.00000 -0.00000 -0.00000 -0.00000 0.00000 0.00000 0.00000 0.00000 0.00000 0.00000 0.00000 0.00000 0.00000 0.00000 0.00003 0.00102 0.00743 0.03068 0.08359 0.16724 0.27229 0.39046 0.51657 0.64693 0.77869 0.90989 1.03996 1.16892 1.29650 1.42211 1.54491 1.66394 1.77808 1.88606 1.98650 2.07801 2.15923 2.22878 2.28519 2.32684 2.35195 2.35859 2.34468 2.30801 2.24619 2.15676 2.03716 1.88481 1.69750 1.47440 1.21815 0.93893 0.65539 0.39479 0.19054 0.06600 0.01391 0.00140 0.00005 0.00000 0.00000 0.00000 0.00000
0.00000 -0.00000 -0.00000 -0.00000 -0.00000 0.00000 0.00000 0.00000 0.00000 0.00000 0.00000 0.00000 0.00000 0.00000 0.00000 0.00012 0.00246 0.01657 0.05988 0.14007 0.24854 0.37376 0.50852 0.64930 0.79386 0.94054 1.08771 1.23417 1.37981 1.52474 1.66878 1.81140 1.95187 2.08930 2.22272 2.35098 2.47288 2.58726 2.69305 2.78918 2.87446 2.94749 3.00669 3.05025 3.07615 3.08222 3.06608 3.02525 2.95700 2.85838 2.72618 2.55693 2.34702 2.09315 1.79393 1.45463 1.09028 0.72765 0.40780 0.17546 0.05057 0.00788 0.00049 0.00001 0.00000
0.00000 0.00000 -0.00000 -0.00000 0.00000 0.00000 0.00000 0.00000 0.00000 0.00000 0.00000 0.00000 0.00000 0.00000 0.00021 0.00434 0.02776 0.08998 0.18958 0.31195 0.44723 0.59025 0.73890 0.89218 1.04882 1.20755 1.36690 1.52588 1.68432 1.84236 1.99992 2.15661 2.31185 2.46484 2.61465 2.76025 2.90051 3.03442 3.16109 3.27967 3.38925 3.48874 3.57682 3.65193 3.71225 3.75578 3.78033 3.78349 3.76271 3.71516 3.63780 3.52730 3.37990 3.19141 2.95718 2.67235 2.33318 1.94163 1.50868 1.05975 0.63991 0.30724 0.10404 0.02056 0.00174
0.00000 -0.00000 -0.00000 -0.00000 0.00000 0.00000 0.00000 0.00000 0.00000 0.00000 0.00000 0.00000 0.00000 0.00023 0.00551 0.03654 0.11317 0.22480 0.35470 0.49436 0.64109 0.79366 0.95141 1.11370 1.27961 1.44792 1.61728 1.78670 1.95594 2.12509 2.29414 2.46284 2.63070 2.79703 2.96095 3.12144 3.27747 3.42806 3.57242 3.70986 3.83965 3.96102 4.07295 4.17418 4.26325 4.33841 4.39772 4.43904 4.45998 4.45793 4.43004 4.37315 4.28383 4.15821 3.99196 3.78019 3.51726 3.19696 2.81445 2.36950 1.87038 1.34286 0.83654 0.42029 0.15209
0.00000 -0.00000 -0.00000 0.00000 0.00000 0.00000 0.00000 0.00000 0.00000 0.00000 0.00000 0.00000 0.00018 0.00552 0.03988 0.12440 0.24294 0.37658 0.51826 0.66636 0.82037 0.97987 1.14458 1.31399 1.48739 1.66366 1.84149 2.01991 2.19858 2.37750 2.55668 2.73596 2.91489 3.09286 3.26902 3.44244 3.61209 3.77707 3.93658 4.09001 4.23677 4.37627 4.50773 4.63028 4.74271 4.84369 4.93163 5.00472 5.06087 5.09782 5.11297 5.10342 5.06590 4.99682 4.89220 4.74757 4.55793 4.31754 4.01969 3.65724 3.22460 2.71961 2.15073 1.54668 0.96455
0.00000 -0.00000 -0.00000 0.00000 0.00000 0.00000 0.00000 0.00000 0.00000 0.00000 0.00000 0.00008 0.00448 0.03768 0.12393 0.24453 0.37928 0.52131 0.66952 0.82355 0.98315 1.14819 1.31859 1.49401 1.67388 1.85717 2.04265 2.22930 2.41663 2.60453 2.79301 2.98193 3.17090 3.35935 3.54649 3.73143 3.91319 4.09085 4.26368 4.43100 4.59230 4.74705 4.89469 5.03451 5.16566 5.28714 5.39774 5.49607 5.58060 5.64943 5.70039 5.73093 5.73806 5.71846 5.66835 5.58355 5.45946 5.29092 5.07206 4.79615 4.45556 4.04241 3.54959 2.97498 2.32959
0.00000 -0.00000 0.00000 0.00000 0.00000 0.00000 0.00000 0.00000 0.00000 0.00000 0.00002 0.00285 0.03112 0.11369 0.23308 0.36650 0.50718 0.65397 0.80670 0.96516 1.12922 1.29894 1.47438 1.65527 1.84118 2.03120 2.22405 2.41869 2.61445 2.81111 3.00857 3.20667 3.40506 3.60321 3.80043 3.99586 4.18863 4.37782 4.56265 4.74248 4.91673 5.08490 5.24643 5.40077 5.54724 5.68507 5.81341 5.93129 6.03759 6.13096 6.20979 6.27213 6.31556 6.33718 6.33357 6.30076 6.23428 6.12927 5.98035 5.78157 5.52607 5.20618 4.81319 4.33780 3.77229
0.00000 -0.00000 0.00000 0.00000 0.00000 0.00000 0.00000 0.00000 0.00000 0.00000 0.00133 0.02173 0.09592 0.21151 0.34256 0.48032 0.62417 0.77402 0.92984 1.09163 1.25939 1.43333 1.61353 1.79981 1.99179 2.18860 2.38904 2.59191 2.79631 3.00182 3.20819 3.41524 3.62266 3.82999 4.03663 4.24183 4.44474 4.64457 4.84049 5.03181 5.21790 5.39822 5.57222 5.73930 5.89890 6.05038 6.19308 6.32629 6.44929 6.56120 6.66100 6.74730 6.81843 6.87212 6.90555 6.91528 6.89732 6.84696 6.75907 6.62792 6.44733 6.21032 5.90913 5.53468 5.07667
0.00000 -0.00000 0.00000 0.00000 0.00000 0.00000 0.00000 0.00000 0.00000 0.00040 0.01209 0.07244 0.18196 0.31015 0.44488 0.58470 0.73030 0.88191 1.03976 1.20411 1.37515 1.55318 1.73825 1.93014 2.12847 2.33248 2.54093 2.75247 2.96595 3.18064 3.39614 3.61217 3.82846 4.04464 4.26021 4.47455 4.68696 4.89665 5.10287 5.30491 5.50207 5.69371 5.87923 6.05798 6.22937 6.39277 6.54764 6.69349 6.82978 6.95600 7.07155 7.17562 7.26716 7.34461 7.40599 7.44859 7.46901 7.46317 7.42627 7.35290 7.23706 7.07226 6.85130 6.56617 6.20752
0.00000 0.00000 0.00000 0.00000 0.00000 0.00000 0.00000 0.00000 0.00006 0.00491 0.04662 0.14539 0.27071 0.40300 0.53926 0.68000 0.82626 0.97867 1.13784 1.30437 1.47866 1.66098 1.85127 2.04919 2.25436 2.46606 2.68320 2.90438 3.12827 3.35386 3.58051 3.80779 4.03534 4.26278 4.48965 4.71541 4.93937 5.16082 5.37901 5.59316 5.80254 6.00639 6.20404 6.39478 6.57792 6.75286 6.91902 7.07595 7.22325 7.36062 7.48771 7.60418 7.70942 7.80263 7.88251 7.94729 7.99441 8.02061 8.02185 7.99325 7.92932 7.82387 7.67012 7.46060 7.18689
0.00000 0.00000 0.00000 0.00000 0.00000 0.00000 0.00000 0.00000 0.00138 0.02361 0.10400 0.22420 0.35537 0.48934 0.62626 0.76710 0.91324 1.06585 1.22605 1.39483 1.57274 1.76003 1.95644 2.16153 2.37481 2.59561 2.82301 3.05580 3.29255 3.53201 3.77321 4.01542 4.25807 4.50061 4.74250 4.98314 5.22183 5.45784 5.69041 5.91876 6.14212 6.35971 6.57074 6.77442 6.97003 7.15683 7.33428 7.50183 7.65912 7.80592 7.94196 8.06706 8.18106 8.28350 8.37379 8.45085 8.51311 8.55834 8.58348 8.58469 8.55725 8.49561 8.39357 8.24410 8.03947
0.00000 0.00000 0.00000 0.00000 0.00000 0.00000 0.00000 0.00025 0.00829 0.06201 0.17102 0.30108 0.43472 0.56967 0.70674 0.84718 0.99282 1.14550 1.30698 1.47864 1.66122 1.85488 2.05919 2.27344 2.49684 2.72860 2.96786 3.21351 3.46426 3.71880 3.97594 4.23471 4.49426 4.75383 5.01271 5.27014 5.52540 5.77769 6.02619 6.27013 6.50868 6.74103 6.96632 7.18377 7.39251 7.59184 7.78106 7.95962 8.12709 8.28309 8.42750 8.56014 8.68088 8.78965 8.88616 8.96992 9.04010 9.09532 9.13362 9.15221 9.14746 9.11495 9.04923 8.94411 8.79251
0.00000 0.00000 0.00000 0.00000 0.00000 0.00000 0.00001 0.00194 0.02749 0.11378 0.23947 0.37407 0.50923 0.64483 0.78172 0.92153 1.06662 1.21967 1.38306 1.55855 1.74692 1.94817 2.16164 2.38632 2.62112 2.86500 3.11696 3.37597 3.64082 3.91023 4.18294 4.45784 4.73390 5.01014 5.28571 5.55975 5.83137 6.09976 6.36404 6.62337 6.87692 7.12380 7.36320 7.59426 7.81610 8.02790 8.22893 8.41857 8.59625 8.76162 8.91443 9.05450 9.18180 9.29628 9.39784 9.48637 9.56144 9.62234 9.66791 9.69637 9.70524 9.69112 9.64981 9.57599 9.46351
0.00000 0.00000 0.00000 0.00000 0.00000 0.00000 0.00028 0.00773 0.05961 0.17076 0.30587 0.44331 0.57980 0.71594 0.85256 0.99174 1.13649 1.29027 1.45612 1.63608 1.83088 2.04029 2.26338 2.49882 2.74526 3.00135 3.26593 3.53789 3.81605 4.09918 4.38607 4.67551 4.96638 5.25765 5.54829 5.83734 6.12386 6.40691 6.68563 6.95908 7.22644 7.48680 7.73928 7.98298 8.21704 8.44054 8.65273 8.85285 9.04033 9.21477 9.37579 9.52326 9.65710 9.77726 9.88381 9.97671 10.05587 10.12105 10.17159 10.20648 10.22408 10.22206 10.19724 10.14548 10.06160
0.00000 0.00000 0.00000 0.00000 0.00000 0.00001 0.00137 0.02077 0.09994 0.22854 0.36979 0.50989 0.64800 0.78500 0.92173 1.06068 1.20538 1.35999 1.52816 1.71225 1.91304 2.13012 2.36226 2.60784 2.86520 3.13277 3.40914 3.69306 3.98334 4.27877 4.57814 4.88027 5.18400 5.48823 5.79189 6.09395 6.39340 6.68927 6.98061 7.26651 7.54603 7.81829 8.08239 8.33736 8.58230 8.81631 9.03850 9.24814 9.44459 9.62734 9.79603 9.95042 10.09045 10.21616 10.32757 10.42484 10.50807 10.57721 10.63197 10.67189 10.69598 10.70269 10.68971 10.65397 10.59130
0.00000 0.00000 0.00000 0.00000 0.00000 0.00009 0.00406 0.04105 0.14390 0.28498 0.43118 0.57409 0.71409 0.85221 0.98943 1.12862 1.27366 1.42921 1.59942 1.78698 1.99285 2.21651 2.45650 2.71097 2.97798 3.25573 3.54259 3.83717 4.13818 4.44438 4.75459 5.06761 5.38229 5.69754 6.01224 6.32533 6.63576 6.94254 7.24466 7.54120 7.83118 8.11368 8.38776 8.65247 8.90686 9.14997 9.38094 9.59892 9.80323 9.99333 10.16878 10.32939 10.47507 10.60586 10.72192 10.82342 10.91057 10.98350 11.04224 11.08660 11.11604 11.12961 11.12579 11.10224 11.05574
0.00000 0.00000 0.00000 0.00000 0.00000 0.00036 0.00942 0.06579 0.18798 0.33856 0.48926 0.63501 0.77689 0.91618 1.05407 1.19377 1.33943 1.49603 1.66807 1.85855 2.06859 2.29768 2.54424 2.80619 3.08142 3.36789 3.66382 3.96764 4.27794 4.59345 4.91294 5.23525 5.55923 5.88375 6.20772 6.53007 6.84972 7.16565 7.47684 7.78231 8.08110 8.37223 8.65475 8.92772 9.19012 9.44101 9.67945 9.90455 10.11560 10.31198 10.49327 10.65928 10.80991 10.94524 11.06546 11.17082 11.26162 11.33812 11.40052 11.44886 11.48296 11.50229 11.50581 11.49185 11.45791
0.00000 0.00000 0.00000 0.00000 0.00000 0.00122 0.01867 0.09428 0.23104 0.38800 0.54221 0.69056 0.83436 0.97497 1.11378 1.25425 1.40072 1.55842 1.73210 1.92505 2.13851 2.37202 2.62393 2.89207 3.17413 3.46793 3.77151 4.08316 4.40137 4.72479 5.05218 5.38234 5.71412 6.04643 6.37814 6.70819 7.03551 7.35904 7.67775 7.99064 8.29672 8.59503 8.88460 9.16445 9.43355 9.69091 9.93558 10.16666 10.38334 10.58503 10.77129 10.94186 11.09669 11.23591 11.35974 11.46847 11.56250 11.64220 11.70789 11.75977 11.79793 11.82208 11.83160 11.82526 11.80119
0.00000 0.00000 0.00000 0.00000 0.00006 0.00326 0.03240 0.12625 0.27310 0.43337 0.58948 0.73956 0.88485 1.02665 1.16645 1.30782 1.45523 1.61407 1.78933 1.98443 2.20077 2.43792 2.69425 2.96747 3.25516 3.55502 3.86496 4.18315 4.50798 4.83804 5.17203 5.50875 5.84705 6.18581 6.52392 6.86033 7.19393 7.52369 7.84856 8.16753 8.47961 8.78381 9.07914 9.36459 9.63918 9.90187 10.15167 10.38763 10.60900 10.81506 11.00540 11.17977 11.33811 11.48057 11.60740 11.71899 11.81578 11.89822 11.96675 12.02170 12.06327 12.09143 12.10577 12.10551 12.08914
0.00000 0.00000 0.00000 0.00000 0.00024 0.00676 0.04930 0.15888 0.31235 0.47378 0.63034 0.78116 0.92734 1.07004 1.21076 1.35304 1.50144 1.66149 1.83826 2.03530 2.25410 2.49429 2.75424 3.03161 3.32391 3.62872 3.94386 4.26741 4.59768 4.93319 5.27262 5.61472 5.95835 6.30237 6.64569 6.98724 7.32593 7.66072 7.99055 8.31442 8.63131 8.94023 9.24018 9.53015 9.80913 10.07608 10.32998 10.56991 10.79502 11.00462 11.19826 11.37568 11.53686 11.68192 11.81121 11.92515 12.02420 12.10893 12.17981 12.23727 12.28164 12.31300 12.33120 12.33567 12.32526
