tests/data/gray99/saval2D/outputs/resuqv4.asc
north:     17.44
south:      0.00
east:      60.51
west:       0.00
rows:   68
cols:  236
[rows 0 to 27 of 68, columns 0 to 62 of 236]
0.00000 0.00000 0.00000 0.00000 0.00000 0.00000 0.00000 0.00000 0.00000 0.00000 0.00000 0.00000 0.00000 0.00000 0.00000 0.00000 0.00000 0.00000 0.00000 0.00000 0.00000 0.00000 0.00000 0.00000 0.00000 0.00000 0.00000 0.00000 0.00000 0.00000 0.00000 0.00000 0.00000 0.00000 0.00000 0.00000 0.00000 0.00000 0.00000 0.00000 0.00000 0.00000 0.00000 0.00000 0.00000 0.00000 0.00000 0.00000 0.00000 0.00000 0.00000 0.00000 0.00000 0.00000 0.00000 0.00000 0.00000 0.00000 0.00000 0.00000 0.00000 0.00000 0.00000
0.00000 0.00000 0.00000 0.00000 0.00000 0.00000 0.00000 0.00000 0.00000 0.00000 0.00000 0.00000 0.00000 0.00000 0.00000 0.00000 0.00000 0.00000 0.00000 0.00000 0.00000 0.00000 0.00000 0.00000 0.00000 0.00000 0.00000 0.00000 0.00000 0.00000 0.00000 0.00000 0.00000 0.00000 0.00000 0.00000 0.00000 0.00000 0.00000 0.00000 0.00000 0.00000 0.00000 0.00000 0.00000 0.00000 0.00000 0.00000 0.00000 0.00000 0.00000 0.00000 0.00000 0.00000 0.00000 0.00000 0.00000 0.00000 0.00000 0.00000 0.00000 0.00000 0.00000
0.00000 0.00000 0.00000 0.00000 0.00000 0.00000 0.00000 0.00000 0.00000 0.00000 0.00000 0.00000 0.00000 0.00000 0.00000 0.00000 0.00000 0.00000 0.00000 0.00000 0.00000 0.00000 0.00000 0.00000 0.00000 0.00000 0.00000 0.00000 0.00000 0.00000 0.00000 0.00000 0.00000 0.00000 0.00000 0.00000 0.00000 0.00000 0.00000 0.00000 0.00000 0.00000 0.00000 0.00000 0.00000 0.00000 0.00000 0.00000 0.00000 0.00000 0.00000 0.00000 0.00000 0.00000 0.00000 0.00000 0.00000 0.00000 0.00000 0.00000 0.00000 0.00000 0.00000
0.00000 0.00000 0.00000 0.00000 0.00000 0.00000 0.00000 0.00000 0.00000 0.00000 0.00000 0.00000 0.00000 0.00000 0.00000 0.00000 0.00000 0.00000 0.00000 0.00000 0.00000 0.00000 0.00000 0.00000 0.00000 0.00000 0.00000 0.00000 0.00000 0.00000 0.00000 0.00000 0.00000 0.00000 0.00000 0.00000 0.00000 0.00000 0.00000 0.00000 0.00000 0.00000 0.00000 0.00000 0.00000 0.00000 0.00000 0.00000 0.00000 0.00000 0.00000 0.00000 0.00000 0.00000 0.00000 0.00000 0.00000 0.00000 0.00000 0.00000 0.00000 0.00000 0.00000
0.00000 0.00000 0.00000 0.00000 0.00000 0.00000 0.00000 0.00000 0.00000 0.00000 0.00000 0.00000 0.00000 0.00000 0.00000 0.00000 0.00000 0.00000 0.00000 0.00000 0.00000 0.00000 0.00000 0.00000 0.00000 0.00000 0.00000 0.00000 0.00000 0.00001 0.00001 0.00002 0.00003 0.00004 0.00005 0.00004 0.00003 0.00002 0.00001 0.00000 0.00000 0.00000 0.00000 0.00000 0.00000 0.00000 0.00000 0.00000 0.00000 0.00000 0.00000 0.00000 0.00000 0.00000 0.00000 0.00000 0.00000 0.00000 0.00000 0.00000 0.00000 0.00000 0.00000
0.00000 0.00000 0.00000 0.00000 0.00000 0.00000 0.00000 0.00000 0.00000 0.00000 0.00000 0.00000 0.00000 0.00000 0.00000 0.00000 0.00000 0.00000 0.00000 0.00000 0.00000 0.00000 0.00000 0.00000 0.00002 0.00010 0.00026 0.00049 0.00078 0.00111 0.00149 0.00191 0.00235 0.00280 0.00322 0.00359 0.00386 0.00400 0.00393 0.00360 0.00298 0.00212 0.00120 0.00050 0.00013 0.00002 0.00000 0.00000 0.00000 0.00000 0.00000 0.00000 0.00000 0.00000 0.00000 0.00000 0.00000 0.00000 0.00000 0.00000 0.00000 0.00000 0.00000
0.00000 0.00000 0.00000 0.00000 0.00000 0.00000 0.00000 0.00000 0.00000 0.00000 0.00000 0.00000 0.00000 0.00000 0.00000 0.00000 0.00000 0.00000 0.00000 0.00000 0.00000 0.00002 0.00013 0.00042 0.00092 0.00163 0.00260 0.00382 0.00531 0.00706 0.00907 0.01135 0.01387 0.01659 0.01943 0.02227 0.02497 0.02735 0.02922 0.03037 0.03068 0.03013 0.02886 0.02707 0.02480 0.02185 0.01787 0.01271 0.00698 0.00240 0.00037 0.00002 0.00000 0.00000 0.00000 0.00000 0.00000 0.00000 0.00000 0.00000 0.00000 0.00000 0.00000
0.00000 0.00000 0.00000 0.00000 0.00000 0.00000 0.00000 0.00000 0.00000 0.00000 0.00000 0.00000 0.00000 0.00000 0.00000 0.00000 0.00000 0.00000 0.00000 0.00003 0.00025 0.00074 0.00154 0.00279 0.00462 0.00718 0.01061 0.01506 0.02062 0.02731 0.03513 0.04399 0.05378 0.06430 0.07531 0.08649 0.09743 0.10770 0.11686 0.12446 0.13016 0.13379 0.13528 0.13465 0.13180 0.12640 0.11810 0.10688 0.09369 0.08027 0.06773 0.05518 0.04108 0.02516 0.01044 0.00207 0.00011 0.00000 0.00000 0.00000 0.00000 0.00000 0.00000
0.00000 0.00000 0.00000 0.00000 0.00000 0.00000 0.00000 0.00000 0.00000 0.00000 0.00000 0.00000 0.00000 0.00000 0.00000 0.00000 0.00000 0.00000 0.00017 0.00068 0.00168 0.00335 0.00592 0.00974 0.01527 0.02301 0.03344 0.04681 0.06311 0.08207 0.10323 0.12605 0.15001 0.17458 0.19923 0.22342 0.24659 0.26819 0.28767 0.30453 0.31840 0.32903 0.33630 0.34013 0.34039 0.33677 0.32901 0.31712 0.30172 0.28384 0.26388 0.24095 0.21379 0.18265 0.15056 0.12103 0.09342 0.06470 0.03545 0.01236 0.00188 0.00007 0.00000
0.00000 0.00000 0.00000 0.00000 0.00000 0.00000 0.00000 0.00000 0.00000 0.00000 0.00000 0.00000 0.00000 0.00000 0.00000 0.00000 0.00003 0.00038 0.00123 0.00286 0.00563 0.01009 0.01698 0.02722 0.04173 0.06122 0.08596 0.11558 0.14919 0.18558 0.22353 0.26199 0.30015 0.33741 0.37331 0.40743 0.43941 0.46885 0.49541 0.51873 0.53856 0.55469 0.56702 0.57547 0.57992 0.58019 0.57612 0.56772 0.55536 0.53953 0.52035 0.49726 0.46950 0.43721 0.40181 0.36446 0.32416 0.27921 0.23075 0.18327 0.13923 0.09615 0.05397
0.00000 0.00000 0.00000 0.00000 0.00000 0.00000 0.00000 0.00000 0.00000 0.00000 0.00000 0.00000 0.00000 0.00000 0.00000 0.00008 0.00059 0.00181 0.00414 0.00823 0.01504 0.02589 0.04221 0.06513 0.09522 0.13220 0.17504 0.22210 0.27153 0.32163 0.37107 0.41899 0.46488 0.50846 0.54959 0.58813 0.62396 0.65692 0.68681 0.71343 0.73662 0.75619 0.77206 0.78412 0.79228 0.79639 0.79634 0.79212 0.78390 0.77191 0.75618 0.73644 0.71234 0.68393 0.65182 0.61640 0.57714 0.53337 0.48568 0.43556 0.38312 0.32695 0.26776
0.00000 0.00000 0.00000 0.00000 0.00000 0.00000 0.00000 0.00000 0.00000 0.00000 0.00000 0.00000 0.00000 0.00000 0.00011 0.00075 0.00230 0.00534 0.01084 0.02030 0.03560 0.05850 0.09005 0.13016 0.17771 0.23084 0.28742 0.34538 0.40301 0.45905 0.51276 0.56375 0.61190 0.65722 0.69974 0.73951 0.77651 0.81070 0.84197 0.87019 0.89523 0.91698 0.93531 0.95015 0.96137 0.96888 0.97258 0.97244 0.96849 0.96082 0.94940 0.93409 0.91471 0.89125 0.86389 0.83272 0.79749 0.75792 0.71425 0.66697 0.61605 0.56118 0.50292
0.00000 0.00000 0.00000 0.00000 0.00000 0.00000 0.00000 0.00000 0.00000 0.00000 0.00000 0.00000 0.00000 0.00011 0.00080 0.00257 0.00617 0.01294 0.02494 0.04452 0.07354 0.11263 0.16085 0.21617 0.27612 0.33835 0.40096 0.46248 0.52188 0.57854 0.63217 0.68271 0.73026 0.77493 0.81685 0.85610 0.89273 0.92673 0.95805 0.98661 1.01234 1.03515 1.05496 1.07169 1.08528 1.09561 1.10262 1.10624 1.10645 1.10322 1.09653 1.08624 1.07223 1.05443 1.03282 1.00737 0.97789 0.94421 0.90633 0.86432 0.81810 0.76757 0.71296
0.00000 0.00000 0.00000 0.00000 0.00000 0.00000 0.00000 0.00000 0.00000 0.00000 0.00000 0.00000 0.00009 0.00075 0.00256 0.00642 0.01402 0.02790 0.05082 0.08463 0.12937 0.18329 0.24364 0.30759 0.37277 0.43752 0.50066 0.56140 0.61922 0.67386 0.72527 0.77355 0.81887 0.86141 0.90134 0.93878 0.97381 1.00646 1.03673 1.06457 1.08995 1.11282 1.13312 1.15083 1.16588 1.17821 1.18777 1.19448 1.19829 1.19915 1.19697 1.19165 1.18306 1.17110 1.15566 1.13662 1.11379 1.08700 1.05612 1.02103 0.98160 0.93771 0.88935
0.00000 0.00000 0.00000 0.00000 0.00000 0.00000 0.00000 0.00000 0.00000 0.00000 0.00000 0.00004 0.00062 0.00231 0.00610 0.01387 0.02855 0.05331 0.08999 0.13820 0.19552 0.25868 0.32461 0.39104 0.45642 0.51984 0.58069 0.63856 0.69319 0.74448 0.79248 0.83737 0.87938 0.91875 0.95568 0.99034 1.02281 1.05315 1.08139 1.10752 1.13154 1.15342 1.17318 1.19079 1.20625 1.21954 1.23062 1.23944 1.24596 1.25011 1.25181 1.25094 1.24738 1.24098 1.23159 1.21904 1.20314 1.18367 1.16040 1.13314 1.10168 1.06581 1.02539
0.00000 0.00000 0.00000 0.00000 0.00000 0.00000 0.00000 0.00000 0.00000 0.00000 0.00001 0.00045 0.00191 0.00535 0.01267 0.02700 0.05184 0.08930 0.13882 0.19756 0.26183 0.32839 0.39493 0.46003 0.52286 0.58299 0.64010 0.69401 0.74457 0.79174 0.83564 0.87647 0.91452 0.95003 0.98323 1.01431 1.04340 1.07058 1.09590 1.11941 1.14113 1.16107 1.17926 1.19575 1.21056 1.22370 1.23519 1.24503 1.25317 1.25956 1.26414 1.26681 1.26745 1.26590 1.26201 1.25556 1.24633 1.23407 1.21851 1.19938 1.17639 1.14927 1.11776
0.00000 0.00000 0.00000 0.00000 0.00000 0.00000 0.00000 0.00000 0.00000 0.00000 0.00027 0.00142 0.00434 0.01075 0.02377 0.04713 0.08337 0.13219 0.19064 0.25473 0.32097 0.38689 0.45108 0.51275 0.57153 0.62727 0.67984 0.72915 0.77513 0.81779 0.85723 0.89364 0.92729 0.95845 0.98738 1.01430 1.03936 1.06272 1.08444 1.10459 1.12324 1.14045 1.15626 1.17073 1.18395 1.19596 1.20680 1.21652 1.22511 1.23258 1.23887 1.24392 1.24763 1.24988 1.25048 1.24925 1.24595 1.24029 1.23199 1.22073 1.20616 1.18792 1.16570
0.00000 0.00000 0.00000 0.00000 0.00000 0.00000 0.00000 0.00000 0.00000 0.00012 0.00093 0.00322 0.00846 0.01951 0.04019 0.07355 0.11988 0.17651 0.23933 0.30451 0.36935 0.43224 0.49238 0.54944 0.60331 0.65401 0.70156 0.74593 0.78709 0.82502 0.85979 0.89156 0.92059 0.94714 0.97150 0.99391 1.01459 1.03369 1.05135 1.06768 1.08275 1.09665 1.10946 1.12126 1.13214 1.14220 1.15150 1.16013 1.16813 1.17553 1.18233 1.18850 1.19400 1.19871 1.20253 1.20526 1.20669 1.20656 1.20456 1.20035 1.19354 1.18375 1.17056
0.00000 0.00000 0.00000 0.00000 0.00000 0.00000 0.00000 0.00000 0.00002 0.00052 0.00216 0.00615 0.01491 0.03212 0.06129 0.10358 0.15698 0.21749 0.28098 0.34436 0.40576 0.46421 0.51934 0.57108 0.61955 0.66489 0.70718 0.74642 0.78260 0.81568 0.84571 0.87281 0.89720 0.91913 0.93889 0.95674 0.97291 0.98763 1.00105 1.01331 1.02452 1.03479 1.04423 1.05293 1.06101 1.06856 1.07569 1.08249 1.08905 1.09542 1.10166 1.10780 1.11381 1.11966 1.12526 1.13051 1.13521 1.13913 1.14202 1.14354 1.14330 1.14091 1.13590
0.00000 0.00000 0.00000 0.00000 0.00000 0.00000 0.00000 0.00000 0.00023 0.00129 0.00411 0.01056 0.02395 0.04805 0.08500 0.13380 0.19089 0.25199 0.31356 0.37333 0.43006 0.48325 0.53284 0.57897 0.62186 0.66168 0.69856 0.73257 0.76371 0.79195 0.81730 0.83986 0.85979 0.87730 0.89267 0.90615 0.91801 0.92847 0.93774 0.94598 0.95335 0.95996 0.96594 0.97140 0.97646 0.98123 0.98584 0.99037 0.99494 0.99965 1.00455 1.00972 1.01520 1.02099 1.02707 1.03337 1.03979 1.04617 1.05229 1.05787 1.06257 1.06601 1.06774
0.00000 0.00000 0.00000 0.00000 0.00000 0.00000 0.00000 0.00006 0.00065 0.00248 0.00690 0.01657 0.03522 0.06583 0.10871 0.16115 0.21897 0.27824 0.33619 0.39119 0.44254 0.49010 0.53399 0.57443 0.61169 0.64598 0.67748 0.70629 0.73246 0.75598 0.77685 0.79513 0.81093 0.82442 0.83582 0.84539 0.85338 0.86002 0.86553 0.87012 0.87394 0.87715 0.87988 0.88227 0.88441 0.88645 0.88849 0.89065 0.89304 0.89575 0.89889 0.90254 0.90676 0.91161 0.91712 0.92328 0.93005 0.93734 0.94501 0.95288 0.96066 0.96804 0.97463
0.00000 0.00000 0.00000 0.00000 0.00000 0.00000 0.00001 0.00025 0.00131 0.00412 0.01058 0.02396 0.04774 0.08355 0.12999 0.18337 0.23956 0.29527 0.34843 0.39803 0.44374 0.48559 0.52378 0.55862 0.59038 0.61932 0.64563 0.66947 0.69091 0.70998 0.72669 0.74108 0.75321 0.76321 0.77125 0.77755 0.78233 0.78583 0.78825 0.78981 0.79068 0.79103 0.79100 0.79075 0.79037 0.79000 0.78975 0.78973 0.79004 0.79079 0.79208 0.79400 0.79664 0.80007 0.80435 0.80954 0.81563 0.82261 0.83043 0.83896 0.84805 0.85745 0.86687
0.00000 0.00000 0.00000 0.00000 0.00000 0.00000 0.00006 0.00057 0.00219 0.00618 0.01499 0.03207 0.06013 0.09928 0.14687 0.19888 0.25163 0.30259 0.35034 0.39428 0.43426 0.47045 0.50314 0.53263 0.55922 0.58317 0.60470 0.62397 0.64110 0.65616 0.66917 0.68016 0.68918 0.69630 0.70167 0.70542 0.70777 0.70890 0.70904 0.70835 0.70704 0.70526 0.70317 0.70090 0.69859 0.69635 0.69428 0.69250 0.69109 0.69017 0.68981 0.69012 0.69119 0.69309 0.69591 0.69971 0.70455 0.71046 0.71744 0.72545 0.73442 0.74419 0.75459
0.00000 0.00000 0.00000 0.00000 0.00000 0.00000 0.00018 0.00099 0.00325 0.00854 0.01972 0.03998 0.07093 0.11134 0.15785 0.20666 0.25479 0.30035 0.34236 0.38050 0.41482 0.44555 0.47303 0.49756 0.51946 0.53895 0.55625 0.57153 0.58493 0.59654 0.60640 0.61455 0.62104 0.62590 0.62923 0.63115 0.63180 0.63135 0.62997 0.62783 0.62511 0.62196 0.61854 0.61496 0.61137 0.60787 0.60455 0.60153 0.59888 0.59671 0.59509 0.59410 0.59384 0.59438 0.59581 0.59821 0.60163 0.60616 0.61181 0.61863 0.62658 0.63561 0.64561
0.00000 0.00000 0.00000 0.00000 0.00000 0.00002 0.00034 0.00147 0.00437 0.01095 0.02416 0.04660 0.07871 0.11832 0.16200 0.20645 0.24928 0.28906 0.32520 0.35758 0.38639 0.41194 0.43459 0.45464 0.47236 0.48798 0.50169 0.51362 0.52392 0.53269 0.53999 0.54586 0.55035 0.55349 0.55534 0.55599 0.55554 0.55412 0.55187 0.54893 0.54546 0.54159 0.53746 0.53320 0.52891 0.52471 0.52069 0.51694 0.51353 0.51056 0.50810 0.50621 0.50498 0.50448 0.50479 0.50598 0.50812 0.51130 0.51556 0.52096 0.52752 0.53523 0.54407
0.00000 0.00000 0.00000 0.00000 0.00000 0.00006 0.00052 0.00195 0.00543 0.01306 0.02758 0.05080 0.08224 0.11942 0.15911 0.19848 0.23563 0.26954 0.29986 0.32666 0.35023 0.37093 0.38914 0.40515 0.41922 0.43151 0.44219 0.45137 0.45917 0.46566 0.47091 0.47499 0.47793 0.47976 0.48053 0.48031 0.47916 0.47718 0.47449 0.47121 0.46744 0.46332 0.45895 0.45446 0.44993 0.44548 0.44119 0.43713 0.43338 0.43001 0.42708 0.42467 0.42284 0.42165 0.42116 0.42145 0.42260 0.42466 0.42770 0.43178 0.43694 0.44321 0.45060
0.00000 0.00000 0.00000 0.00000 0.00000 0.00012 0.00072 0.00240 0.00629 0.01445 0.02919 0.05163 0.08087 0.11441 0.14931 0.18321 0.21460 0.24274 0.26748 0.28901 0.30767 0.32389 0.33803 0.35039 0.36120 0.37061 0.37871 0.38559 0.39132 0.39597 0.39958 0.40222 0.40393 0.40473 0.40467 0.40381 0.40219 0.39990 0.39701 0.39362 0.38982 0.38572 0.38140 0.37698 0.37252 0.36811 0.36385 0.35979 0.35600 0.35255 0.34948 0.34685 0.34473 0.34316 0.34220 0.34192 0.34237 0.34362 0.34572 0.34872 0.35269 0.35765 0.36363
0.00000 0.00000 0.00000 0.00000 0.00001 0.00020 0.00093 0.00273 0.00672 0.01470 0.02849 0.04879 0.07455 0.10348 0.13304 0.16128 0.18697 0.20960 0.22912 0.24575 0.25991 0.27201 0.28243 0.29148 0.29935 0.30616 0.31197 0.31683 0.32078 0.32385 0.32607 0.32749 0.32815 0.32808 0.32732 0.32593 0.32394 0.32142 0.31843 0.31504 0.31133 0.30738 0.30326 0.29905 0.29483 0.29067 0.28663 0.28277 0.27916 0.27583 0.27284 0.27025 0.26808 0.26639 0.26523 0.26464 0.26468 0.26540 0.26684 0.26905 0.27207 0.27596 0.28072
