tests/data/gray99/saval2D/outputs/resuqv1.asc
north:     17.44
south:      0.00
east:      60.51
west:       0.00
rows:   68
cols:  236
[rows 28 to 55 of 68, columns 0 to 63 of 236]
0.00000 0.00000 0.00000 0.00000 0.00000 -0.00001 -0.00060 -0.00836 -0.04315 -0.12220 -0.24192 -0.39059 -0.56393 -0.77025 -1.24206 -1.48921 -1.69605 -1.86564 -2.01453 -2.14024 -2.23455 -2.30372 -2.35292 -2.38314 -2.39303 -2.38558 -2.36330 -2.32699 -2.27959 -2.22459 -2.16479 -2.10247 -2.03938 -1.97692 -1.91613 -1.85740 -1.79979 -1.74178 -1.68100 -1.61568 -1.54263 -1.46546 -1.38195 -1.22871 -1.05152 -0.87487 -0.70928 -0.55874 -0.42431 -0.30602 -0.20424 -0.12085 -0.05924 -0.02170 -0.00506 -0.00056 -0.00001 0.00000 0.00000 0.00000 0.00000 0.00000 0.00000 0.00000
0.00000 0.00000 0.00000 0.00000 0.00000 -0.00003 -0.00113 -0.01132 -0.04814 -0.12163 -0.22520 -0.34945 -0.49241 -0.66176 -1.06728 -1.28447 -1.46177 -1.60643 -1.73133 -1.83471 -1.91094 -1.96814 -2.00826 -2.03174 -2.03818 -2.02982 -2.00892 -1.97659 -1.93522 -1.88766 -1.83632 -1.78311 -1.72956 -1.67694 -1.62607 -1.57726 -1.52978 -1.48236 -1.43302 -1.38052 -1.32178 -1.25944 -1.19666 -1.06145 -0.90703 -0.75577 -0.61559 -0.48872 -0.37518 -0.27447 -0.18671 -0.11349 -0.05794 -0.02260 -0.00581 -0.00076 -0.00002 0.00000 0.00000 0.00000 0.00000 0.00000 0.00000 0.00000
0.00000 0.00000 0.00000 0.00000 -0.00000 -0.00007 -0.00177 -0.01342 -0.04862 -0.11178 -0.19615 -0.29529 -0.40860 -0.54230 -0.87010 -1.05195 -1.19867 -1.31834 -1.42044 -1.50353 -1.56464 -1.61153 -1.64447 -1.66361 -1.66905 -1.66255 -1.64586 -1.62004 -1.58714 -1.54925 -1.50835 -1.46601 -1.42348 -1.38172 -1.34143 -1.30285 -1.26537 -1.22797 -1.18913 -1.14782 -1.10141 -1.05148 -1.00348 -0.88774 -0.75831 -0.63358 -0.51888 -0.41512 -0.32177 -0.23826 -0.16469 -0.10249 -0.05430 -0.02250 -0.00640 -0.00100 -0.00005 0.00000 0.00000 0.00000 0.00000 0.00000 0.00000 0.00000
0.00000 0.00000 0.00000 0.00000 -0.00000 -0.00013 -0.00224 -0.01372 -0.04373 -0.09334 -0.15715 -0.23110 -0.31522 -0.41420 -0.66022 -0.80144 -0.91536 -1.00886 -1.08839 -1.15271 -1.20071 -1.23865 -1.26601 -1.28287 -1.28944 -1.28702 -1.27688 -1.25992 -1.23750 -1.21121 -1.18244 -1.15239 -1.12199 -1.09197 -1.06285 -1.03477 -1.00723 -0.97940 -0.95015 -0.91869 -0.88288 -0.84346 -0.80597 -0.71139 -0.60836 -0.51051 -0.42097 -0.33982 -0.26632 -0.19993 -0.14078 -0.09003 -0.04977 -0.02211 -0.00708 -0.00138 -0.00012 -0.00000 0.00000 0.00000 0.00000 0.00000 0.00000 0.00000
0.00000 0.00000 0.00000 0.00000 -0.00000 -0.00018 -0.00235 -0.01194 -0.03414 -0.06841 -0.11106 -0.15978 -0.21487 -0.27950 -0.44245 -0.53943 -0.61875 -0.68483 -0.74146 -0.78791 -0.82399 -0.85387 -0.87694 -0.89310 -0.90261 -0.90616 -0.90434 -0.89770 -0.88723 -0.87389 -0.85859 -0.84202 -0.82481 -0.80738 -0.79000 -0.77244 -0.75454 -0.73581 -0.71544 -0.69280 -0.66626 -0.63599 -0.60640 -0.53455 -0.45866 -0.38763 -0.32292 -0.26406 -0.21029 -0.16109 -0.11650 -0.07733 -0.04515 -0.02178 -0.00793 -0.00190 -0.00023 -0.00001 -0.00000 0.00000 0.00000 0.00000 0.00000 0.00000
0.00000 -0.00000 -0.00000 -0.00000 -0.00001 -0.00021 -0.00201 -0.00845 -0.02128 -0.03934 -0.06061 -0.08410 -0.11015 -0.14052 -0.21985 -0.27045 -0.31390 -0.35159 -0.38527 -0.41460 -0.43952 -0.46195 -0.48133 -0.49756 -0.51070 -0.52094 -0.52879 -0.53421 -0.53717 -0.53795 -0.53687 -0.53431 -0.53051 -0.52568 -0.51990 -0.51342 -0.50564 -0.49608 -0.48418 -0.46951 -0.45099 -0.42855 -0.40506 -0.35719 -0.30920 -0.26517 -0.22517 -0.18847 -0.15435 -0.12233 -0.09230 -0.06469 -0.04058 -0.02154 -0.00889 -0.00250 -0.00038 -0.00002 -0.00000 -0.00000 -0.00000 -0.00000 -0.00000 -0.00000
0.00000 -0.00000 -0.00000 -0.00000 -0.00001 -0.00019 -0.00135 -0.00400 -0.00683 -0.00834 -0.00813 -0.00641 -0.00344 0.00041 0.00501 0.00126 -0.00616 -0.01501 -0.02513 -0.03709 -0.05087 -0.06598 -0.08212 -0.09906 -0.11672 -0.13470 -0.15261 -0.16996 -0.18631 -0.20131 -0.21483 -0.22673 -0.23694 -0.24536 -0.25184 -0.25610 -0.25794 -0.25708 -0.25328 -0.24621 -0.23531 -0.22022 -0.20235 -0.17936 -0.15946 -0.14237 -0.12705 -0.11255 -0.09819 -0.08345 -0.06802 -0.05194 -0.03581 -0.02108 -0.00970 -0.00304 -0.00051 -0.00003 -0.00000 -0.00000 -0.00000 -0.00000 -0.00000 -0.00000
0.00000 -0.00000 -0.00000 -0.00000 -0.00000 -0.00013 -0.00059 0.00047 0.00740 0.02226 0.04392 0.07091 0.10296 0.14116 0.23016 0.27245 0.30053 0.32045 0.33389 0.33954 0.33717 0.32951 0.31682 0.29944 0.27757 0.25219 0.22420 0.19481 0.16509 0.13595 0.10813 0.08206 0.05816 0.03677 0.01825 0.00300 -0.00870 -0.01669 -0.02094 -0.02133 -0.01771 -0.00953 0.00288 0.00053 -0.00813 -0.01835 -0.02793 -0.03579 -0.04126 -0.04382 -0.04297 -0.03840 -0.03030 -0.01997 -0.01006 -0.00335 -0.00058 -0.00003 -0.00000 -0.00000 -0.00000 -0.00000 -0.00000 -0.00000
0.00000 -0.00000 -0.00000 -0.00000 -0.00000 -0.00006 0.00005 0.00405 0.01961 0.05014 0.09306 0.14537 0.20660 0.27938 0.45313 0.53907 0.60130 0.64951 0.68654 0.71063 0.72048 0.72078 0.71213 0.69509 0.66979 0.63779 0.60058 0.55993 0.51764 0.47524 0.43378 0.39416 0.35704 0.32301 0.29268 0.26651 0.24497 0.22804 0.21551 0.20746 0.20350 0.20464 0.21085 0.18322 0.14581 0.10797 0.07313 0.04265 0.01717 -0.00279 -0.01660 -0.02360 -0.02360 -0.01786 -0.00970 -0.00332 -0.00056 -0.00003 -0.00000 -0.00000 -0.00000 -0.00000 -0.00000 -0.00000
0.00000 -0.00000 -0.00000 -0.00000 -0.00000 -0.00002 0.00041 0.00611 0.02817 0.07281 0.13642 0.21398 0.30453 0.41232 0.67038 0.79601 0.89042 0.96634 1.02716 1.07093 1.09453 1.10367 1.10013 1.08482 1.05747 1.02039 0.97539 0.92495 0.87154 0.81717 0.76336 0.71126 0.66180 0.61576 0.57392 0.53703 0.50552 0.47932 0.45805 0.44177 0.42947 0.42297 0.42135 0.36911 0.30304 0.23722 0.17669 0.12320 0.07744 0.03991 0.01134 -0.00733 -0.01556 -0.01458 -0.00853 -0.00290 -0.00045 -0.00002 -0.00000 -0.00000 -0.00000 -0.00000 -0.00000 -0.00000
0.00000 -0.00000 -0.00000 -0.00000 -0.00000 0.00000 0.00046 0.00643 0.03194 0.08777 0.17069 0.27335 0.39370 0.53748 0.87655 1.03621 1.16072 1.26422 1.34954 1.41473 1.45446 1.47371 1.47677 1.46515 1.43778 1.39764 1.34688 1.28867 1.22613 1.16169 1.09724 1.03417 0.97350 0.91633 0.86356 0.81608 0.77448 0.73855 0.70780 0.68246 0.66064 0.64533 0.63311 0.55744 0.46323 0.36924 0.28250 0.20550 0.13910 0.08382 0.04041 0.01003 -0.00644 -0.01032 -0.00665 -0.00218 -0.00029 -0.00001 -0.00000 -0.00000 -0.00000 -0.00000 -0.00000 -0.00000
0.00000 -0.00000 0.00000 -0.00000 -0.00000 0.00000 0.00034 0.00558 0.03143 0.09402 0.19317 0.32022 0.47108 0.65204 1.06056 1.24884 1.40320 1.53566 1.64718 1.73607 1.79522 1.82626 1.83773 1.83218 1.80710 1.76651 1.71256 1.64908 1.57982 1.50771 1.43479 1.36255 1.29225 1.22498 1.16189 1.10402 1.05213 1.00586 0.96475 0.92916 0.89626 0.87022 0.84308 0.74561 0.62453 0.50264 0.38931 0.28822 0.20068 0.12735 0.06907 0.02719 0.00282 -0.00565 -0.00443 -0.00137 -0.00015 -0.00000 -0.00000 -0.00000 -0.00000 -0.00000 -0.00000 -0.00000
0.00000 -0.00000 -0.00000 -0.00000 -0.00000 -0.00000 0.00013 0.00346 0.02504 0.08791 0.19985 0.35151 0.53384 0.75157 1.20388 1.42228 1.61012 1.77445 1.91441 2.02926 2.11186 2.15643 2.17816 2.18139 2.16121 2.12307 2.06876 2.00289 1.92984 1.85280 1.77393 1.69476 1.61651 1.54041 1.46770 1.39964 1.33720 1.27984 1.22730 1.18007 1.13414 1.09437 1.04637 0.92867 0.78301 0.63441 0.49468 0.36905 0.25973 0.16788 0.09471 0.04192 0.01064 -0.00154 -0.00239 -0.00069 -0.00005 -0.00000 -0.00000 -0.00000 -0.00000 -0.00000 -0.00000 -0.00000
0.00000 -0.00000 -0.00000 -0.00000 -0.00000 -0.00000 0.00005 0.00199 0.01953 0.08150 0.20321 0.37408 0.58049 0.82646 1.28721 1.54940 1.77613 1.97509 2.14551 2.28820 2.39864 2.45874 2.49253 2.50745 2.49480 2.46226 2.41071 2.34556 2.27190 2.19302 2.11103 2.02734 1.94308 1.85950 1.77796 1.69990 1.62657 1.55731 1.49225 1.43166 1.37048 1.31249 1.23641 1.09888 0.93176 0.75923 0.59465 0.44486 0.31336 0.20238 0.11423 0.05148 0.01513 0.00094 -0.00105 -0.00028 -0.00001 -0.00000 -0.00000 -0.00000 -0.00000 -0.00000 -0.00000 -0.00000
0.00000 0.00000 -0.00000 -0.00000 -0.00000 -0.00000 0.00001 0.00075 0.01128 0.06093 0.17752 0.35777 0.58442 0.85582 1.29927 1.62751 1.89631 2.13169 2.33426 2.50680 2.64886 2.72690 2.77439 2.80406 2.80152 2.77792 2.73222 2.67104 2.60010 2.52270 2.44065 2.35503 2.26685 2.17723 2.08762 1.99974 1.91524 1.83323 1.75460 1.67872 1.59980 1.51760 1.40608 1.24620 1.05980 0.86712 0.68131 0.51012 0.35826 0.22935 0.12736 0.05619 0.01654 0.00178 -0.00049 -0.00012 -0.00000 -0.00000 -0.00000 -0.00000 -0.00000 -0.00000 -0.00000 -0.00000
0.00000 -0.00000 -0.00000 -0.00000 -0.00000 -0.00000 0.00000 0.00015 0.00458 0.03704 0.13752 0.31860 0.56026 0.84821 1.25937 1.65481 1.96519 2.23783 2.47401 2.67894 2.85462 2.95373 3.01641 3.06416 3.07391 3.06256 3.02568 2.97166 2.90691 2.83446 2.75549 2.67066 2.58067 2.48650 2.38966 2.29212 2.19615 2.10071 2.00736 1.91407 1.81466 1.70066 1.55027 1.36418 1.15824 0.94798 0.74488 0.55666 0.38870 0.24580 0.13343 0.05674 0.01596 0.00187 -0.00020 -0.00004 -0.00000 -0.00000 -0.00000 -0.00000 -0.00000 -0.00000 -0.00000 -0.00000
0.00000 -0.00000 -0.00000 -0.00000 -0.00000 -0.00000 -0.00000 0.00001 0.00106 0.01595 0.08530 0.24562 0.48891 0.78898 1.17394 1.61879 1.97394 2.28413 2.55592 2.79698 3.00680 3.13042 3.20993 3.27934 3.30310 3.30739 3.28201 3.23818 3.18310 3.11905 3.04641 2.96518 2.87556 2.77834 2.67506 2.56803 2.46038 2.35099 2.24139 2.12834 2.00506 1.85023 1.66240 1.44979 1.22455 0.99834 0.78062 0.57874 0.39883 0.24700 0.13001 0.05311 0.01447 0.00196 0.00004 -0.00000 -0.00000 -0.00000 -0.00000 -0.00000 -0.00000 -0.00000 -0.00000 -0.00000
0.00000 -0.00000 -0.00000 -0.00000 -0.00000 -0.00000 -0.00000 -0.00000 0.00010 0.00419 0.03890 0.15549 0.37511 0.67350 1.04172 1.50395 1.91690 2.26230 2.57174 2.85352 3.09514 3.24525 3.34454 3.43949 3.47848 3.50210 3.49040 3.45961 3.41763 3.36559 3.30265 3.22785 3.14084 3.04209 2.93315 2.81672 2.69729 2.57371 2.44567 2.31002 2.15892 1.95885 1.73535 1.49834 1.25615 1.01655 0.78643 0.57225 0.38120 0.22235 0.10573 0.03653 0.00750 0.00056 -0.00002 -0.00000 -0.00000 -0.00000 -0.00000 -0.00000 -0.00000 -0.00000 -0.00000 -0.00000
0.00000 -0.00000 -0.00000 0.00000 -0.00000 -0.00000 -0.00000 -0.00000 0.00000 0.00050 0.01110 0.07331 0.23849 0.50916 0.85910 1.30605 1.77229 2.18345 2.54000 2.84122 3.10266 3.27833 3.40590 3.53111 3.58642 3.63415 3.63785 3.62299 3.59791 3.56175 3.51200 3.44663 3.36451 3.26577 3.15189 3.02611 2.89487 2.75647 2.60716 2.44497 2.26084 2.02190 1.76674 1.50791 1.25163 1.00275 0.76585 0.54629 0.35186 0.19384 0.08392 0.02503 0.00414 0.00025 0.00000 -0.00000 -0.00000 -0.00000 -0.00000 -0.00000 -0.00000 -0.00000 -0.00000 -0.00000
0.00000 -0.00000 -0.00000 -0.00000 -0.00000 -0.00000 -0.00000 -0.00000 -0.00000 0.00002 0.00150 0.02203 0.11436 0.32294 0.63904 1.05723 1.54226 1.98749 2.38787 2.73397 3.01800 3.21299 3.38310 3.54094 3.61337 3.69105 3.71049 3.71440 3.71032 3.69426 3.66158 3.60882 3.53405 3.43684 3.31862 3.18323 3.03954 2.88463 2.71038 2.51499 2.29669 2.03015 1.75130 1.47466 1.20575 0.94758 0.70348 0.47941 0.28625 0.13917 0.04919 0.01056 0.00101 0.00002 -0.00000 -0.00000 -0.00000 -0.00000 -0.00000 -0.00000 -0.00000 -0.00000 -0.00000 -0.00000
0.00000 -0.00000 -0.00000 -0.00000 -0.00000 -0.00000 -0.00000 -0.00000 -0.00000 -0.00000 0.00006 0.00323 0.03535 0.15552 0.40117 0.76930 1.24040 1.70503 2.13021 2.51815 2.86063 3.11323 3.29574 3.44961 3.54339 3.65883 3.69119 3.71751 3.73983 3.74913 3.73812 3.70180 3.63713 3.54310 3.42099 3.27518 3.11538 2.94234 2.73608 2.50686 2.26041 1.97822 1.68611 1.39836 1.12028 0.85417 0.60412 0.38009 0.19909 0.07840 0.01979 0.00245 0.00009 0.00000 -0.00000 -0.00000 -0.00000 -0.00000 -0.00000 -0.00000 -0.00000 -0.00000 -0.00000 -0.00000
0.00000 -0.00000 0.00000 -0.00000 -0.00000 -0.00000 -0.00000 -0.00000 -0.00000 -0.00000 0.00000 0.00014 0.00540 0.04839 0.19112 0.47089 0.88653 1.34914 1.79126 2.20573 2.55616 2.82268 3.06150 3.30074 3.42978 3.52438 3.54934 3.60727 3.66668 3.71002 3.72743 3.71259 3.66150 3.57248 3.44665 3.28800 3.10010 2.90673 2.66829 2.41850 2.16164 1.88000 1.58466 1.28699 0.99528 0.71713 0.46376 0.25330 0.10626 0.02953 0.00425 0.00020 0.00000 -0.00000 -0.00000 -0.00000 -0.00000 -0.00000 -0.00000 -0.00000 -0.00000 -0.00000 -0.00000 -0.00000
0.00000 -0.00000 -0.00000 -0.00000 -0.00000 -0.00000 -0.00000 -0.00000 -0.00000 -0.00000 -0.00000 0.00000 0.00025 0.00743 0.05835 0.21683 0.52438 0.94015 1.37905 1.81270 2.16032 2.43120 2.68534 2.93545 3.08834 3.23183 3.31944 3.43293 3.54259 3.63034 3.68495 3.69858 3.66597 3.58456 3.45064 3.26671 3.03736 2.81068 2.52261 2.22989 1.94346 1.65146 1.35587 1.06205 0.77697 0.51223 0.28720 0.12509 0.03675 0.00576 0.00031 0.00000 -0.00000 -0.00000 -0.00000 -0.00000 -0.00000 -0.00000 -0.00000 -0.00000 -0.00000 -0.00000 -0.00000 -0.00000
0.00000 -0.00000 -0.00000 -0.00000 -0.00000 -0.00000 -0.00000 -0.00000 0.00000 -0.00000 -0.00000 -0.00000 0.00000 0.00034 0.00862 0.06275 0.22787 0.53195 0.92072 1.34634 1.67640 1.95369 2.23106 2.49398 2.65205 2.79820 2.88557 3.00567 3.12666 3.22839 3.29755 3.32445 3.30250 3.22772 3.09295 2.90147 2.65594 2.44387 2.17090 1.88975 1.61424 1.33712 1.05737 0.78042 0.51873 0.29335 0.12917 0.03854 0.00618 0.00035 0.00000 -0.00000 -0.00000 -0.00000 -0.00000 -0.00000 -0.00000 -0.00000 -0.00000 -0.00000 -0.00000 -0.00000 -0.00000 -0.00000
0.00000 -0.00000 -0.00000 -0.00000 -0.00000 -0.00000 -0.00000 -0.00000 -0.00000 -0.00000 -0.00000 -0.00000 -0.00000 0.00000 0.00037 0.00847 0.06009 0.21385 0.48572 0.84575 1.13419 1.41249 1.71398 1.98586 2.14931 2.29971 2.39090 2.52153 2.65649 2.77361 2.85779 2.89806 2.88696 2.81811 2.68520 2.49025 2.22843 2.02679 1.77409 1.50837 1.24514 0.98275 0.72322 0.47771 0.26719 0.11566 0.03365 0.00519 0.00027 0.00000 -0.00000 -0.00000 -0.00000 -0.00000 -0.00000 -0.00000 -0.00000 -0.00000 -0.00000 -0.00000 -0.00000 -0.00000 -0.00000 -0.00000
0.00000 -0.00000 -0.00000 -0.00000 0.00000 -0.00000 -0.00000 -0.00000 -0.00000 -0.00000 -0.00000 -0.00000 -0.00000 -0.00000 0.00000 0.00031 0.00699 0.04955 0.17444 0.40333 0.61426 0.86255 1.16335 1.42647 1.59404 1.74697 1.84321 1.98752 2.13801 2.27028 2.36806 2.42006 2.41838 2.35488 2.22721 2.03388 1.76463 1.56629 1.33565 1.09128 0.84824 0.61243 0.39445 0.21304 0.08781 0.02380 0.00329 0.00014 0.00000 -0.00000 -0.00000 -0.00000 -0.00000 -0.00000 -0.00000 -0.00000 -0.00000 -0.00000 -0.00000 -0.00000 -0.00000 -0.00000 -0.00000 -0.00000
0.00000 -0.00000 -0.00000 -0.00000 -0.00000 0.00000 -0.00000 -0.00000 -0.00000 -0.00000 -0.00000 0.00000 -0.00000 -0.00000 -0.00000 0.00000 0.00020 0.00468 0.03384 0.12372 0.23284 0.40055 0.64466 0.86435 1.02488 1.16970 1.26638 1.42157 1.58319 1.72514 1.83114 1.89045 1.89403 1.83814 1.71897 1.53482 1.27562 1.08055 0.87577 0.66546 0.46393 0.28490 0.14431 0.05446 0.01301 0.00148 0.00005 0.00000 -0.00000 -0.00000 -0.00000 -0.00000 -0.00000 -0.00000 -0.00000 -0.00000 -0.00000 -0.00000 -0.00000 -0.00000 -0.00000 -0.00000 -0.00000 -0.00000
0.00000 -0.00000 -0.00000 -0.00000 -0.00000 -0.00000 -0.00000 -0.00000 -0.00000 -0.00000 -0.00000 -0.00000 -0.00000 -0.00000 -0.00000 -0.00000 0.00000 0.00009 0.00240 0.01887 0.05021 0.11981 0.25687 0.39656 0.52269 0.63733 0.72079 0.86918 1.02485 1.16183 1.26427 1.32229 1.32942 1.28173 1.17660 1.01372 0.78992 0.61497 0.45176 0.29988 0.17160 0.07880 0.02594 0.00508 0.00043 0.00001 -0.00000 -0.00000 -0.00000 -0.00000 -0.00000 -0.00000 -0.00000 -0.00000 -0.00000 -0.00000 -0.00000 -0.00000 -0.00000 -0.00000 -0.00000 -0.00000 -0.00000 -0.00000
