tests/data/gray99/saval2D/outputs/resuqv5.asc
north:     17.44
south:      0.00
east:      60.51
west:       0.00
rows:   68
cols:  236
[rows 28 to 55 of 68, columns 64 to 127 of 236]
0.81354 0.81876 0.82422 0.82988 0.83568 0.84152 0.84731 0.85292 0.85819 0.86293 0.86696 0.87005 0.87195 0.87242 0.87120 0.86803 0.86266 0.85484 0.84435 0.83101 0.81465 0.79514 0.77242 0.74644 0.71722 0.68481 0.64934 0.61094 0.56979 0.52612 0.48015 0.43215 0.38237 0.33105 0.27845 0.22480 0.17032 0.11525 0.05993 0.00497 -0.04853 -0.09873 -0.14269 -0.17614 -0.19366 -0.18999 -0.16297 -0.11757 -0.06726 -0.02807 -0.00754 -0.00106 -0.00005 -0.00000 0.00000 0.00000 0.00000 0.00000 0.00000 0.00000 0.00000 0.00000 0.00000 0.00000
0.59326 0.59760 0.60228 0.60729 0.61259 0.61812 0.62383 0.62960 0.63533 0.64088 0.64607 0.65073 0.65466 0.65761 0.65936 0.65966 0.65827 0.65493 0.64944 0.64156 0.63115 0.61804 0.60216 0.58344 0.56188 0.53753 0.51048 0.48087 0.44887 0.41469 0.37855 0.34068 0.30134 0.26075 0.21913 0.17670 0.13364 0.09015 0.04647 0.00298 -0.03962 -0.08012 -0.11653 -0.14583 -0.16391 -0.16627 -0.14984 -0.11612 -0.07359 -0.03551 -0.01178 -0.00229 -0.00019 -0.00000 0.00000 0.00000 0.00000 0.00000 0.00000 0.00000 0.00000 0.00000 0.00000 0.00000
0.37943 0.38267 0.38625 0.39017 0.39442 0.39897 0.40378 0.40878 0.41390 0.41904 0.42408 0.42890 0.43332 0.43719 0.44031 0.44247 0.44348 0.44311 0.44117 0.43748 0.43186 0.42420 0.41439 0.40237 0.38814 0.37172 0.35319 0.33265 0.31025 0.28616 0.26058 0.23370 0.20573 0.17684 0.14723 0.11705 0.08645 0.05560 0.02464 -0.00619 -0.03649 -0.06551 -0.09199 -0.11392 -0.12847 -0.13229 -0.12261 -0.09933 -0.06724 -0.03568 -0.01357 -0.00324 -0.00038 -0.00001 -0.00000 0.00000 0.00000 0.00000 0.00000 0.00000 0.00000 0.00000 0.00000 0.00000
0.17341 0.17548 0.17783 0.18046 0.18336 0.18653 0.18992 0.19352 0.19727 0.20113 0.20504 0.20891 0.21265 0.21615 0.21928 0.22190 0.22388 0.22508 0.22535 0.22457 0.22262 0.21941 0.21486 0.20892 0.20156 0.19281 0.18272 0.17136 0.15884 0.14527 0.13079 0.11552 0.09960 0.08316 0.06631 0.04917 0.03184 0.01442 -0.00303 -0.02041 -0.03752 -0.05399 -0.06910 -0.08168 -0.09004 -0.09210 -0.08594 -0.07109 -0.04995 -0.02808 -0.01163 -0.00315 -0.00046 -0.00002 -0.00000 0.00000 0.00000 0.00000 0.00000 0.00000 0.00000 0.00000 0.00000 0.00000
-0.02605 -0.02513 -0.02407 -0.02283 -0.02143 -0.01985 -0.01809 -0.01618 -0.01416 -0.01205 -0.00986 -0.00762 -0.00535 -0.00307 -0.00081 0.00137 0.00340 0.00520 0.00673 0.00793 0.00876 0.00919 0.00921 0.00882 0.00797 0.00665 0.00489 0.00270 0.00014 -0.00274 -0.00587 -0.00917 -0.01259 -0.01610 -0.01968 -0.02329 -0.02690 -0.03049 -0.03407 -0.03764 -0.04116 -0.04451 -0.04747 -0.04960 -0.05025 -0.04859 -0.04384 -0.03576 -0.02524 -0.01453 -0.00631 -0.00184 -0.00030 -0.00002 -0.00000 0.00000 0.00000 0.00000 0.00000 0.00000 0.00000 0.00000 0.00000 0.00000
-0.22209 -0.22227 -0.22239 -0.22248 -0.22252 -0.22255 -0.22256 -0.22250 -0.22236 -0.22211 -0.22174 -0.22123 -0.22055 -0.21969 -0.21863 -0.21731 -0.21567 -0.21366 -0.21123 -0.20836 -0.20502 -0.20120 -0.19689 -0.19210 -0.18678 -0.18093 -0.17454 -0.16762 -0.16020 -0.15231 -0.14399 -0.13528 -0.12623 -0.11683 -0.10710 -0.09710 -0.08689 -0.07653 -0.06614 -0.05583 -0.04573 -0.03594 -0.02659 -0.01789 -0.01020 -0.00394 0.00040 0.00257 0.00276 0.00180 0.00073 0.00016 0.00001 -0.00000 -0.00000 -0.00000 -0.00000 -0.00000 -0.00000 -0.00000 -0.00000 -0.00000 -0.00000 -0.00000
-0.41800 -0.41931 -0.42067 -0.42209 -0.42358 -0.42511 -0.42665 -0.42819 -0.42969 -0.43109 -0.43233 -0.43335 -0.43405 -0.43434 -0.43409 -0.43319 -0.43151 -0.42892 -0.42532 -0.42058 -0.41460 -0.40731 -0.39863 -0.38850 -0.37692 -0.36388 -0.34942 -0.33359 -0.31646 -0.29813 -0.27869 -0.25824 -0.23690 -0.21479 -0.19202 -0.16872 -0.14502 -0.12108 -0.09705 -0.07314 -0.04959 -0.02675 -0.00521 0.01412 0.02987 0.04031 0.04381 0.03968 0.02942 0.01699 0.00707 0.00189 0.00026 0.00001 0.00000 -0.00000 -0.00000 -0.00000 -0.00000 -0.00000 -0.00000 -0.00000 -0.00000 -0.00000
-0.61694 -0.61936 -0.62188 -0.62451 -0.62723 -0.63002 -0.63284 -0.63563 -0.63834 -0.64086 -0.64309 -0.64491 -0.64619 -0.64676 -0.64645 -0.64508 -0.64247 -0.63843 -0.63277 -0.62534 -0.61597 -0.60454 -0.59096 -0.57517 -0.55713 -0.53686 -0.51441 -0.48984 -0.46328 -0.43486 -0.40474 -0.37308 -0.34006 -0.30587 -0.27070 -0.23472 -0.19814 -0.16117 -0.12404 -0.08704 -0.05057 -0.01525 0.01780 0.04683 0.06938 0.08241 0.08326 0.07134 0.05017 0.02732 0.01058 0.00256 0.00031 0.00001 0.00000 -0.00000 -0.00000 -0.00000 -0.00000 -0.00000 -0.00000 -0.00000 -0.00000 -0.00000
-0.82036 -0.82382 -0.82737 -0.83099 -0.83464 -0.83829 -0.84187 -0.84530 -0.84847 -0.85126 -0.85352 -0.85510 -0.85580 -0.85543 -0.85378 -0.85063 -0.84576 -0.83895 -0.82999 -0.81870 -0.80490 -0.78846 -0.76928 -0.74728 -0.72245 -0.69479 -0.66438 -0.63130 -0.59569 -0.55770 -0.51754 -0.47541 -0.43152 -0.38611 -0.33940 -0.29164 -0.24305 -0.19392 -0.14454 -0.09529 -0.04677 -0.00002 0.04318 0.08012 0.10705 0.11973 0.11492 0.09315 0.06114 0.03041 0.01039 0.00209 0.00019 0.00000 -0.00000 -0.00000 -0.00000 -0.00000 -0.00000 -0.00000 -0.00000 -0.00000 -0.00000 -0.00000
-1.02752 -1.03183 -1.03611 -1.04031 -1.04439 -1.04828 -1.05187 -1.05505 -1.05770 -1.05965 -1.06073 -1.06073 -1.05947 -1.05670 -1.05222 -1.04578 -1.03717 -1.02616 -1.01256 -0.99618 -0.97687 -0.95449 -0.92897 -0.90024 -0.86828 -0.83313 -0.79485 -0.75354 -0.70935 -0.66244 -0.61301 -0.56129 -0.50751 -0.45191 -0.39476 -0.33631 -0.27684 -0.21666 -0.15615 -0.09582 -0.03657 0.01997 0.07115 0.11307 0.14066 0.14870 0.13440 0.10108 0.06005 0.02604 0.00733 0.00110 0.00006 0.00000 -0.00000 -0.00000 -0.00000 -0.00000 -0.00000 -0.00000 -0.00000 -0.00000 -0.00000 -0.00000
-1.23496 -1.23974 -1.24425 -1.24843 -1.25221 -1.25548 -1.25813 -1.26000 -1.26094 -1.26077 -1.25930 -1.25632 -1.25163 -1.24499 -1.23620 -1.22504 -1.21130 -1.19480 -1.17536 -1.15284 -1.12709 -1.09804 -1.06561 -1.02976 -0.99051 -0.94788 -0.90195 -0.85281 -0.80062 -0.74551 -0.68770 -0.62739 -0.56480 -0.50020 -0.43383 -0.36597 -0.29692 -0.22703 -0.15678 -0.08690 -0.01879 0.04510 0.10098 0.14354 0.16650 0.16453 0.13713 0.09269 0.04758 0.01682 0.00351 0.00032 0.00001 -0.00000 -0.00000 -0.00000 -0.00000 -0.00000 -0.00000 -0.00000 -0.00000 -0.00000 -0.00000 -0.00000
-1.43662 -1.44129 -1.44535 -1.44872 -1.45130 -1.45296 -1.45356 -1.45295 -1.45095 -1.44739 -1.44206 -1.43477 -1.42533 -1.41353 -1.39919 -1.38214 -1.36220 -1.33922 -1.31309 -1.28368 -1.25093 -1.21476 -1.17515 -1.13209 -1.08558 -1.03569 -0.98248 -0.92605 -0.86653 -0.80406 -0.73881 -0.67098 -0.60078 -0.52843 -0.45418 -0.37831 -0.30114 -0.22309 -0.14478 -0.06737 0.00693 0.07454 0.13025 0.16733 0.17894 0.16158 0.12000 0.06940 0.02868 0.00742 0.00095 0.00004 0.00000 -0.00000 -0.00000 -0.00000 -0.00000 -0.00000 -0.00000 -0.00000 -0.00000 -0.00000 -0.00000 -0.00000
-1.62453 -1.62837 -1.63117 -1.63284 -1.63325 -1.63227 -1.62976 -1.62556 -1.61950 -1.61142 -1.60113 -1.58846 -1.57326 -1.55536 -1.53462 -1.51090 -1.48409 -1.45410 -1.42083 -1.38423 -1.34427 -1.30092 -1.25418 -1.20407 -1.15062 -1.09389 -1.03395 -0.97091 -0.90485 -0.83593 -0.76427 -0.69006 -0.61346 -0.53470 -0.45399 -0.37162 -0.28795 -0.20351 -0.11929 -0.03722 0.03932 0.10527 0.15385 0.17751 0.17087 0.13578 0.08511 0.03895 0.01152 0.00179 0.00010 0.00000 -0.00000 -0.00000 -0.00000 -0.00000 -0.00000 -0.00000 -0.00000 -0.00000 -0.00000 -0.00000 -0.00000 -0.00000
-1.78994 -1.79217 -1.79288 -1.79197 -1.78932 -1.78479 -1.77825 -1.76956 -1.75857 -1.74514 -1.72912 -1.71039 -1.68881 -1.66429 -1.63672 -1.60602 -1.57212 -1.53498 -1.49456 -1.45086 -1.40386 -1.35359 -1.30009 -1.24338 -1.18352 -1.12058 -1.05464 -0.98578 -0.91411 -0.83972 -0.76275 -0.68335 -0.60165 -0.51785 -0.43218 -0.34495 -0.25663 -0.16805 -0.08094 0.00146 0.07423 0.13067 0.16305 0.16520 0.13728 0.09024 0.04367 0.01381 0.00233 0.00014 0.00000 -0.00000 -0.00000 -0.00000 -0.00000 -0.00000 -0.00000 -0.00000 -0.00000 -0.00000 -0.00000 -0.00000 -0.00000 -0.00000
-1.92454 -1.92442 -1.92231 -1.91808 -1.91163 -1.90286 -1.89163 -1.87785 -1.86138 -1.84214 -1.82001 -1.79492 -1.76677 -1.73552 -1.70110 -1.66349 -1.62268 -1.57865 -1.53143 -1.48103 -1.42749 -1.37087 -1.31121 -1.24858 -1.18307 -1.11473 -1.04365 -0.96993 -0.89364 -0.81489 -0.73378 -0.65044 -0.56500 -0.47766 -0.38869 -0.29850 -0.20787 -0.11840 -0.03322 0.04273 0.10287 0.13968 0.14709 0.12501 0.08348 0.04083 0.01293 0.00214 0.00012 0.00000 -0.00000 -0.00000 -0.00000 -0.00000 -0.00000 -0.00000 -0.00000 -0.00000 -0.00000 -0.00000 -0.00000 -0.00000 -0.00000 -0.00000
-2.02141 -2.01835 -2.01282 -2.00474 -1.99402 -1.98057 -1.96431 -1.94514 -1.92301 -1.89784 -1.86958 -1.83819 -1.80363 -1.76589 -1.72496 -1.68087 -1.63362 -1.58327 -1.52985 -1.47343 -1.41408 -1.35187 -1.28689 -1.21923 -1.14896 -1.07619 -1.00100 -0.92348 -0.84371 -0.76179 -0.67782 -0.59193 -0.50427 -0.41510 -0.32484 -0.23424 -0.14493 -0.06005 0.01534 0.07481 0.11140 0.12008 0.10182 0.06669 0.03135 0.00921 0.00132 0.00006 0.00000 -0.00000 -0.00000 -0.00000 -0.00000 -0.00000 -0.00000 -0.00000 -0.00000 -0.00000 -0.00000 -0.00000 -0.00000 -0.00000 -0.00000 -0.00000
-2.07554 -2.06911 -2.05981 -2.04758 -2.03235 -2.01407 -1.99269 -1.96817 -1.94048 -1.90958 -1.87546 -1.83814 -1.79761 -1.75390 -1.70707 -1.65713 -1.60418 -1.54827 -1.48948 -1.42791 -1.36367 -1.29683 -1.22753 -1.15586 -1.08192 -1.00583 -0.92769 -0.84758 -0.76560 -0.68188 -0.59651 -0.50969 -0.42167 -0.33293 -0.24431 -0.15760 -0.07613 -0.00509 0.04935 0.08140 0.08805 0.07230 0.04446 0.01875 0.00459 0.00049 0.00001 -0.00000 -0.00000 -0.00000 -0.00000 -0.00000 0.00000 -0.00000 -0.00000 -0.00000 -0.00000 -0.00000 -0.00000 -0.00000 -0.00000 -0.00000 -0.00000 -0.00000
-2.08389 -2.07388 -2.06066 -2.04420 -2.02448 -2.00146 -1.97516 -1.94555 -1.91263 -1.87644 -1.83699 -1.79432 -1.74848 -1.69953 -1.64756 -1.59264 -1.53486 -1.47434 -1.41118 -1.34550 -1.27742 -1.20707 -1.13458 -1.06009 -0.98372 -0.90559 -0.82582 -0.74453 -0.66186 -0.57795 -0.49303 -0.40744 -0.32178 -0.23713 -0.15558 -0.08075 -0.01789 0.02771 0.05229 0.05560 0.04252 0.02294 0.00780 0.00136 0.00008 0.00000 -0.00000 -0.00000 -0.00000 -0.00000 -0.00000 -0.00000 -0.00000 -0.00000 -0.00000 -0.00000 -0.00000 -0.00000 -0.00000 -0.00000 -0.00000 -0.00000 -0.00000 -0.00000
-2.04525 -2.03160 -2.01451 -1.99397 -1.96998 -1.94255 -1.91170 -1.87747 -1.83989 -1.79901 -1.75491 -1.70766 -1.65733 -1.60403 -1.54786 -1.48893 -1.42738 -1.36332 -1.29691 -1.22829 -1.15761 -1.08501 -1.01066 -0.93472 -0.85733 -0.77865 -0.69886 -0.61811 -0.53666 -0.45480 -0.37305 -0.29223 -0.21379 -0.14025 -0.07538 -0.02389 0.01081 0.02760 0.02832 0.01875 0.00783 0.00179 0.00018 0.00000 -0.00000 -0.00000 -0.00000 -0.00000 -0.00000 -0.00000 -0.00000 -0.00000 -0.00000 -0.00000 -0.00000 -0.00000 -0.00000 -0.00000 -0.00000 -0.00000 -0.00000 -0.00000 -0.00000 -0.00000
-1.95990 -1.94276 -1.92203 -1.89771 -1.86985 -1.83848 -1.80366 -1.76545 -1.72391 -1.67914 -1.63124 -1.58030 -1.52644 -1.46980 -1.41052 -1.34872 -1.28456 -1.21822 -1.14985 -1.07962 -1.00772 -0.93434 -0.85966 -0.78387 -0.70719 -0.62984 -0.55208 -0.47428 -0.39692 -0.32077 -0.24699 -0.17749 -0.11477 -0.06229 -0.02309 0.00149 0.01154 0.01037 0.00499 0.00129 0.00015 0.00001 0.00000 -0.00000 -0.00000 -0.00000 -0.00000 -0.00000 -0.00000 -0.00000 -0.00000 -0.00000 -0.00000 -0.00000 -0.00000 -0.00000 -0.00000 -0.00000 -0.00000 -0.00000 -0.00000 -0.00000 -0.00000 -0.00000
-1.82911 -1.80886 -1.78493 -1.75738 -1.72622 -1.69156 -1.65348 -1.61208 -1.56745 -1.51972 -1.46901 -1.41546 -1.35919 -1.30039 -1.23923 -1.17585 -1.11045 -1.04323 -0.97439 -0.90412 -0.83265 -0.76023 -0.68708 -0.61347 -0.53979 -0.46638 -0.39381 -0.32289 -0.25459 -0.19044 -0.13207 -0.08134 -0.04088 -0.01313 0.00074 0.00365 0.00197 0.00050 0.00006 0.00000 0.00000 -0.00000 -0.00000 -0.00000 -0.00000 -0.00000 -0.00000 -0.00000 -0.00000 -0.00000 -0.00000 -0.00000 -0.00000 -0.00000 -0.00000 -0.00000 -0.00000 -0.00000 -0.00000 -0.00000 -0.00000 -0.00000 -0.00000 -0.00000
-1.65582 -1.63270 -1.60598 -1.57571 -1.54198 -1.50487 -1.46447 -1.42090 -1.37425 -1.32468 -1.27236 -1.21744 -1.16007 -1.10050 -1.03893 -0.97550 -0.91042 -0.84401 -0.77651 -0.70806 -0.63902 -0.56983 -0.50073 -0.43216 -0.36497 -0.29976 -0.23729 -0.17912 -0.12574 -0.07759 -0.03847 -0.01303 -0.00165 0.00078 0.00042 0.00009 0.00001 0.00000 -0.00000 -0.00000 -0.00000 0.00000 -0.00000 -0.00000 -0.00000 -0.00000 -0.00000 -0.00000 -0.00000 -0.00000 -0.00000 -0.00000 -0.00000 -0.00000 -0.00000 -0.00000 -0.00000 -0.00000 -0.00000 -0.00000 -0.00000 -0.00000 -0.00000 -0.00000
-1.44516 -1.41949 -1.39036 -1.35787 -1.32210 -1.28319 -1.24130 -1.19653 -1.14899 -1.09888 -1.04642 -0.99169 -0.93482 -0.87614 -0.81596 -0.75433 -0.69146 -0.62795 -0.56410 -0.49989 -0.43588 -0.37313 -0.31187 -0.25227 -0.19607 -0.14409 -0.09483 -0.05088 -0.01982 -0.00472 -0.00038 0.00010 0.00003 0.00000 0.00000 -0.00000 -0.00000 -0.00000 -0.00000 -0.00000 -0.00000 -0.00000 -0.00000 -0.00000 -0.00000 -0.00000 -0.00000 -0.00000 -0.00000 -0.00000 -0.00000 -0.00000 -0.00000 -0.00000 0.00000 -0.00000 -0.00000 -0.00000 -0.00000 -0.00000 -0.00000 -0.00000 -0.00000 -0.00000
-1.20334 -1.17561 -1.14469 -1.11066 -1.07360 -1.03370 -0.99120 -0.94622 -0.89882 -0.84932 -0.79808 -0.74510 -0.69040 -0.63456 -0.57805 -0.52057 -0.46219 -0.40414 -0.34711 -0.29025 -0.23406 -0.18132 -0.13274 -0.08604 -0.04398 -0.01530 -0.00309 -0.00029 -0.00001 0.00000 -0.00000 -0.00000 -0.00000 -0.00000 -0.00000 -0.00000 -0.00000 -0.00000 -0.00000 -0.00000 -0.00000 -0.00000 -0.00000 -0.00000 -0.00000 -0.00000 -0.00000 -0.00000 -0.00000 -0.00000 -0.00000 -0.00000 -0.00000 -0.00000 -0.00000 -0.00000 -0.00000 -0.00000 -0.00000 -0.00000 -0.00000 -0.00000 -0.00000 -0.00000
-0.93898 -0.90981 -0.87782 -0.84308 -0.80558 -0.76563 -0.72365 -0.67964 -0.63351 -0.58582 -0.53724 -0.48749 -0.43625 -0.38467 -0.33394 -0.28303 -0.23126 -0.18148 -0.13659 -0.09463 -0.05435 -0.02204 -0.00504 -0.00050 -0.00002 -0.00000 -0.00000 -0.00000 -0.00000 -0.00000 -0.00000 -0.00000 -0.00000 -0.00000 -0.00000 -0.00000 -0.00000 -0.00000 -0.00000 -0.00000 -0.00000 -0.00000 -0.00000 -0.00000 -0.00000 -0.00000 -0.00000 -0.00000 -0.00000 -0.00000 -0.00000 -0.00000 -0.00000 -0.00000 -0.00000 -0.00000 -0.00000 -0.00000 -0.00000 -0.00000 -0.00000 -0.00000 -0.00000 -0.00000
-0.66561 -0.63583 -0.60380 -0.56949 -0.53270 -0.49398 -0.45409 -0.41284 -0.36972 -0.32577 -0.28258 -0.23948 -0.19530 -0.15240 -0.11465 -0.08084 -0.04805 -0.01992 -0.00428 -0.00030 -0.00000 -0.00000 -0.00000 -0.00000 -0.00000 -0.00000 -0.00000 -0.00000 -0.00000 -0.00000 0.00000 -0.00000 -0.00000 -0.00000 -0.00000 -0.00000 -0.00000 -0.00000 -0.00000 -0.00000 -0.00000 -0.00000 -0.00000 -0.00000 -0.00000 -0.00000 -0.00000 -0.00000 -0.00000 -0.00000 -0.00000 -0.00000 -0.00000 -0.00000 -0.00000 -0.00000 -0.00000 -0.00000 -0.00000 -0.00000 -0.00000 -0.00000 -0.00000 -0.00000
-0.40643 -0.37782 -0.34798 -0.31669 -0.28344 -0.24921 -0.21570 -0.18250 -0.14831 -0.11495 -0.08619 -0.06138 -0.03725 -0.01559 -0.00319 -0.00019 -0.00000 -0.00000 0.00000 -0.00000 -0.00000 -0.00000 -0.00000 -0.00000 -0.00000 -0.00000 -0.00000 -0.00000 -0.00000 -0.00000 -0.00000 -0.00000 -0.00000 -0.00000 -0.00000 -0.00000 -0.00000 -0.00000 -0.00000 -0.00000 -0.00000 -0.00000 -0.00000 -0.00000 -0.00000 -0.00000 -0.00000 -0.00000 -0.00000 -0.00000 -0.00000 -0.00000 -0.00000 -0.00000 -0.00000 -0.00000 -0.00000 -0.00000 -0.00000 -0.00000 -0.00000 -0.00000 0.00000 -0.00000
-0.19602 -0.17237 -0.14936 -0.12648 -0.10255 -0.07913 -0.05943 -0.04278 -0.02629 -0.01091 -0.00208 -0.00010 -0.00000 -0.00000 -0.00000 -0.00000 -0.00000 -0.00000 -0.00000 -0.00000 -0.00000 -0.00000 -0.00000 -0.00000 -0.00000 -0.00000 -0.00000 -0.00000 -0.00000 -0.00000 -0.00000 -0.00000 -0.00000 -0.00000 -0.00000 -0.00000 -0.00000 -0.00000 -0.00000 -0.00000 -0.00000 -0.00000 0.00000 -0.00000 -0.00000 -0.00000 -0.00000 -0.00000 -0.00000 -0.00000 -0.00000 -0.00000 -0.00000 -0.00000 -0.00000 -0.00000 -0.00000 -0.00000 -0.00000 -0.00000 0.00000 -0.00000 -0.00000 -0.00000
