tests/data/gray99/saval2D/outputs/resuqu2.asc
north:     17.44
south:      0.00
east:      60.51
west:       0.00
rows:   68
cols:  236
[rows 29 to 57 of 68, columns 0 to 65 of 236]
0.00000 0.00000 0.00000 0.00000 0.00163 0.01659 0.02666 0.02741 0.03246 0.04953 0.08037 0.12558 0.18667 0.26654 0.40221 0.60422 0.86451 1.17127 1.51596 1.89343 2.30092 2.73694 3.20046 3.69023 4.20466 4.74183 5.29943 5.87476 6.46480 7.06605 7.67450 8.28592 8.89571 9.49898 10.09062 10.66534 11.21780 11.74263 12.23462 12.68855 13.09927 13.46153 13.76991 14.01882 14.20369 14.32250 14.37597 14.36690 14.29927 14.17741 14.00540 13.78671 13.52399 13.21884 12.87142 12.48013 12.04079 11.54561 10.98195 10.33092 9.56664 8.65749 7.57227 6.29510 4.85198 3.34268
0.00000 0.00000 0.00000 0.00000 0.00389 0.02159 0.02993 0.03035 0.03640 0.05463 0.08657 0.13295 0.19532 0.27664 0.41442 0.61974 0.88445 1.19650 1.54711 1.93093 2.34503 2.78783 3.25822 3.75494 4.27645 4.82085 5.38587 5.96886 6.56677 7.17613 7.79294 8.41291 9.03145 9.64364 10.24434 10.82821 11.38983 11.92379 12.42474 12.88744 13.30666 13.67717 13.99350 14.24981 14.44126 14.56559 14.62348 14.61787 14.55293 14.43314 14.26279 14.04550 13.78406 13.48017 13.13427 12.74497 12.30854 11.81790 11.26138 10.62138 9.87348 8.98712 7.93047 6.68282 5.25831 3.73756
0.00000 0.00000 0.00000 0.00003 0.00692 0.02547 0.03167 0.03170 0.03848 0.05755 0.09027 0.13747 0.20080 0.28331 0.42278 0.63063 0.89861 1.21455 1.56949 1.95797 2.37695 2.82478 3.30028 3.80218 4.32897 4.87877 5.44932 6.03798 6.64174 7.25710 7.88009 8.50642 9.13147 9.75032 10.35778 10.94848 11.51691 12.05761 12.56520 13.03436 13.45984 13.83639 14.15855 14.42030 14.61652 14.74479 14.80582 14.80262 14.73949 14.62113 14.45187 14.23546 13.97475 13.67155 13.32636 12.93805 12.50318 12.01516 11.46309 10.83041 10.09395 9.22422 8.18935 6.96581 5.55988 4.03839
0.00000 0.00000 0.00000 0.00010 0.00960 0.02764 0.03194 0.03157 0.03875 0.05831 0.09149 0.13920 0.20319 0.28654 0.42723 0.63684 0.90703 1.22549 1.58319 1.97464 2.39677 2.84786 3.32671 3.83203 4.36232 4.91567 5.48979 6.08209 6.68962 7.30889 7.93592 8.56643 9.19579 9.81906 10.43099 11.02614 11.59901 12.14411 12.65600 13.12931 13.55880 13.93917 14.26499 14.53011 14.72928 14.85998 14.92287 14.92106 14.85894 14.74125 14.57245 14.35633 14.09581 13.79276 13.44772 13.05961 12.62518 12.13818 11.58823 10.95953 10.22982 9.37056 8.35005 7.14328 5.75183 4.23391
0.00000 0.00000 0.00000 0.00018 0.01106 0.02820 0.03108 0.03013 0.03723 0.05685 0.09016 0.13809 0.20240 0.28620 0.42761 0.63821 0.90954 1.22924 1.58824 1.98106 2.40461 2.85716 3.33751 3.84438 4.37624 4.93122 5.50704 6.10110 6.71044 7.33159 7.96055 8.59304 9.22442 9.84973 10.46374 11.06100 11.63597 12.18314 12.69703 13.17225 13.60350 13.98550 14.31280 14.57923 14.77947 14.91097 14.97440 14.97291 14.91094 14.79329 14.62442 14.40811 14.14731 13.84385 13.49830 13.10962 12.67466 12.18730 11.63746 11.00973 10.28236 9.42733 8.41323 7.21457 5.83104 4.31702
0.00000 0.00000 0.00000 0.00019 0.01093 0.02743 0.02948 0.02774 0.03418 0.05332 0.08631 0.13404 0.19826 0.28203 0.42360 0.63433 0.90570 1.22531 1.58414 1.97669 2.39992 2.85212 3.33210 3.83860 4.37011 4.92479 5.50043 6.09438 6.70360 7.32463 7.95345 8.58574 9.21687 9.84189 10.45561 11.05264 11.62739 12.17431 12.68792 13.16277 13.59356 13.97497 14.30159 14.56727 14.76670 14.89739 14.96004 14.95783 14.89521 14.77693 14.60745 14.39049 14.12893 13.82457 13.47795 13.08805 12.65166 12.16270 11.61104 10.98130 10.25181 9.39465 8.37869 7.17891 5.79567 4.28416
0.00000 0.00000 0.00000 0.00011 0.00922 0.02573 0.02797 0.02541 0.03056 0.04844 0.08031 0.12706 0.19038 0.27326 0.41404 0.62369 0.89353 1.21117 1.56770 1.95776 2.37841 2.82803 3.30546 3.80947 4.33854 4.89080 5.46401 6.05552 6.66231 7.28092 7.90730 8.53716 9.16585 9.78844 10.39972 10.99430 11.56663 12.11114 12.62231 13.09470 13.52297 13.90181 14.22580 14.48890 14.68594 14.81450 14.87534 14.87159 14.80767 14.68824 14.51772 14.29979 14.03725 13.73185 13.38403 12.99263 12.55429 12.06270 11.50743 10.87276 10.13665 9.27099 8.24493 7.03486 5.64447 4.13450
0.00000 0.00000 0.00000 0.00004 0.00648 0.02276 0.02570 0.02210 0.02546 0.04164 0.07212 0.11768 0.17991 0.26168 0.40128 0.60910 0.87635 1.19071 1.54344 1.92941 2.34578 2.79106 3.26415 3.76383 4.28857 4.83648 5.40528 5.99232 6.59457 7.20853 7.83017 8.45520 9.07898 9.69658 10.30281 10.89231 11.45954 11.99895 12.50505 12.97238 13.39562 13.76944 14.08847 14.34683 14.53956 14.66439 14.72209 14.71573 14.64958 14.52825 14.35600 14.13642 13.87222 13.56501 13.21520 12.82139 12.37999 11.88426 11.32320 10.68034 9.93281 9.05193 8.00731 6.77795 5.37397 3.86706
0.00000 0.00000 0.00000 0.00001 0.00365 0.01854 0.02235 0.01767 0.01893 0.03314 0.06199 0.10617 0.16712 0.24753 0.38546 0.59054 0.85397 1.16359 1.51095 1.89116 2.30158 2.74078 3.20781 3.70143 4.22009 4.76184 5.32437 5.90503 6.50075 7.10802 7.72284 8.34088 8.95752 9.56789 10.16680 10.74891 11.30871 11.84072 12.33943 12.79941 13.21536 13.58195 13.89386 14.14544 14.33206 14.45163 14.50494 14.49498 14.42587 14.30200 14.12751 13.90585 13.63961 13.33026 12.97794 12.58104 12.13548 11.63390 11.06439 10.40934 9.64473 8.74117 7.66920 6.41235 4.99109 3.49364
0.00000 0.00000 0.00000 0.00000 0.00167 0.01377 0.01801 0.01218 0.01104 0.02295 0.04988 0.09245 0.15192 0.23081 0.36658 0.56791 0.82613 1.12942 1.46972 1.84247 2.24519 2.67662 3.13586 3.62167 4.13243 4.66617 5.22055 5.79284 6.37996 6.97843 7.58422 8.19302 8.80024 9.40101 9.99020 10.56249 11.11245 11.63462 12.12355 12.57380 12.98014 13.33722 13.63983 13.88262 14.06138 14.17423 14.22199 14.20749 14.13467 14.00770 13.83050 13.60635 13.33762 13.02564 12.67026 12.26947 11.81868 11.30961 10.72917 10.05825 9.27135 8.33842 7.23181 5.94218 4.50531 3.03191
0.00000 0.00000 0.00000 0.00000 0.00067 0.00973 0.01384 0.00653 0.00225 0.01107 0.03559 0.07634 0.13430 0.21169 0.34489 0.54143 0.79295 1.08824 1.41979 1.78338 2.17673 2.59868 3.04843 3.52469 4.02577 4.54965 5.09392 5.65583 6.23230 6.81982 7.41435 8.01163 8.60707 9.19584 9.77287 10.33290 10.87055 11.38043 11.85712 12.29528 12.68964 13.03495 13.32610 13.55818 13.72734 13.83206 13.87319 13.85333 13.77616 13.64560 13.46527 13.23821 12.96659 12.65144 12.29231 11.88669 11.42918 10.91045 10.31597 9.62484 8.80994 7.84098 6.69388 5.37032 3.92753 2.50384
0.00000 0.00000 0.00000 0.00000 0.00017 0.00646 0.01225 0.00462 -0.00342 0.00097 0.02189 0.05998 0.11591 0.19155 0.32144 0.51187 0.75498 1.04047 1.36148 1.71417 2.09643 2.50724 2.94579 3.41076 3.90034 4.41246 4.94466 5.49417 6.05786 6.63224 7.21328 7.79670 8.37798 8.95231 9.51472 10.06000 10.58283 11.07795 11.53999 11.96361 12.34367 12.67496 12.95260 13.17203 13.33001 13.42530 13.45875 13.43280 13.35076 13.21619 13.03241 12.80211 12.52722 12.20837 11.84468 11.43296 10.96693 10.43594 9.82369 9.10741 8.25859 7.24779 6.05740 4.70568 3.27811 1.94270
0.00000 0.00000 0.00000 0.00000 0.00002 0.00325 0.00847 0.00056 -0.01120 -0.01140 0.00597 0.04167 0.09586 0.17004 0.29617 0.47926 0.71226 0.98614 1.29481 1.63489 2.00443 2.40245 2.82815 3.28008 3.75636 4.25482 4.77296 5.30800 5.85678 6.41581 6.98107 7.54828 8.11297 8.67041 9.21567 9.74366 10.24916 10.72701 11.17194 11.57863 11.94207 12.25718 12.51925 12.72431 12.86965 12.95432 12.97918 12.94645 12.85911 12.72027 12.53280 12.29909 12.02058 11.69749 11.32832 10.90909 10.43236 9.88590 9.25152 8.50466 7.61608 6.55944 5.32833 3.96473 2.58820 1.39126
0.00000 0.00000 0.00000 0.00000 0.00000 0.00143 0.00620 -0.00063 -0.01482 -0.01957 -0.00651 0.02571 0.07710 0.14895 0.27000 0.44406 0.66505 0.92543 1.21999 1.54579 1.90101 2.28466 2.69587 3.13305 3.59417 4.07703 4.57910 5.09757 5.62927 6.17071 6.71783 7.26642 7.81204 8.35005 8.87563 9.38377 9.86936 10.32744 10.75277 11.14013 11.48469 11.78150 12.02620 12.21530 12.34664 12.41964 12.43514 12.39514 12.30213 12.15881 11.96763 11.73042 11.44814 11.12042 10.74495 10.31674 9.82692 9.26152 8.60045 7.81764 6.88478 5.78237 4.52184 3.17687 1.90239 0.89825
0.00000 0.00000 0.00000 0.00000 0.00000 0.00033 0.00418 0.00079 -0.01386 -0.02349 -0.01617 0.01111 0.05854 0.12723 0.24211 0.40574 0.61308 0.85828 1.13713 1.44714 1.78658 2.15436 2.54947 2.97012 3.41419 3.87946 4.36340 4.86316 5.37558 5.89709 6.42368 6.95115 7.47514 7.99111 8.49435 8.98003 9.44313 9.87887 10.28215 10.64785 10.97128 11.24784 11.47348 11.64528 11.76157 11.82202 11.82755 11.77979 11.68086 11.53297 11.33800 11.09727 10.81103 10.47819 10.09537 9.65622 9.15017 8.56132 7.86774 7.04301 6.06262 4.91978 3.65255 2.37285 1.26309 0.49903
0.00000 0.00000 0.00000 0.00000 0.00000 0.00002 0.00199 0.00276 -0.00891 -0.02205 -0.02102 0.00013 0.04232 0.10658 0.21361 0.36505 0.55695 0.78526 1.04684 1.33964 1.66190 2.01232 2.38965 2.79190 3.21693 3.66255 4.12621 4.60506 5.09586 5.59504 6.09858 6.60230 7.10195 7.59316 8.07132 8.53178 8.96971 9.38059 9.75936 10.10104 10.40130 10.65582 10.86097 11.01435 11.11476 11.16211 11.15722 11.10142 10.99649 10.84399 10.64530 10.40107 10.11081 9.77230 9.38090 8.92852 8.40253 7.78483 7.05235 6.18038 5.15316 3.98529 2.75132 1.60186 0.72261 0.22132
0.00000 0.00000 0.00000 0.00000 0.00000 0.00000 0.00041 0.00305 -0.00266 -0.01609 -0.02049 -0.00563 0.03079 0.08965 0.18705 0.32422 0.49858 0.70809 0.95077 1.22491 1.52848 1.85981 2.21739 2.59915 3.00295 3.42669 3.86779 4.32336 4.79009 5.26433 5.74203 6.21916 6.69157 7.15505 7.60521 8.03762 8.44760 8.83093 9.18269 9.49813 9.77324 10.00413 10.18767 10.32186 10.40586 10.43972 10.42418 10.36032 10.24935 10.09243 9.89022 9.64262 9.34822 9.00347 8.60205 8.13358 7.58298 6.93009 6.15179 5.22891 4.16261 3.00081 1.86251 0.92301 0.32542 0.06747
0.00000 0.00000 0.00000 0.00000 0.00000 0.00000 0.00001 0.00157 0.00220 -0.00668 -0.01399 -0.00500 0.02553 0.07839 0.16472 0.28577 0.44066 0.62962 0.85184 1.10562 1.38849 1.69841 2.03377 2.39251 2.77262 3.17202 3.58808 4.01778 4.45762 4.90389 5.35261 5.79986 6.24174 6.67423 7.09323 7.49450 7.87357 8.22659 8.54881 8.83574 9.08379 9.28967 9.45070 9.56524 9.63263 9.65303 9.62695 9.55517 9.43852 9.27754 9.07227 8.82173 8.52320 8.17155 7.75817 7.27006 6.68943 5.99476 5.16573 4.19595 3.11593 2.01973 1.06608 0.41229 0.09852 0.01073
0.00000 0.00000 0.00000 0.00000 0.00000 0.00000 0.00000 0.00016 0.00275 0.00118 -0.00556 -0.00245 0.02098 0.06744 0.14450 0.25296 0.39192 0.56194 0.76269 0.99296 1.25083 1.53475 1.84354 2.17533 2.52818 2.89988 3.28754 3.68782 4.09706 4.51145 4.92715 5.34055 5.74797 6.14570 6.52993 6.89667 7.24169 7.56146 7.85144 8.10753 8.32664 8.50612 8.64382 8.73839 8.78930 8.79664 8.76070 8.68197 8.56072 8.39695 8.18985 7.93717 7.63462 7.27479 6.84624 6.33306 5.71531 4.97286 4.09536 3.10221 2.06906 1.13751 0.46632 0.12150 0.01520 0.00054
0.00000 0.00000 0.00000 0.00000 0.00000 0.00000 0.00000 0.00000 0.00075 0.00394 0.00256 0.00245 0.01822 0.05721 0.12545 0.22331 0.34907 0.50228 0.68216 0.88770 1.11770 1.37180 1.64989 1.95054 2.27184 2.61139 2.96587 3.33159 3.70478 4.08179 4.45915 4.83361 5.20188 5.56055 5.90606 6.23464 6.54220 6.82559 7.08053 7.30328 7.49143 7.64300 7.75642 7.83071 7.86552 7.86086 7.81687 7.73368 7.61100 7.44787 7.24210 6.98957 6.68331 6.31276 5.86307 5.31579 4.65178 3.85974 2.95369 1.99779 1.11933 0.47053 0.12679 0.01666 0.00064 0.00000
0.00000 0.00000 0.00000 0.00000 0.00000 0.00000 0.00000 0.00000 0.00001 0.00182 0.00604 0.00813 0.01773 0.04777 0.10615 0.19401 0.30898 0.44936 0.61385 0.80098 1.00844 1.23466 1.47943 1.74243 2.02326 2.32053 2.63121 2.95183 3.27896 3.60948 3.94057 4.26943 4.59302 4.90811 5.21116 5.49845 5.76577 6.01011 6.22749 6.41464 6.56978 6.69187 6.78014 6.83431 6.85442 6.84073 6.79332 6.71178 6.59480 6.43968 6.24157 5.99289 5.68253 5.29566 4.81442 4.22079 3.50468 2.67990 1.80702 1.00529 0.41652 0.10912 0.01357 0.00047 0.00000 0.00000
0.00000 -0.00000 0.00000 0.00000 0.00000 0.00000 0.00000 0.00000 0.00000 0.00006 0.00331 0.01002 0.01862 0.04017 0.08707 0.16368 0.26792 0.39668 0.54790 0.72018 0.91093 1.11762 1.33846 1.57110 1.81351 2.06396 2.32084 2.58329 2.85064 3.12225 3.39700 3.67292 3.94726 4.21652 4.47674 4.72355 4.95197 5.15865 5.33977 5.49240 5.61551 5.70911 5.77380 5.81046 5.81999 5.80294 5.75899 5.68636 5.58137 5.43780 5.24659 4.99534 4.66859 4.24868 3.71897 3.07185 2.32428 1.53851 0.82994 0.32689 0.07867 0.00843 0.00022 0.00000 0.00000 0.00000
0.00000 -0.00000 -0.00000 0.00000 0.00000 0.00000 0.00000 0.00000 0.00000 0.00000 0.00023 0.00532 0.01634 0.03398 0.06966 0.13312 0.22514 0.34195 0.48048 0.63910 0.81511 1.00554 1.20832 1.42123 1.64268 1.87139 2.10610 2.34602 2.59035 2.83823 3.08834 3.33872 3.58680 3.82944 4.06292 4.28310 4.48498 4.66563 4.82174 4.95073 5.05158 5.12429 5.16927 5.18707 5.17813 5.14227 5.07818 4.98277 4.85052 4.67293 4.43824 4.13173 3.73694 3.23940 2.63531 1.94716 1.24210 0.63255 0.22757 0.04727 0.00393 0.00007 0.00000 0.00000 0.00000 0.00000
0.00000 0.00000 -0.00000 0.00000 0.00000 0.00000 0.00000 0.00000 0.00000 0.00000 0.00000 0.00052 0.00778 0.02472 0.05346 0.10372 0.18145 0.28466 0.40985 0.55494 0.71681 0.89191 1.07773 1.27210 1.47367 1.68149 1.89461 2.11243 2.33421 2.55902 2.78545 3.01163 3.23514 3.45298 3.66162 3.85698 4.03400 4.19008 4.32259 4.42919 4.50875 4.56113 4.58652 4.58504 4.55638 4.49918 4.41049 4.28506 4.11483 3.88875 3.59314 3.21344 2.73871 2.17131 1.54246 0.92642 0.43006 0.13392 0.02201 0.00122 0.00001 0.00000 0.00000 0.00000 0.00000 0.00000
0.00000 -0.00000 -0.00000 -0.00000 0.00000 0.00000 0.00000 0.00000 0.00000 0.00000 0.00000 0.00000 0.00082 0.01023 0.03396 0.07444 0.13764 0.22531 0.33547 0.46608 0.61334 0.77295 0.94187 1.11809 1.30052 1.48833 1.68073 1.87728 2.07738 2.28004 2.48388 2.68710 2.88740 3.08192 3.26717 3.43910 3.59249 3.72514 3.83501 3.92001 3.97882 4.01083 4.01569 3.99272 3.94026 3.85522 3.73232 3.56383 3.33943 3.04699 2.67495 2.21797 1.68763 1.12684 0.61617 0.24794 0.06183 0.00707 0.00021 0.00000 0.00000 0.00000 0.00000 0.00000 0.00000 0.00000
0.00000 0.00000 -0.00000 -0.00000 0.00000 0.00000 0.00000 0.00000 0.00000 0.00000 0.00000 0.00000 0.00000 0.00100 0.01185 0.04161 0.09208 0.16391 0.25735 0.37172 0.50276 0.64548 0.79663 0.95463 1.11854 1.28732 1.46000 1.63631 1.81578 1.99742 2.17994 2.36162 2.54023 2.71291 2.87617 3.02590 3.15674 3.26673 3.35438 3.41767 3.45481 3.46440 3.44498 3.39440 3.30918 3.18397 3.01143 2.78238 2.48722 2.11927 1.68187 1.19928 0.72687 0.34385 0.11119 0.01972 0.00128 0.00002 0.00000 0.00000 0.00000 0.00000 0.00000 0.00000 0.00000 0.00000
0.00000 -0.00000 -0.00000 -0.00000 -0.00000 0.00000 0.00000 0.00000 0.00000 0.00000 0.00000 0.00000 0.00000 0.00000 0.00098 0.01173 0.04416 0.09929 0.17511 0.27145 0.38385 0.50709 0.63872 0.77801 0.92370 1.07401 1.22737 1.38406 1.54366 1.70533 1.86787 2.02962 2.18823 2.34072 2.48340 2.61197 2.72086 2.80815 2.87253 2.91186 2.92351 2.90477 2.85252 2.76276 2.63023 2.44840 2.21034 1.91086 1.55131 1.14740 0.73787 0.38417 0.14526 0.03354 0.00350 0.00010 0.00000 0.00000 0.00000 0.00000 0.00000 0.00000 0.00000 0.00000 0.00000 0.00000
0.00000 -0.00000 0.00000 0.00000 -0.00000 0.00000 0.00000 0.00000 0.00000 0.00000 0.00000 0.00000 0.00000 0.00000 0.00000 0.00075 0.00978 0.03860 0.09147 0.16658 0.25735 0.35777 0.46753 0.58711 0.71361 0.84458 0.97747 1.11386 1.25348 1.39571 1.53939 1.68266 1.82284 1.95650 2.07953 2.18723 2.27374 2.33661 2.37420 2.38379 2.36169 2.30373 2.20540 2.06192 1.86876 1.62322 1.32778 0.99557 0.65654 0.35774 0.14665 0.03910 0.00532 0.00025 0.00000 0.00000 0.00000 0.00000 0.00000 0.00000 0.00000 0.00000 0.00000 0.00000 0.00000 0.00000
0.00000 -0.00000 -0.00000 -0.00000 -0.00000 -0.00000 0.00000 0.00000 0.00000 0.00000 0.00000 0.00000 0.00000 0.00000 0.00000 0.00000 0.00039 0.00615 0.02730 0.07056 0.13251 0.20552 0.28989 0.38721 0.49083 0.59889 0.70799 0.82129 0.93913 1.06119 1.18610 1.31140 1.43363 1.54860 1.65147 1.73691 1.79849 1.83268 1.83685 1.80757 1.74066 1.63206 1.47883 1.28060 1.04207 0.77670 0.51016 0.27883 0.11647 0.03268 0.00500 0.00030 0.00001 0.00000 0.00000 0.00000 0.00000 0.00000 0.00000 0.00000 0.00000 0.00000 0.00000 0.00000 0.00000 0.00000
