tests/data/gray99/saval2D/outputs/resuqv10.asc
north:     17.44
south:      0.00
east:      60.51
west:       0.00
rows:   68
cols:  236
[rows 29 to 57 of 68, columns 130 to 194 of 236]
0.06309 0.05942 0.05454 0.04832 0.04063 0.03135 0.02038 0.00762 -0.00699 -0.02349 -0.04189 -0.06217 -0.08429 -0.10818 -0.13371 -0.16074 -0.18911 -0.21860 -0.24900 -0.28004 -0.31147 -0.34301 -0.37438 -0.40531 -0.43550 -0.46472 -0.49261 -0.51885 -0.54328 -0.56581 -0.58639 -0.60500 -0.62164 -0.63632 -0.64907 -0.65994 -0.66898 -0.67625 -0.68182 -0.68577 -0.68817 -0.68909 -0.68859 -0.68674 -0.68357 -0.67914 -0.67347 -0.66658 -0.65849 -0.64919 -0.63868 -0.62696 -0.61400 -0.59980 -0.58431 -0.56749 -0.54924 -0.52942 -0.50781 -0.48401 -0.45741 -0.42704 -0.39153 -0.34905 -0.29784
0.07013 0.06796 0.06488 0.06082 0.05565 0.04930 0.04165 0.03265 0.02223 0.01036 -0.00300 -0.01785 -0.03416 -0.05188 -0.07094 -0.09123 -0.11263 -0.13497 -0.15809 -0.18178 -0.20585 -0.23008 -0.25424 -0.27810 -0.30145 -0.32407 -0.34571 -0.36615 -0.38519 -0.40280 -0.41894 -0.43358 -0.44672 -0.45836 -0.46851 -0.47723 -0.48454 -0.49049 -0.49514 -0.49855 -0.50077 -0.50186 -0.50186 -0.50084 -0.49882 -0.49584 -0.49193 -0.48711 -0.48138 -0.47475 -0.46723 -0.45880 -0.44947 -0.43922 -0.42802 -0.41586 -0.40266 -0.38836 -0.37278 -0.35568 -0.33666 -0.31508 -0.28998 -0.26010 -0.22410
0.07554 0.07466 0.07320 0.07108 0.06824 0.06461 0.06013 0.05475 0.04843 0.04112 0.03279 0.02343 0.01306 0.00168 -0.01065 -0.02387 -0.03790 -0.05263 -0.06795 -0.08374 -0.09984 -0.11612 -0.13243 -0.14859 -0.16446 -0.17987 -0.19469 -0.20873 -0.22189 -0.23414 -0.24543 -0.25575 -0.26509 -0.27343 -0.28080 -0.28721 -0.29268 -0.29726 -0.30096 -0.30383 -0.30590 -0.30721 -0.30780 -0.30770 -0.30693 -0.30551 -0.30348 -0.30083 -0.29759 -0.29375 -0.28932 -0.28430 -0.27869 -0.27248 -0.26567 -0.25824 -0.25016 -0.24139 -0.23184 -0.22137 -0.20976 -0.19664 -0.18145 -0.16344 -0.14177
0.07969 0.08000 0.08004 0.07975 0.07911 0.07808 0.07660 0.07468 0.07229 0.06942 0.06605 0.06218 0.05778 0.05286 0.04740 0.04142 0.03496 0.02811 0.02091 0.01343 0.00572 -0.00216 -0.01016 -0.01819 -0.02614 -0.03390 -0.04143 -0.04870 -0.05561 -0.06216 -0.06830 -0.07402 -0.07932 -0.08417 -0.08858 -0.09256 -0.09610 -0.09922 -0.10193 -0.10425 -0.10618 -0.10774 -0.10894 -0.10980 -0.11034 -0.11055 -0.11045 -0.11006 -0.10936 -0.10838 -0.10711 -0.10556 -0.10373 -0.10163 -0.09925 -0.09660 -0.09368 -0.09047 -0.08695 -0.08308 -0.07877 -0.07391 -0.06830 -0.06167 -0.05369
0.08278 0.08420 0.08565 0.08713 0.08865 0.09021 0.09180 0.09341 0.09501 0.09658 0.09813 0.09963 0.10110 0.10253 0.10392 0.10527 0.10656 0.10774 0.10879 0.10971 0.11049 0.11115 0.11169 0.11210 0.11236 0.11241 0.11230 0.11204 0.11156 0.11091 0.11009 0.10911 0.10799 0.10674 0.10537 0.10391 0.10236 0.10074 0.09905 0.09732 0.09554 0.09374 0.09191 0.09007 0.08822 0.08636 0.08449 0.08261 0.08073 0.07883 0.07691 0.07496 0.07297 0.07094 0.06885 0.06668 0.06443 0.06206 0.05954 0.05683 0.05386 0.05053 0.04670 0.04217 0.03673
0.08571 0.08826 0.09114 0.09440 0.09806 0.10215 0.10670 0.11171 0.11721 0.12319 0.12966 0.13662 0.14404 0.15189 0.16015 0.16876 0.17766 0.18679 0.19606 0.20540 0.21472 0.22394 0.23297 0.24171 0.25008 0.25800 0.26537 0.27208 0.27804 0.28326 0.28775 0.29151 0.29456 0.29692 0.29861 0.29966 0.30011 0.29999 0.29934 0.29819 0.29658 0.29454 0.29209 0.28927 0.28610 0.28259 0.27876 0.27461 0.27014 0.26535 0.26023 0.25477 0.24896 0.24278 0.23621 0.22922 0.22177 0.21380 0.20522 0.19589 0.18560 0.17399 0.16059 0.14473 0.12567
0.08861 0.09235 0.09672 0.10181 0.10767 0.11436 0.12193 0.13043 0.13988 0.15030 0.16170 0.17407 0.18738 0.20157 0.21659 0.23236 0.24876 0.26568 0.28298 0.30052 0.31813 0.33565 0.35292 0.36977 0.38604 0.40159 0.41620 0.42967 0.44189 0.45284 0.46251 0.47090 0.47802 0.48390 0.48858 0.49211 0.49454 0.49591 0.49630 0.49575 0.49432 0.49207 0.48904 0.48529 0.48084 0.47572 0.46996 0.46357 0.45655 0.44890 0.44060 0.43166 0.42204 0.41173 0.40069 0.38888 0.37623 0.36265 0.34797 0.33195 0.31420 0.29411 0.27082 0.24316 0.20987
0.09190 0.09695 0.10294 0.10998 0.11816 0.12756 0.13826 0.15031 0.16377 0.17866 0.19498 0.21271 0.23182 0.25223 0.27384 0.29654 0.32017 0.34456 0.36952 0.39484 0.42030 0.44568 0.47073 0.49523 0.51894 0.54167 0.56312 0.58299 0.60113 0.61749 0.63206 0.64484 0.65584 0.66510 0.67266 0.67858 0.68293 0.68578 0.68720 0.68727 0.68608 0.68368 0.68014 0.67553 0.66988 0.66325 0.65565 0.64711 0.63762 0.62718 0.61579 0.60343 0.59007 0.57568 0.56022 0.54363 0.52580 0.50659 0.48577 0.46296 0.43756 0.40868 0.37500 0.33485 0.28652
0.09581 0.10236 0.11015 0.11932 0.12998 0.14224 0.15619 0.17191 0.18944 0.20883 0.23005 0.25308 0.27785 0.30427 0.33220 0.36148 0.39192 0.42330 0.45538 0.48791 0.52060 0.55318 0.58536 0.61686 0.64738 0.67666 0.70438 0.73015 0.75371 0.77505 0.79414 0.81099 0.82560 0.83801 0.84829 0.85649 0.86270 0.86699 0.86946 0.87020 0.86930 0.86684 0.86290 0.85755 0.85084 0.84282 0.83351 0.82294 0.81111 0.79802 0.78364 0.76797 0.75097 0.73259 0.71279 0.69147 0.66850 0.64367 0.61664 0.58689 0.55359 0.51547 0.47073 0.41715 0.35267
0.10045 0.10871 0.11851 0.13002 0.14336 0.15867 0.17603 0.19553 0.21721 0.24110 0.26717 0.29536 0.32559 0.35771 0.39157 0.42696 0.46366 0.50140 0.53990 0.57888 0.61802 0.65699 0.69548 0.73316 0.76971 0.80483 0.83812 0.86909 0.89751 0.92332 0.94649 0.96702 0.98493 1.00026 1.01306 1.02342 1.03140 1.03711 1.04065 1.04212 1.04160 1.03920 1.03499 1.02905 1.02144 1.01220 1.00136 0.98893 0.97492 0.95933 0.94212 0.92328 0.90276 0.88052 0.85647 0.83050 0.80243 0.77196 0.73864 0.70176 0.66017 0.61218 0.55545 0.48720 0.40522
0.10574 0.11595 0.12801 0.14208 0.15832 0.17686 0.19778 0.22116 0.24703 0.27539 0.30618 0.33932 0.37468 0.41210 0.45137 0.49225 0.53450 0.57782 0.62191 0.66645 0.71110 0.75554 0.79941 0.84237 0.88406 0.92418 0.96229 0.99783 1.03045 1.06016 1.08692 1.11073 1.13159 1.14957 1.16470 1.17708 1.18677 1.19389 1.19853 1.20080 1.20078 1.19857 1.19426 1.18792 1.17959 1.16933 1.15715 1.14307 1.12708 1.10917 1.08931 1.06746 1.04359 1.01761 0.98943 0.95889 0.92574 0.88960 0.84985 0.80552 0.75510 0.69637 0.62638 0.54185 0.44081
0.11139 0.12379 0.13834 0.15521 0.17455 0.19648 0.22108 0.24840 0.27842 0.31112 0.34641 0.38416 0.42420 0.46635 0.51036 0.55599 0.60295 0.65094 0.69965 0.74876 0.79793 0.84682 0.89508 0.94236 0.98831 1.03260 1.07474 1.11410 1.15032 1.18338 1.21325 1.23993 1.26344 1.28381 1.30110 1.31539 1.32675 1.33528 1.34108 1.34424 1.34486 1.34302 1.33879 1.33224 1.32342 1.31236 1.29906 1.28354 1.26578 1.24575 1.22343 1.19877 1.17170 1.14213 1.10993 1.07488 1.03667 0.99476 0.94833 0.89608 0.83603 0.76533 0.68035 0.57754 0.45592
0.11691 0.13169 0.14893 0.16879 0.19139 0.21682 0.24513 0.27632 0.31035 0.34713 0.38653 0.42839 0.47252 0.51868 0.56663 0.61611 0.66683 0.71849 0.77080 0.82343 0.87608 0.92840 0.98007 1.03075 1.08007 1.12773 1.17319 1.21573 1.25496 1.29087 1.32343 1.35263 1.37849 1.40105 1.42036 1.43648 1.44949 1.45947 1.46651 1.47070 1.47211 1.47081 1.46688 1.46035 1.45126 1.43962 1.42544 1.40870 1.38939 1.36747 1.34289 1.31559 1.28549 1.25246 1.21633 1.17682 1.13347 1.08559 1.03207 0.97119 0.90034 0.81593 0.71372 0.59036 0.44713
0.12153 0.13883 0.15889 0.18182 0.20772 0.23663 0.26854 0.30340 0.34111 0.38153 0.42449 0.46979 0.51722 0.56654 0.61749 0.66983 0.72329 0.77758 0.83244 0.88758 0.94270 0.99750 1.05168 1.10490 1.15683 1.20714 1.25531 1.30052 1.34226 1.38061 1.41550 1.44695 1.47496 1.49957 1.52081 1.53874 1.55342 1.56493 1.57332 1.57868 1.58106 1.58051 1.57708 1.57079 1.56166 1.54968 1.53485 1.51713 1.49648 1.47287 1.44622 1.41646 1.38347 1.34710 1.30709 1.26307 1.21442 1.16021 1.09894 1.02830 0.94494 0.84445 0.72221 0.57612 0.41183
0.12428 0.14409 0.16693 0.19288 0.22195 0.25412 0.28930 0.32739 0.36822 0.41161 0.45736 0.50525 0.55506 0.60655 0.65950 0.71368 0.76885 0.82477 0.88121 0.93791 0.99463 1.05109 1.10701 1.16210 1.21601 1.26849 1.31888 1.36630 1.41026 1.45076 1.48777 1.52130 1.55134 1.57793 1.60108 1.62085 1.63728 1.65041 1.66030 1.66700 1.67053 1.67094 1.66822 1.66240 1.65345 1.64135 1.62608 1.60758 1.58580 1.56069 1.53214 1.50007 1.46430 1.42463 1.38071 1.33202 1.27774 1.21657 1.14648 1.06442 0.96612 0.84640 0.70102 0.53103 0.34957
0.12388 0.14598 0.17135 0.19998 0.23181 0.26672 0.30457 0.34517 0.38831 0.43378 0.48136 0.53084 0.58201 0.63465 0.68859 0.74363 0.79958 0.85625 0.91345 0.97097 1.02860 1.08610 1.14323 1.19970 1.25520 1.30946 1.36184 1.41132 1.45728 1.49979 1.53883 1.57438 1.60644 1.63502 1.66015 1.68184 1.70012 1.71503 1.72657 1.73478 1.73966 1.74120 1.73941 1.73424 1.72567 1.71365 1.69813 1.67903 1.65630 1.62983 1.59952 1.56521 1.52671 1.48370 1.43572 1.38204 1.32151 1.25235 1.17179 1.07583 0.95917 0.81636 0.64515 0.45325 0.26521
0.11871 0.14258 0.16987 0.20049 0.23430 0.27109 0.31065 0.35274 0.39712 0.44359 0.49192 0.54193 0.59343 0.64628 0.70032 0.75541 0.81141 0.86818 0.92556 0.98340 1.04152 1.09971 1.15775 1.21539 1.27230 1.32828 1.38257 1.43403 1.48201 1.52657 1.56768 1.60531 1.63946 1.67014 1.69736 1.72110 1.74139 1.75821 1.77157 1.78146 1.78785 1.79071 1.78999 1.78565 1.77762 1.76583 1.75020 1.73064 1.70706 1.67934 1.64732 1.61081 1.56951 1.52300 1.47061 1.41132 1.34352 1.26470 1.17113 1.05762 0.91810 0.74822 0.55155 0.34756 0.17214
0.10679 0.13147 0.15962 0.19108 0.22563 0.26302 0.30299 0.34529 0.38969 0.43599 0.48399 0.53356 0.58454 0.63684 0.69034 0.74495 0.80056 0.85708 0.91439 0.97237 1.03085 1.08966 1.14861 1.20744 1.26585 1.32362 1.37998 1.43364 1.48378 1.53053 1.57385 1.61372 1.65012 1.68305 1.71250 1.73845 1.76088 1.77978 1.79509 1.80679 1.81482 1.81911 1.81959 1.81618 1.80879 1.79732 1.78167 1.76173 1.73736 1.70840 1.67466 1.63584 1.59155 1.54115 1.48372 1.41776 1.34096 1.24982 1.13928 1.00311 0.83593 0.63842 0.42521 0.22921 0.08944
0.08601 0.10997 0.13735 0.16796 0.20157 0.23793 0.27677 0.31788 0.36105 0.40610 0.45288 0.50127 0.55117 0.60249 0.65516 0.70910 0.76425 0.82052 0.87782 0.93605 0.99506 1.05470 1.11477 1.17506 1.23524 1.29513 1.35385 1.40994 1.46253 1.51173 1.55748 1.59979 1.63862 1.67397 1.70581 1.73409 1.75879 1.77986 1.79722 1.81080 1.82053 1.82631 1.82803 1.82559 1.81887 1.80775 1.79210 1.77177 1.74658 1.71633 1.68072 1.63936 1.59165 1.53668 1.47304 1.39853 1.30979 1.20201 1.06916 0.90546 0.70958 0.49220 0.28255 0.12140 0.03340
0.05590 0.07690 0.10122 0.12873 0.15927 0.19266 0.22869 0.26720 0.30799 0.35090 0.39581 0.44260 0.49115 0.54140 0.59326 0.64667 0.70155 0.75783 0.81543 0.87424 0.93414 0.99497 1.05655 1.11866 1.18099 1.24335 1.30482 1.36375 1.41906 1.47095 1.51937 1.56430 1.60572 1.64361 1.67792 1.70861 1.73562 1.75888 1.77829 1.79375 1.80517 1.81240 1.81534 1.81383 1.80775 1.79694 1.78124 1.76044 1.73433 1.70260 1.66483 1.62041 1.56843 1.50751 1.43553 1.34933 1.24441 1.11496 0.95498 0.76195 0.54389 0.32664 0.15055 0.04622 0.00745
0.02312 0.03804 0.05612 0.07748 0.10214 0.13008 0.16121 0.19538 0.23244 0.27222 0.31455 0.35927 0.40625 0.45534 0.50645 0.55948 0.61433 0.67090 0.72911 0.78885 0.84998 0.91236 0.97579 1.04007 1.10489 1.17008 1.23461 1.29659 1.35489 1.40966 1.46089 1.50854 1.55260 1.59306 1.62984 1.66290 1.69216 1.71752 1.73888 1.75612 1.76911 1.77771 1.78177 1.78113 1.77562 1.76503 1.74917 1.72775 1.70044 1.66680 1.62620 1.57773 1.52003 1.45106 1.36778 1.26581 1.13950 0.98294 0.79322 0.57682 0.35704 0.17269 0.05725 0.01047 0.00070
0.00202 0.00822 0.01705 0.02902 0.04452 0.06382 0.08705 0.11423 0.14525 0.17995 0.21811 0.25952 0.30394 0.35117 0.40101 0.45331 0.50790 0.56466 0.62344 0.68412 0.74654 0.81055 0.87595 0.94252 1.00995 1.07809 1.14582 1.21102 1.27231 1.32995 1.38391 1.43417 1.48075 1.52360 1.56269 1.59796 1.62932 1.65666 1.67986 1.69878 1.71328 1.72317 1.72828 1.72842 1.72335 1.71284 1.69658 1.67422 1.64526 1.60906 1.56464 1.51063 1.44494 1.36456 1.26524 1.14157 0.98795 0.80162 0.58860 0.37058 0.18451 0.06421 0.01274 0.00099 0.00002
-0.00175 -0.00146 -0.00019 0.00275 0.00813 0.01671 0.02916 0.04593 0.06731 0.09338 0.12405 0.15914 0.19839 0.24150 0.28820 0.33820 0.39125 0.44713 0.50561 0.56652 0.62963 0.69477 0.76170 0.83019 0.89991 0.97076 1.04147 1.10966 1.17380 1.23415 1.29070 1.34346 1.39244 1.43762 1.47894 1.51633 1.54970 1.57892 1.60386 1.62435 1.64021 1.65125 1.65725 1.65795 1.65306 1.64227 1.62513 1.60113 1.56952 1.52930 1.47899 1.41648 1.33874 1.24162 1.11999 0.96878 0.78590 0.57777 0.36548 0.18404 0.06551 0.01356 0.00114 0.00002 0.00000
-0.00008 -0.00020 -0.00042 -0.00065 -0.00057 0.00046 0.00334 0.00909 0.01865 0.03281 0.05206 0.07665 0.10659 0.14170 0.18171 0.22629 0.27508 0.32775 0.38395 0.44341 0.50583 0.57096 0.63852 0.70825 0.77977 0.85296 0.92646 0.99750 1.06426 1.12711 1.18602 1.24102 1.29212 1.33930 1.38252 1.42171 1.45674 1.48750 1.51382 1.53550 1.55234 1.56409 1.57047 1.57115 1.56576 1.55381 1.53469 1.50761 1.47144 1.42463 1.36497 1.28940 1.19388 1.07366 0.92443 0.74532 0.54396 0.34152 0.17095 0.06072 0.01264 0.00109 0.00002 0.00000 0.00000
-0.00000 -0.00000 -0.00000 -0.00001 -0.00005 -0.00017 -0.00028 0.00000 0.00151 0.00539 0.01282 0.02487 0.04231 0.06559 0.09486 0.13002 0.17082 0.21692 0.26792 0.32343 0.38307 0.44645 0.51321 0.58298 0.65531 0.73005 0.80561 0.87882 0.94759 1.01229 1.07293 1.12954 1.18216 1.23078 1.27536 1.31580 1.35198 1.38375 1.41090 1.43322 1.45041 1.46219 1.46816 1.46790 1.46086 1.44634 1.42345 1.39094 1.34713 1.28973 1.21564 1.12101 1.00163 0.85435 0.68003 0.48814 0.30032 0.14679 0.05074 0.01023 0.00085 0.00002 0.00000 0.00000 0.00000
0.00000 -0.00000 -0.00000 -0.00000 -0.00000 -0.00000 -0.00001 -0.00003 -0.00009 -0.00000 0.00090 0.00374 0.00987 0.02058 0.03690 0.05949 0.08867 0.12444 0.16661 0.21482 0.26865 0.32764 0.39131 0.45917 0.53066 0.60555 0.68204 0.75639 0.82616 0.89179 0.95328 1.01070 1.06411 1.11347 1.15873 1.19977 1.23644 1.26853 1.29580 1.31794 1.33460 1.34536 1.34972 1.34705 1.33656 1.31721 1.28764 1.24605 1.19005 1.11660 1.02220 0.90350 0.75893 0.59166 0.41331 0.24565 0.11500 0.03765 0.00706 0.00053 0.00001 0.00000 0.00000 0.00000 0.00000
-0.00000 -0.00000 -0.00000 -0.00000 -0.00000 -0.00000 -0.00000 -0.00000 -0.00000 -0.00001 -0.00003 0.00004 0.00071 0.00307 0.00858 0.01871 0.03473 0.05750 0.08748 0.12479 0.16925 0.22050 0.27805 0.34135 0.40972 0.48282 0.55856 0.63263 0.70205 0.76740 0.82867 0.88594 0.93923 0.98849 1.03361 1.07441 1.11069 1.14216 1.16849 1.18929 1.20406 1.21223 1.21308 1.20569 1.18893 1.16129 1.12086 1.06528 0.99172 0.89734 0.78007 0.64045 0.48428 0.32510 0.18361 0.08054 0.02421 0.00404 0.00026 0.00000 0.00000 0.00000 0.00000 0.00000 0.00000
-0.00000 -0.00000 -0.00000 -0.00000 -0.00000 -0.00000 -0.00000 -0.00000 -0.00000 -0.00000 -0.00000 -0.00000 -0.00001 0.00007 0.00068 0.00291 0.00832 0.01857 0.03511 0.05901 0.09085 0.13080 0.17869 0.23410 0.29633 0.36502 0.43773 0.50948 0.57686 0.64043 0.70020 0.75615 0.80824 0.85632 0.90021 0.93963 0.97428 1.00376 1.02763 1.04532 1.05618 1.05937 1.05390 1.03848 1.01156 0.97125 0.91533 0.84156 0.74812 0.63476 0.50450 0.36555 0.23223 0.12220 0.04892 0.01302 0.00183 0.00009 0.00000 0.00000 0.00000 0.00000 -0.00000 -0.00000 -0.00000
-0.00000 -0.00000 -0.00000 -0.00000 -0.00000 -0.00000 -0.00000 -0.00000 -0.00000 -0.00000 -0.00000 -0.00000 -0.00000 -0.00000 0.00000 0.00010 0.00074 0.00308 0.00880 0.01977 0.03764 0.06361 0.09839 0.14213 0.19450 0.25523 0.32180 0.38856 0.45164 0.51160 0.56825 0.62142 0.67088 0.71635 0.75750 0.79393 0.82519 0.85075 0.86999 0.88214 0.88630 0.88139 0.86610 0.83893 0.79818 0.74218 0.66958 0.58012 0.47565 0.36148 0.24721 0.14584 0.06979 0.02467 0.00554 0.00062 0.00002 0.00000 0.00000 0.00000 0.00000 0.00000 -0.00000 -0.00000 0.00000
