tests/data/gray99/saval2D/outputs/resuqu8.asc
north:     17.44
south:      0.00
east:      60.51
west:       0.00
rows:   68
cols:  236
[rows 0 to 28 of 68, columns 0 to 64 of 236]
0.00000 0.00000 0.00000 0.00000 0.00000 0.00000 0.00000 0.00000 0.00000 0.00000 0.00000 0.00000 0.00000 0.00000 0.00000 0.00000 0.00000 0.00000 0.00000 0.00000 0.00000 0.00000 0.00000 0.00000 0.00000 0.00000 0.00000 0.00000 0.00000 0.00000 0.00000 0.00000 0.00000 0.00000 0.00000 0.00000 0.00000 0.00000 0.00000 0.00000 0.00000 0.00000 0.00000 0.00000 0.00000 0.00000 0.00000 0.00000 0.00000 0.00000 0.00000 0.00000 0.00000 0.00000 0.00000 0.00000 0.00000 0.00000 0.00000 0.00000 0.00000 0.00000 0.00000 0.00000 0.00000
0.00000 0.00000 -0.00000 0.00000 -0.00000 0.00000 0.00000 -0.00000 -0.00000 0.00000 -0.00000 0.00000 0.00000 0.00000 0.00000 0.00000 0.00000 0.00000 0.00000 0.00000 0.00000 0.00000 0.00000 0.00000 0.00000 0.00000 0.00000 0.00000 0.00000 0.00000 0.00000 0.00000 0.00000 0.00000 0.00000 0.00000 0.00000 0.00000 0.00000 0.00000 0.00000 0.00000 0.00000 0.00000 0.00000 0.00000 0.00000 0.00000 0.00000 0.00000 0.00000 0.00000 0.00000 0.00000 0.00000 0.00000 0.00000 0.00000 0.00000 0.00000 0.00000 0.00000 0.00000 0.00000 0.00000
0.00000 0.00000 -0.00000 -0.00000 -0.00000 0.00000 -0.00000 -0.00000 0.00000 0.00000 0.00000 0.00000 0.00000 0.00000 0.00000 0.00000 0.00000 0.00000 0.00000 0.00000 0.00000 0.00000 0.00000 0.00000 0.00000 0.00000 0.00000 0.00000 0.00000 0.00000 0.00000 0.00000 0.00000 0.00000 0.00000 0.00000 0.00000 0.00000 0.00000 0.00000 0.00000 0.00000 0.00000 0.00000 0.00000 0.00000 0.00000 0.00000 0.00000 0.00000 0.00000 0.00000 0.00000 0.00000 0.00000 0.00000 0.00000 0.00000 0.00000 0.00000 0.00000 0.00000 0.00000 0.00000 0.00000
0.00000 -0.00000 0.00000 -0.00000 -0.00000 -0.00000 0.00000 -0.00000 -0.00000 -0.00000 0.00000 0.00000 0.00000 0.00000 0.00000 0.00000 0.00000 0.00000 0.00000 0.00000 0.00000 0.00000 0.00000 0.00000 0.00000 0.00000 0.00000 0.00000 0.00000 0.00000 0.00000 0.00000 0.00000 0.00000 0.00000 0.00000 0.00000 0.00000 0.00000 0.00000 0.00000 0.00000 0.00000 0.00000 0.00000 0.00000 0.00000 0.00000 0.00000 0.00000 0.00000 0.00000 0.00000 0.00000 0.00000 0.00000 0.00000 0.00000 0.00000 0.00000 0.00000 0.00000 0.00000 0.00000 0.00000
0.00000 -0.00000 -0.00000 -0.00000 -0.00000 -0.00000 -0.00000 -0.00000 0.00000 0.00000 0.00000 0.00000 0.00000 0.00000 0.00000 0.00000 0.00000 0.00000 0.00000 0.00000 0.00000 0.00000 0.00000 0.00000 0.00000 0.00000 0.00000 0.00000 0.00000 0.00000 0.00000 0.00000 0.00001 0.00001 0.00001 0.00001 0.00001 0.00000 0.00000 0.00000 0.00000 0.00000 0.00000 0.00000 0.00000 0.00000 0.00000 0.00000 0.00000 0.00000 0.00000 0.00000 0.00000 0.00000 0.00000 0.00000 0.00000 0.00000 0.00000 0.00000 0.00000 0.00000 0.00000 0.00000 0.00000
0.00000 -0.00000 0.00000 0.00000 -0.00000 -0.00000 -0.00000 -0.00000 0.00000 0.00000 0.00000 0.00000 0.00000 0.00000 0.00000 0.00000 0.00000 0.00000 0.00000 0.00000 0.00000 0.00000 0.00000 0.00000 0.00000 0.00001 0.00002 0.00003 0.00004 0.00005 0.00006 0.00007 0.00008 0.00009 0.00009 0.00010 0.00010 0.00010 0.00010 0.00010 0.00010 0.00010 0.00009 0.00007 0.00005 0.00002 0.00001 0.00000 0.00000 0.00000 0.00000 0.00000 0.00000 0.00000 0.00000 0.00000 0.00000 0.00000 0.00000 0.00000 0.00000 0.00000 0.00000 0.00000 0.00000
0.00000 -0.00000 -0.00000 -0.00000 -0.00000 -0.00000 0.00000 0.00000 0.00000 0.00000 0.00000 0.00000 0.00000 0.00000 0.00000 0.00000 0.00000 0.00000 0.00000 0.00000 0.00000 0.00000 0.00001 0.00002 0.00004 0.00006 0.00009 0.00011 0.00014 0.00017 0.00020 0.00023 0.00025 0.00028 0.00030 0.00032 0.00033 0.00034 0.00035 0.00036 0.00036 0.00035 0.00034 0.00031 0.00028 0.00024 0.00021 0.00019 0.00018 0.00016 0.00014 0.00009 0.00003 0.00000 0.00000 0.00000 0.00000 0.00000 0.00000 0.00000 0.00000 0.00000 0.00000 0.00000 0.00000
0.00000 -0.00000 -0.00000 -0.00000 -0.00000 -0.00000 -0.00000 0.00000 0.00000 0.00000 0.00000 0.00000 0.00000 0.00000 0.00000 0.00000 0.00000 0.00000 0.00000 0.00000 0.00002 0.00003 0.00006 0.00009 0.00013 0.00018 0.00023 0.00029 0.00034 0.00040 0.00046 0.00051 0.00057 0.00062 0.00066 0.00071 0.00074 0.00078 0.00080 0.00082 0.00083 0.00084 0.00083 0.00080 0.00076 0.00072 0.00068 0.00065 0.00062 0.00059 0.00054 0.00046 0.00036 0.00030 0.00027 0.00025 0.00021 0.00015 0.00007 0.00001 0.00000 0.00000 0.00000 0.00000 0.00000
0.00000 0.00000 -0.00000 0.00000 0.00000 -0.00000 0.00000 0.00000 0.00000 0.00000 0.00000 0.00000 0.00000 0.00000 0.00000 0.00000 0.00000 0.00000 0.00001 0.00003 0.00007 0.00011 0.00016 0.00023 0.00030 0.00038 0.00047 0.00057 0.00067 0.00078 0.00088 0.00098 0.00107 0.00116 0.00125 0.00133 0.00141 0.00147 0.00153 0.00158 0.00162 0.00164 0.00165 0.00164 0.00161 0.00156 0.00152 0.00149 0.00145 0.00141 0.00134 0.00123 0.00111 0.00101 0.00094 0.00088 0.00081 0.00069 0.00055 0.00044 0.00037 0.00033 0.00028 0.00019 0.00007
0.00000 -0.00000 -0.00000 -0.00000 -0.00000 -0.00000 0.00000 0.00000 0.00000 0.00000 0.00000 0.00000 0.00000 0.00000 0.00000 0.00000 0.00000 0.00002 0.00005 0.00010 0.00016 0.00024 0.00034 0.00045 0.00057 0.00071 0.00085 0.00101 0.00117 0.00133 0.00150 0.00166 0.00182 0.00197 0.00212 0.00226 0.00239 0.00251 0.00262 0.00272 0.00280 0.00286 0.00291 0.00293 0.00292 0.00290 0.00287 0.00284 0.00281 0.00276 0.00269 0.00257 0.00243 0.00230 0.00218 0.00208 0.00197 0.00182 0.00162 0.00144 0.00131 0.00120 0.00108 0.00090 0.00070
0.00000 -0.00000 -0.00000 -0.00000 -0.00000 0.00000 0.00000 0.00000 0.00000 0.00000 0.00000 0.00000 0.00000 0.00000 0.00000 0.00001 0.00003 0.00007 0.00013 0.00021 0.00032 0.00045 0.00060 0.00077 0.00096 0.00117 0.00139 0.00163 0.00187 0.00212 0.00237 0.00262 0.00287 0.00311 0.00334 0.00356 0.00378 0.00397 0.00416 0.00433 0.00448 0.00461 0.00471 0.00479 0.00484 0.00486 0.00487 0.00486 0.00485 0.00482 0.00476 0.00465 0.00451 0.00436 0.00422 0.00409 0.00394 0.00375 0.00352 0.00328 0.00307 0.00288 0.00269 0.00243 0.00215
0.00000 0.00000 -0.00000 -0.00000 0.00000 0.00000 0.00000 0.00000 0.00000 0.00000 0.00000 0.00000 0.00000 0.00000 0.00001 0.00004 0.00009 0.00016 0.00026 0.00040 0.00056 0.00075 0.00098 0.00123 0.00151 0.00181 0.00213 0.00247 0.00283 0.00319 0.00355 0.00392 0.00429 0.00464 0.00499 0.00533 0.00565 0.00596 0.00625 0.00653 0.00678 0.00700 0.00720 0.00737 0.00750 0.00760 0.00768 0.00773 0.00777 0.00778 0.00776 0.00769 0.00758 0.00744 0.00730 0.00715 0.00699 0.00678 0.00653 0.00625 0.00598 0.00572 0.00545 0.00513 0.00477
0.00000 -0.00000 -0.00000 -0.00000 0.00000 0.00000 0.00000 0.00000 0.00000 0.00000 0.00000 0.00000 0.00000 0.00001 0.00004 0.00010 0.00018 0.00030 0.00046 0.00066 0.00090 0.00118 0.00150 0.00185 0.00224 0.00266 0.00311 0.00358 0.00408 0.00458 0.00510 0.00562 0.00614 0.00665 0.00715 0.00765 0.00812 0.00858 0.00902 0.00944 0.00984 0.01020 0.01054 0.01083 0.01109 0.01131 0.01150 0.01165 0.01178 0.01188 0.01194 0.01195 0.01190 0.01182 0.01171 0.01159 0.01144 0.01124 0.01100 0.01071 0.01041 0.01010 0.00978 0.00941 0.00899
0.00000 0.00000 -0.00000 0.00000 0.00000 0.00000 0.00000 0.00000 0.00000 0.00000 0.00000 0.00000 0.00001 0.00004 0.00010 0.00019 0.00033 0.00051 0.00074 0.00102 0.00135 0.00174 0.00217 0.00266 0.00319 0.00376 0.00437 0.00501 0.00567 0.00636 0.00707 0.00778 0.00850 0.00921 0.00992 0.01062 0.01130 0.01196 0.01260 0.01322 0.01381 0.01437 0.01489 0.01537 0.01581 0.01620 0.01655 0.01687 0.01714 0.01738 0.01757 0.01771 0.01779 0.01782 0.01780 0.01775 0.01767 0.01754 0.01735 0.01710 0.01683 0.01653 0.01620 0.01582 0.01538
0.00000 -0.00000 -0.00000 0.00000 0.00000 0.00000 0.00000 0.00000 0.00000 0.00000 0.00000 0.00001 0.00004 0.00010 0.00020 0.00034 0.00054 0.00080 0.00112 0.00150 0.00195 0.00246 0.00304 0.00368 0.00438 0.00514 0.00594 0.00679 0.00768 0.00860 0.00954 0.01050 0.01146 0.01244 0.01341 0.01436 0.01531 0.01624 0.01714 0.01802 0.01887 0.01969 0.02046 0.02120 0.02189 0.02253 0.02312 0.02366 0.02415 0.02461 0.02501 0.02535 0.02562 0.02583 0.02599 0.02609 0.02615 0.02616 0.02610 0.02597 0.02579 0.02557 0.02531 0.02499 0.02460
0.00000 -0.00000 0.00000 0.00000 0.00000 0.00000 0.00000 0.00000 0.00000 0.00000 0.00000 0.00003 0.00009 0.00019 0.00034 0.00055 0.00083 0.00117 0.00160 0.00211 0.00270 0.00337 0.00413 0.00496 0.00587 0.00685 0.00789 0.00900 0.01015 0.01135 0.01258 0.01385 0.01513 0.01642 0.01772 0.01902 0.02030 0.02157 0.02281 0.02404 0.02523 0.02639 0.02750 0.02858 0.02960 0.03058 0.03149 0.03236 0.03317 0.03393 0.03464 0.03528 0.03584 0.03634 0.03677 0.03714 0.03745 0.03769 0.03787 0.03797 0.03800 0.03797 0.03788 0.03773 0.03750
0.00000 -0.00000 0.00000 0.00000 0.00000 0.00000 0.00000 0.00000 0.00000 0.00000 0.00002 0.00007 0.00017 0.00032 0.00054 0.00083 0.00120 0.00166 0.00222 0.00287 0.00363 0.00450 0.00546 0.00652 0.00768 0.00893 0.01027 0.01168 0.01316 0.01470 0.01630 0.01794 0.01961 0.02130 0.02301 0.02472 0.02643 0.02814 0.02982 0.03148 0.03312 0.03472 0.03629 0.03781 0.03928 0.04070 0.04207 0.04338 0.04463 0.04582 0.04696 0.04802 0.04901 0.04993 0.05078 0.05155 0.05225 0.05288 0.05344 0.05391 0.05431 0.05463 0.05488 0.05506 0.05516
0.00000 0.00000 0.00000 0.00000 0.00000 0.00000 0.00000 0.00000 0.00000 0.00001 0.00006 0.00015 0.00029 0.00051 0.00080 0.00118 0.00167 0.00227 0.00298 0.00381 0.00477 0.00586 0.00708 0.00841 0.00987 0.01145 0.01313 0.01491 0.01679 0.01875 0.02078 0.02288 0.02502 0.02721 0.02943 0.03166 0.03391 0.03616 0.03840 0.04062 0.04283 0.04500 0.04715 0.04925 0.05132 0.05333 0.05529 0.05719 0.05904 0.06083 0.06256 0.06422 0.06582 0.06733 0.06877 0.07014 0.07143 0.07265 0.07379 0.07485 0.07582 0.07672 0.07754 0.07829 0.07895
0.00000 0.00000 0.00000 0.00000 0.00000 0.00000 0.00000 0.00000 0.00001 0.00004 0.00012 0.00025 0.00046 0.00075 0.00114 0.00163 0.00226 0.00301 0.00390 0.00495 0.00614 0.00750 0.00900 0.01067 0.01248 0.01444 0.01654 0.01877 0.02112 0.02359 0.02615 0.02880 0.03153 0.03432 0.03716 0.04004 0.04296 0.04588 0.04882 0.05176 0.05469 0.05760 0.06049 0.06336 0.06619 0.06898 0.07172 0.07442 0.07707 0.07967 0.08221 0.08469 0.08711 0.08946 0.09175 0.09396 0.09611 0.09819 0.10019 0.10212 0.10398 0.10577 0.10748 0.10912 0.11070
0.00000 0.00000 0.00000 0.00000 0.00000 0.00000 0.00000 0.00000 0.00003 0.00009 0.00021 0.00040 0.00068 0.00106 0.00156 0.00219 0.00297 0.00391 0.00501 0.00630 0.00777 0.00943 0.01129 0.01333 0.01557 0.01798 0.02058 0.02334 0.02626 0.02933 0.03253 0.03585 0.03929 0.04282 0.04643 0.05011 0.05385 0.05763 0.06144 0.06528 0.06913 0.07298 0.07683 0.08068 0.08450 0.08831 0.09208 0.09583 0.09955 0.10323 0.10687 0.11047 0.11402 0.11753 0.12099 0.12440 0.12776 0.13107 0.13433 0.13754 0.14070 0.14381 0.14688 0.14990 0.15288
0.00000 0.00000 0.00000 0.00000 0.00000 0.00000 0.00000 0.00001 0.00006 0.00016 0.00033 0.00059 0.00095 0.00144 0.00207 0.00286 0.00382 0.00497 0.00633 0.00789 0.00969 0.01171 0.01396 0.01646 0.01918 0.02214 0.02532 0.02871 0.03231 0.03610 0.04008 0.04422 0.04851 0.05295 0.05751 0.06217 0.06693 0.07178 0.07669 0.08166 0.08667 0.09172 0.09681 0.10191 0.10703 0.11216 0.11730 0.12243 0.12757 0.13270 0.13782 0.14294 0.14805 0.15315 0.15824 0.16332 0.16839 0.17346 0.17852 0.18358 0.18864 0.19371 0.19879 0.20388 0.20900
0.00000 0.00000 0.00000 0.00000 0.00000 0.00000 0.00000 0.00004 0.00011 0.00026 0.00049 0.00083 0.00129 0.00190 0.00268 0.00365 0.00482 0.00622 0.00786 0.00975 0.01192 0.01436 0.01708 0.02010 0.02340 0.02699 0.03086 0.03500 0.03941 0.04408 0.04898 0.05411 0.05945 0.06499 0.07071 0.07660 0.08264 0.08881 0.09510 0.10151 0.10801 0.11460 0.12126 0.12801 0.13481 0.14168 0.14860 0.15558 0.16261 0.16969 0.17683 0.18402 0.19126 0.19856 0.20592 0.21335 0.22084 0.22841 0.23607 0.24381 0.25166 0.25962 0.26770 0.27592 0.28429
0.00000 0.00000 0.00000 0.00000 0.00000 0.00000 0.00002 0.00007 0.00019 0.00039 0.00069 0.00112 0.00170 0.00245 0.00340 0.00458 0.00599 0.00767 0.00964 0.01191 0.01450 0.01742 0.02069 0.02431 0.02829 0.03262 0.03731 0.04235 0.04773 0.05344 0.05947 0.06580 0.07242 0.07933 0.08649 0.09389 0.10153 0.10937 0.11742 0.12566 0.13407 0.14264 0.15137 0.16025 0.16928 0.17845 0.18776 0.19722 0.20681 0.21655 0.22644 0.23649 0.24671 0.25709 0.26767 0.27844 0.28942 0.30063 0.31209 0.32381 0.33583 0.34817 0.36086 0.37394 0.38744
0.00000 0.00000 0.00000 0.00000 0.00000 0.00000 0.00004 0.00012 0.00028 0.00054 0.00093 0.00146 0.00217 0.00309 0.00423 0.00564 0.00733 0.00933 0.01167 0.01437 0.01746 0.02094 0.02484 0.02917 0.03394 0.03915 0.04481 0.05091 0.05746 0.06443 0.07183 0.07964 0.08785 0.09644 0.10541 0.11473 0.12439 0.13439 0.14469 0.15530 0.16621 0.17739 0.18886 0.20060 0.21262 0.22492 0.23749 0.25035 0.26351 0.27697 0.29076 0.30490 0.31940 0.33429 0.34960 0.36536 0.38162 0.39842 0.41581 0.43387 0.45269 0.50633 0.58525 0.68729 0.81082
0.00000 0.00000 0.00000 0.00000 0.00000 0.00001 0.00006 0.00018 0.00039 0.00072 0.00120 0.00185 0.00271 0.00381 0.00517 0.00684 0.00885 0.01122 0.01398 0.01718 0.02083 0.02496 0.02959 0.03475 0.04046 0.04671 0.05353 0.06091 0.06887 0.07739 0.08648 0.09613 0.10633 0.11707 0.12834 0.14013 0.15244 0.16525 0.17855 0.19234 0.20662 0.22138 0.23662 0.25236 0.26859 0.28535 0.30264 0.32050 0.33897 0.35808 0.37790 0.39853 0.42043 0.45540 0.51331 0.59415 0.69714 0.82160 0.96706 1.13325 1.31990 1.49558 1.67327 1.85601 2.04517
0.00000 0.00000 0.00000 0.00000 0.00000 0.00002 0.00010 0.00026 0.00052 0.00093 0.00151 0.00229 0.00331 0.00461 0.00622 0.00818 0.01053 0.01332 0.01657 0.02033 0.02463 0.02951 0.03501 0.04115 0.04795 0.05546 0.06368 0.07263 0.08233 0.09279 0.10401 0.11601 0.12878 0.14234 0.15668 0.17180 0.18773 0.20445 0.22199 0.24035 0.25958 0.27971 0.30080 0.32297 0.34659 0.37330 0.40989 0.46042 0.52605 0.60796 0.70739 0.82551 0.96315 1.11065 1.26230 1.42041 1.58670 1.76205 1.94677 2.14076 2.34371 2.55311 2.76693 2.98522 3.20852
0.00000 0.00000 0.00000 0.00000 0.00000 0.00004 0.00015 0.00034 0.00067 0.00116 0.00184 0.00276 0.00396 0.00548 0.00736 0.00964 0.01239 0.01564 0.01944 0.02384 0.02890 0.03465 0.04116 0.04846 0.05660 0.06562 0.07557 0.08649 0.09841 0.11138 0.12543 0.14060 0.15695 0.17452 0.19341 0.21376 0.23607 0.26155 0.29101 0.32540 0.36589 0.41383 0.47076 0.53835 0.61824 0.71113 0.81313 0.92340 1.04335 1.17384 1.31536 1.46813 1.63211 1.80663 1.98996 2.18186 2.38258 2.59227 2.81086 3.03805 3.27342 3.51559 3.76285 4.01414 4.26902
0.00000 0.00000 0.00000 0.00000 0.00001 0.00007 0.00020 0.00045 0.00085 0.00143 0.00225 0.00333 0.00474 0.00653 0.00875 0.01145 0.01470 0.01856 0.02310 0.02839 0.03449 0.04150 0.04949 0.05855 0.06877 0.08026 0.09315 0.10758 0.12371 0.14177 0.16200 0.18474 0.21038 0.23943 0.27250 0.31030 0.35344 0.40207 0.45698 0.51900 0.58896 0.66762 0.75573 0.85392 0.96275 1.08255 1.21343 1.35522 1.50805 1.67204 1.84721 2.03345 2.23050 2.43769 2.65381 2.87808 3.11012 3.34972 3.59672 3.85085 4.11178 4.37880 4.65082 4.92682 5.20597
0.00000 0.00000 0.00000 0.00000 0.00002 0.00010 0.00028 0.00058 0.00105 0.00174 0.00268 0.00395 0.00558 0.00766 0.01024 0.01339 0.01720 0.02176 0.02715 0.03347 0.04085 0.04939 0.05925 0.07057 0.08353 0.09833 0.11518 0.13437 0.15618 0.18096 0.20911 0.24109 0.27738 0.31858 0.36528 0.41815 0.47787 0.54512 0.62055 0.70482 0.79856 0.90234 1.01665 1.14191 1.27843 1.42637 1.58564 1.75604 1.93741 2.12960 2.33243 2.54567 2.76899 3.00181 3.24330 3.49263 3.74913 4.01236 4.28194 4.55755 4.83883 5.12530 5.41629 5.71101 6.00867
