tests/data/gray99/saval2D/outputs/resuh6.asc
north:     17.44
south:      0.00
east:      60.51
west:       0.00
rows:   68
cols:  236
[rows 29 to 57 of 68, columns 0 to 66 of 236]
0.00001 0.00001 0.00001 0.00001 0.00042 0.00114 0.00219 0.00361 0.00543 0.00768 0.01041 0.01369 0.01758 0.02216 0.02754 0.03387 0.04129 0.05001 0.06022 0.07217 0.08607 0.10212 0.12052 0.14139 0.16479 0.19074 0.21916 0.24991 0.28283 0.31766 0.35416 0.39204 0.43103 0.47084 0.51121 0.55189 0.59264 0.63324 0.67351 0.71326 0.75236 0.79066 0.82808 0.86453 0.89996 0.93431 0.96758 0.99975 1.03084 1.06085 1.08983 1.11778 1.14476 1.17079 1.19591 1.22016 1.24357 1.26617 1.28799 1.30906 1.32940 1.34903 1.36795 1.38619 1.40376 1.42067 1.43692
0.00001 0.00001 0.00001 0.00004 0.00056 0.00137 0.00251 0.00404 0.00597 0.00836 0.01125 0.01471 0.01882 0.02368 0.02941 0.03616 0.04411 0.05348 0.06449 0.07739 0.09240 0.10973 0.12956 0.15200 0.17709 0.20481 0.23507 0.26769 0.30246 0.33914 0.37743 0.41705 0.45770 0.49910 0.54098 0.58307 0.62514 0.66697 0.70838 0.74918 0.78923 0.82840 0.86660 0.90374 0.93977 0.97465 1.00837 1.04094 1.07236 1.10265 1.13186 1.16002 1.18717 1.21335 1.23862 1.26300 1.28655 1.30930 1.33128 1.35252 1.37305 1.39288 1.41204 1.43054 1.44839 1.46560 1.48218
0.00001 0.00001 0.00001 0.00010 0.00069 0.00157 0.00279 0.00440 0.00642 0.00892 0.01193 0.01553 0.01980 0.02486 0.03084 0.03790 0.04625 0.05609 0.06768 0.08126 0.09707 0.11530 0.13613 0.15964 0.18588 0.21479 0.24626 0.28010 0.31610 0.35397 0.39342 0.43416 0.47589 0.51830 0.56112 0.60410 0.64698 0.68956 0.73165 0.77307 0.81367 0.85334 0.89198 0.92951 0.96588 1.00107 1.03506 1.06785 1.09948 1.12996 1.15934 1.18765 1.21494 1.24127 1.26667 1.29121 1.31491 1.33782 1.35998 1.38141 1.40213 1.42218 1.44157 1.46032 1.47844 1.49593 1.51282
0.00001 0.00001 0.00001 0.00017 0.00079 0.00172 0.00300 0.00466 0.00675 0.00930 0.01239 0.01608 0.02046 0.02564 0.03177 0.03901 0.04757 0.05768 0.06958 0.08352 0.09974 0.11843 0.13975 0.16379 0.19058 0.22006 0.25211 0.28654 0.32311 0.36154 0.40154 0.44278 0.48498 0.52782 0.57104 0.61436 0.65756 0.70041 0.74273 0.78433 0.82508 0.86487 0.90360 0.94121 0.97765 1.01291 1.04696 1.07981 1.11149 1.14202 1.17144 1.19981 1.22717 1.25359 1.27909 1.30372 1.32753 1.35055 1.37281 1.39435 1.41520 1.43540 1.45494 1.47386 1.49214 1.50981 1.52686
0.00001 0.00001 0.00001 0.00022 0.00084 0.00180 0.00310 0.00478 0.00690 0.00948 0.01260 0.01633 0.02075 0.02597 0.03214 0.03943 0.04803 0.05818 0.07012 0.08409 0.10032 0.11902 0.14034 0.16437 0.19114 0.22060 0.25261 0.28699 0.32350 0.36186 0.40177 0.44292 0.48500 0.52770 0.57076 0.61390 0.65690 0.69952 0.74159 0.78294 0.82343 0.86296 0.90143 0.93879 0.97501 1.01006 1.04392 1.07661 1.10815 1.13857 1.16791 1.19620 1.22352 1.24989 1.27536 1.29997 1.32377 1.34679 1.36905 1.39060 1.41145 1.43165 1.45120 1.47011 1.48839 1.50606 1.52311
0.00001 0.00001 0.00001 0.00022 0.00084 0.00178 0.00307 0.00475 0.00685 0.00943 0.01254 0.01625 0.02065 0.02583 0.03194 0.03914 0.04762 0.05759 0.06930 0.08296 0.09883 0.11709 0.13791 0.16138 0.18755 0.21635 0.24768 0.28136 0.31716 0.35480 0.39399 0.43442 0.47578 0.51778 0.56013 0.60256 0.64484 0.68677 0.72815 0.76883 0.80868 0.84759 0.88549 0.92231 0.95802 0.99260 1.02605 1.05837 1.08960 1.11974 1.14884 1.17694 1.20407 1.23027 1.25560 1.28007 1.30375 1.32664 1.34880 1.37023 1.39097 1.41104 1.43044 1.44920 1.46732 1.48482 1.50171
0.00001 0.00001 0.00001 0.00017 0.00077 0.00168 0.00293 0.00457 0.00663 0.00916 0.01221 0.01585 0.02015 0.02522 0.03116 0.03814 0.04633 0.05593 0.06716 0.08024 0.09539 0.11281 0.13267 0.15507 0.18006 0.20761 0.23763 0.26996 0.30439 0.34066 0.37849 0.41757 0.45762 0.49833 0.53942 0.58063 0.62173 0.66250 0.70278 0.74240 0.78125 0.81921 0.85623 0.89224 0.92720 0.96111 0.99395 1.02573 1.05648 1.08621 1.11495 1.14272 1.16958 1.19554 1.22064 1.24491 1.26839 1.29111 1.31307 1.33432 1.35486 1.37472 1.39390 1.41242 1.43030 1.44753 1.46413
0.00001 0.00001 0.00001 0.00011 0.00066 0.00151 0.00271 0.00428 0.00626 0.00870 0.01165 0.01515 0.01929 0.02415 0.02983 0.03647 0.04424 0.05329 0.06385 0.07611 0.09028 0.10654 0.12506 0.14596 0.16929 0.19505 0.22317 0.25354 0.28597 0.32022 0.35605 0.39317 0.43130 0.47014 0.50943 0.54890 0.58834 0.62752 0.66629 0.70449 0.74200 0.77872 0.81458 0.84954 0.88355 0.91659 0.94867 0.97978 1.00993 1.03915 1.06745 1.09485 1.12138 1.14706 1.17192 1.19598 1.21927 1.24179 1.26358 1.28464 1.30499 1.32464 1.34360 1.36188 1.37949 1.39643 1.41272
0.00001 0.00001 0.00001 0.00005 0.00054 0.00132 0.00243 0.00391 0.00579 0.00811 0.01090 0.01422 0.01813 0.02270 0.02803 0.03424 0.04145 0.04984 0.05957 0.07084 0.08382 0.09870 0.11561 0.13467 0.15597 0.17951 0.20526 0.23314 0.26299 0.29464 0.32785 0.36240 0.39800 0.43440 0.47133 0.50855 0.54583 0.58299 0.61985 0.65626 0.69212 0.72731 0.76179 0.79547 0.82835 0.86038 0.89157 0.92191 0.95140 0.98005 1.00787 1.03488 1.06109 1.08651 1.11115 1.13504 1.15817 1.18056 1.20223 1.22317 1.24339 1.26290 1.28170 1.29980 1.31721 1.33391 1.34992
0.00001 0.00001 0.00001 0.00002 0.00042 0.00112 0.00214 0.00351 0.00526 0.00742 0.01003 0.01312 0.01675 0.02097 0.02588 0.03156 0.03813 0.04571 0.05446 0.06455 0.07614 0.08940 0.10448 0.12152 0.14059 0.16172 0.18485 0.20986 0.23670 0.26525 0.29533 0.32674 0.35926 0.39266 0.42669 0.46114 0.49579 0.53046 0.56500 0.59926 0.63313 0.66652 0.69935 0.73157 0.76314 0.79402 0.82421 0.85369 0.88246 0.91051 0.93784 0.96445 0.99035 1.01553 1.04000 1.06375 1.08679 1.10911 1.13071 1.15160 1.17177 1.19122 1.20994 1.22794 1.24521 1.26176 1.27758
0.00001 0.00001 0.00001 0.00001 0.00030 0.00092 0.00184 0.00309 0.00470 0.00668 0.00907 0.01189 0.01518 0.01900 0.02339 0.02843 0.03422 0.04088 0.04851 0.05723 0.06718 0.07846 0.09120 0.10551 0.12149 0.13923 0.15885 0.18043 0.20390 0.22918 0.25614 0.28461 0.31438 0.34518 0.37668 0.40848 0.44023 0.47203 0.50385 0.53558 0.56712 0.59839 0.62932 0.65984 0.68990 0.71947 0.74851 0.77702 0.80497 0.83234 0.85912 0.88529 0.91084 0.93576 0.96002 0.98363 1.00657 1.02882 1.05038 1.07123 1.09137 1.11078 1.12946 1.14740 1.16459 1.18103 1.19671
0.00001 0.00001 0.00001 0.00001 0.00018 0.00072 0.00155 0.00268 0.00414 0.00595 0.00813 0.01072 0.01374 0.01723 0.02124 0.02583 0.03108 0.03705 0.04386 0.05157 0.06031 0.07015 0.08117 0.09345 0.10704 0.12198 0.13827 0.15593 0.17492 0.19522 0.21679 0.23957 0.26353 0.28864 0.31493 0.34247 0.37126 0.40086 0.43100 0.46146 0.49204 0.52255 0.55277 0.58246 0.61133 0.63950 0.66723 0.69457 0.72151 0.74802 0.77407 0.79963 0.82468 0.84918 0.87311 0.89643 0.91914 0.94121 0.96261 0.98333 1.00334 1.02264 1.04120 1.05903 1.07610 1.09241 1.10795
0.00001 0.00001 0.00001 0.00001 0.00008 0.00055 0.00127 0.00228 0.00360 0.00524 0.00723 0.00958 0.01234 0.01552 0.01917 0.02332 0.02805 0.03341 0.03947 0.04632 0.05402 0.06265 0.07227 0.08295 0.09471 0.10760 0.12161 0.13674 0.15297 0.17024 0.18851 0.20772 0.22778 0.24864 0.27021 0.29245 0.31529 0.33868 0.36261 0.38704 0.41198 0.43746 0.46352 0.49024 0.51776 0.54580 0.57393 0.60194 0.62968 0.65699 0.68371 0.70967 0.73462 0.75859 0.78191 0.80466 0.82684 0.84843 0.86939 0.88971 0.90936 0.92832 0.94656 0.96409 0.98087 0.99690 1.01217
0.00001 0.00001 0.00001 0.00001 0.00003 0.00039 0.00100 0.00188 0.00304 0.00451 0.00631 0.00844 0.01094 0.01382 0.01713 0.02088 0.02513 0.02993 0.03534 0.04141 0.04820 0.05578 0.06420 0.07351 0.08374 0.09492 0.10706 0.12015 0.13417 0.14908 0.16484 0.18140 0.19869 0.21666 0.23523 0.25435 0.27397 0.29404 0.31451 0.33536 0.35656 0.37808 0.39990 0.42200 0.44436 0.46696 0.48980 0.51286 0.53613 0.55963 0.58338 0.60742 0.63184 0.65649 0.68087 0.70478 0.72805 0.75054 0.77212 0.79261 0.81187 0.83021 0.84781 0.86471 0.88090 0.89638 0.91112
0.00001 0.00001 0.00001 0.00001 0.00001 0.00023 0.00072 0.00147 0.00249 0.00379 0.00539 0.00731 0.00957 0.01217 0.01515 0.01853 0.02235 0.02664 0.03145 0.03683 0.04283 0.04949 0.05686 0.06498 0.07389 0.08360 0.09413 0.10547 0.11761 0.13053 0.14417 0.15852 0.17350 0.18908 0.20519 0.22180 0.23885 0.25631 0.27414 0.29230 0.31077 0.32953 0.34854 0.36778 0.38722 0.40683 0.42658 0.44645 0.46639 0.48637 0.50637 0.52636 0.54630 0.56618 0.58597 0.60568 0.62530 0.64485 0.66437 0.68392 0.70354 0.72282 0.74145 0.75931 0.77626 0.79219 0.80696
0.00001 0.00001 0.00001 0.00001 0.00001 0.00008 0.00047 0.00109 0.00196 0.00310 0.00451 0.00622 0.00824 0.01058 0.01325 0.01629 0.01971 0.02354 0.02782 0.03259 0.03787 0.04372 0.05017 0.05725 0.06499 0.07342 0.08253 0.09234 0.10283 0.11399 0.12578 0.13817 0.15112 0.16459 0.17854 0.19293 0.20773 0.22289 0.23839 0.25420 0.27030 0.28666 0.30325 0.32004 0.33701 0.35413 0.37136 0.38866 0.40600 0.42334 0.44065 0.45790 0.47504 0.49205 0.50889 0.52555 0.54199 0.55820 0.57415 0.58984 0.60526 0.62040 0.63528 0.64990 0.66429 0.67851 0.69261
0.00001 0.00001 0.00001 0.00001 0.00001 0.00001 0.00025 0.00074 0.00146 0.00244 0.00367 0.00518 0.00697 0.00906 0.01145 0.01417 0.01723 0.02064 0.02444 0.02865 0.03331 0.03844 0.04407 0.05023 0.05694 0.06423 0.07209 0.08053 0.08955 0.09913 0.10925 0.11988 0.13099 0.14256 0.15453 0.16690 0.17963 0.19268 0.20604 0.21969 0.23360 0.24774 0.26210 0.27664 0.29134 0.30617 0.32108 0.33606 0.35105 0.36603 0.38095 0.39579 0.41051 0.42508 0.43948 0.45366 0.46762 0.48132 0.49475 0.50788 0.52070 0.53320 0.54536 0.55717 0.56863 0.57973 0.59046
0.00001 0.00001 0.00001 0.00001 0.00001 0.00001 0.00007 0.00043 0.00101 0.00183 0.00289 0.00420 0.00578 0.00763 0.00976 0.01218 0.01490 0.01793 0.02130 0.02502 0.02912 0.03361 0.03851 0.04386 0.04966 0.05593 0.06268 0.06990 0.07760 0.08576 0.09437 0.10340 0.11283 0.12265 0.13282 0.14331 0.15412 0.16522 0.17658 0.18820 0.20005 0.21211 0.22436 0.23678 0.24933 0.26200 0.27473 0.28751 0.30029 0.31305 0.32574 0.33835 0.35083 0.36316 0.37531 0.38725 0.39897 0.41045 0.42166 0.43258 0.44320 0.45351 0.46348 0.47312 0.48240 0.49131 0.49985
0.00001 0.00001 0.00001 0.00001 0.00001 0.00001 0.00001 0.00019 0.00063 0.00129 0.00218 0.00331 0.00468 0.00630 0.00818 0.01032 0.01273 0.01542 0.01840 0.02168 0.02528 0.02920 0.03347 0.03809 0.04308 0.04845 0.05421 0.06035 0.06687 0.07376 0.08100 0.08859 0.09651 0.10473 0.11323 0.12202 0.13105 0.14033 0.14984 0.15956 0.16949 0.17959 0.18986 0.20026 0.21078 0.22139 0.23205 0.24274 0.25341 0.26406 0.27464 0.28512 0.29548 0.30570 0.31573 0.32558 0.33521 0.34461 0.35376 0.36264 0.37124 0.37955 0.38755 0.39523 0.40257 0.40957 0.41622
0.00001 0.00001 0.00001 0.00001 0.00001 0.00001 0.00001 0.00001 0.00031 0.00082 0.00155 0.00249 0.00367 0.00508 0.00672 0.00861 0.01073 0.01311 0.01573 0.01862 0.02176 0.02518 0.02888 0.03287 0.03715 0.04173 0.04661 0.05179 0.05727 0.06303 0.06907 0.07537 0.08192 0.08871 0.09572 0.10295 0.11038 0.11800 0.12581 0.13379 0.14193 0.15021 0.15863 0.16715 0.17576 0.18443 0.19314 0.20185 0.21055 0.21919 0.22777 0.23624 0.24459 0.25280 0.26084 0.26870 0.27635 0.28379 0.29099 0.29795 0.30464 0.31107 0.31720 0.32304 0.32858 0.33379 0.33868
0.00001 0.00001 0.00001 0.00001 0.00001 0.00001 0.00001 0.00001 0.00005 0.00043 0.00100 0.00178 0.00277 0.00397 0.00539 0.00704 0.00890 0.01098 0.01329 0.01581 0.01856 0.02153 0.02473 0.02816 0.03182 0.03571 0.03983 0.04417 0.04873 0.05351 0.05849 0.06366 0.06901 0.07453 0.08022 0.08607 0.09207 0.09821 0.10449 0.11089 0.11742 0.12406 0.13079 0.13759 0.14445 0.15135 0.15825 0.16513 0.17198 0.17877 0.18548 0.19208 0.19856 0.20489 0.21107 0.21706 0.22286 0.22846 0.23384 0.23898 0.24389 0.24853 0.25291 0.25701 0.26083 0.26435 0.26755
0.00001 0.00001 0.00001 0.00001 0.00001 0.00001 0.00001 0.00001 0.00001 0.00013 0.00055 0.00117 0.00198 0.00299 0.00420 0.00561 0.00723 0.00904 0.01105 0.01325 0.01564 0.01822 0.02098 0.02391 0.02703 0.03032 0.03377 0.03739 0.04117 0.04509 0.04916 0.05335 0.05767 0.06210 0.06664 0.07129 0.07604 0.08090 0.08584 0.09088 0.09599 0.10117 0.10641 0.11169 0.11699 0.12229 0.12758 0.13283 0.13802 0.14314 0.14817 0.15309 0.15787 0.16251 0.16699 0.17130 0.17542 0.17934 0.18305 0.18654 0.18980 0.19282 0.19558 0.19807 0.20030 0.20224 0.20388
0.00001 0.00001 0.00001 0.00001 0.00001 0.00001 0.00001 0.00001 0.00001 0.00001 0.00022 0.00067 0.00131 0.00213 0.00315 0.00435 0.00573 0.00729 0.00903 0.01093 0.01300 0.01522 0.01758 0.02009 0.02273 0.02550 0.02838 0.03138 0.03448 0.03768 0.04097 0.04433 0.04777 0.05128 0.05485 0.05849 0.06219 0.06595 0.06977 0.07363 0.07754 0.08149 0.08545 0.08943 0.09339 0.09733 0.10123 0.10507 0.10884 0.11252 0.11610 0.11957 0.12289 0.12606 0.12908 0.13194 0.13461 0.13708 0.13934 0.14140 0.14324 0.14484 0.14619 0.14728 0.14812 0.14868 0.14895
0.00001 0.00001 0.00001 0.00001 0.00001 0.00001 0.00001 0.00001 0.00001 0.00001 0.00001 0.00030 0.00076 0.00141 0.00223 0.00323 0.00440 0.00573 0.00721 0.00884 0.01061 0.01250 0.01452 0.01665 0.01887 0.02119 0.02359 0.02605 0.02858 0.03117 0.03380 0.03647 0.03917 0.04191 0.04469 0.04749 0.05033 0.05319 0.05608 0.05899 0.06191 0.06483 0.06775 0.07066 0.07352 0.07634 0.07910 0.08178 0.08439 0.08690 0.08929 0.09156 0.09369 0.09567 0.09751 0.09918 0.10067 0.10196 0.10306 0.10397 0.10466 0.10512 0.10534 0.10533 0.10508 0.10456 0.10375
0.00001 0.00001 0.00001 0.00001 0.00001 0.00001 0.00001 0.00001 0.00001 0.00001 0.00001 0.00002 0.00034 0.00082 0.00146 0.00227 0.00323 0.00434 0.00559 0.00697 0.00847 0.01007 0.01177 0.01356 0.01542 0.01734 0.01932 0.02133 0.02338 0.02544 0.02753 0.02962 0.03173 0.03385 0.03597 0.03811 0.04025 0.04239 0.04454 0.04669 0.04883 0.05095 0.05304 0.05510 0.05710 0.05903 0.06089 0.06267 0.06437 0.06596 0.06744 0.06879 0.06999 0.07106 0.07199 0.07277 0.07336 0.07377 0.07400 0.07406 0.07392 0.07355 0.07296 0.07218 0.07119 0.06996 0.06844
0.00001 0.00001 0.00001 0.00001 0.00001 0.00001 0.00001 0.00001 0.00001 0.00001 0.00001 0.00001 0.00003 0.00037 0.00084 0.00147 0.00224 0.00314 0.00417 0.00531 0.00656 0.00790 0.00932 0.01081 0.01234 0.01392 0.01553 0.01715 0.01878 0.02042 0.02205 0.02368 0.02530 0.02692 0.02853 0.03013 0.03173 0.03332 0.03490 0.03646 0.03799 0.03950 0.04096 0.04237 0.04371 0.04497 0.04615 0.04725 0.04827 0.04919 0.04999 0.05065 0.05118 0.05159 0.05188 0.05202 0.05197 0.05176 0.05140 0.05091 0.05023 0.04933 0.04824 0.04702 0.04566 0.04405 0.04218
0.00001 0.00001 0.00001 0.00001 0.00001 0.00001 0.00001 0.00001 0.00001 0.00001 0.00001 0.00001 0.00001 0.00004 0.00037 0.00083 0.00141 0.00212 0.00295 0.00387 0.00489 0.00599 0.00715 0.00837 0.00962 0.01089 0.01218 0.01346 0.01475 0.01602 0.01728 0.01853 0.01976 0.02098 0.02219 0.02339 0.02457 0.02574 0.02688 0.02799 0.02908 0.03012 0.03111 0.03203 0.03288 0.03364 0.03432 0.03493 0.03547 0.03590 0.03621 0.03638 0.03644 0.03640 0.03627 0.03599 0.03552 0.03491 0.03420 0.03341 0.03244 0.03124 0.02991 0.02854 0.02710 0.02541 0.02345
0.00001 0.00001 0.00001 0.00001 0.00001 0.00001 0.00001 0.00001 0.00001 0.00001 0.00001 0.00001 0.00001 0.00001 0.00003 0.00035 0.00076 0.00129 0.00192 0.00265 0.00346 0.00434 0.00527 0.00623 0.00723 0.00823 0.00924 0.01024 0.01122 0.01219 0.01315 0.01409 0.01502 0.01593 0.01683 0.01771 0.01858 0.01942 0.02024 0.02102 0.02176 0.02246 0.02310 0.02367 0.02415 0.02454 0.02486 0.02512 0.02532 0.02543 0.02540 0.02522 0.02495 0.02464 0.02426 0.02373 0.02300 0.02215 0.02129 0.02040 0.01934 0.01802 0.01662 0.01534 0.01408 0.01253 0.01064
0.00001 0.00001 0.00001 0.00001 0.00001 0.00001 0.00001 0.00001 0.00001 0.00001 0.00001 0.00001 0.00001 0.00001 0.00001 0.00002 0.00029 0.00064 0.00110 0.00164 0.00226 0.00294 0.00366 0.00440 0.00516 0.00593 0.00669 0.00745 0.00819 0.00891 0.00962 0.01032 0.01100 0.01167 0.01234 0.01298 0.01361 0.01421 0.01477 0.01530 0.01579 0.01624 0.01662 0.01692 0.01712 0.01724 0.01730 0.01732 0.01731 0.01719 0.01692 0.01650 0.01604 0.01558 0.01510 0.01445 0.01357 0.01261 0.01176 0.01096 0.00997 0.00864 0.00729 0.00630 0.00545 0.00429 0.00251
