tests/data/gray99/saval2D/outputs/resuqu6.asc
north:     17.44
south:      0.00
east:      60.51
west:       0.00
rows:   68
cols:  236
[rows 29 to 57 of 68, columns 65 to 129 of 236]
12.79886 13.05433 13.30475 13.54993 13.78974 14.02398 14.25246 14.47503 14.69152 14.90171 15.10543 15.30248 15.49265 15.67572 15.85149 16.01969 16.18013 16.33255 16.47666 16.61219 16.73886 16.85633 16.96429 17.06238 17.15028 17.22760 17.29400 17.34907 17.39242 17.42368 17.44242 17.44827 17.44083 17.41973 17.38460 17.33511 17.27088 17.19161 17.09697 16.98665 16.86034 16.71772 16.55848 16.38226 16.18863 15.97711 15.74708 15.49774 15.22749 14.93421 14.61505 14.26617 13.88234 13.45627 12.97779 12.43408 11.81490 11.09801 10.25651 9.26257 8.09321 6.74269 5.24262 3.68616 2.23767
13.43310 13.69571 13.95343 14.20608 14.45350 14.69551 14.93194 15.16258 15.38723 15.60568 15.81770 16.02304 16.22145 16.41266 16.59639 16.77237 16.94027 17.09977 17.25054 17.39220 17.52439 17.64671 17.75877 17.86019 17.95056 18.02947 18.09653 18.15132 18.19346 18.22253 18.23818 18.24004 18.22776 18.20103 18.15956 18.10303 18.03119 17.94378 17.84055 17.72128 17.58573 17.43368 17.26488 17.07903 16.87579 16.65472 16.41526 16.15667 15.87762 15.57619 15.24976 14.89478 14.50632 14.07755 13.59891 13.05841 12.44607 11.74220 10.92151 9.95633 8.82107 7.50206 6.01457 4.42649 2.87658
13.88205 14.15003 14.41322 14.67145 14.92454 15.17231 15.41456 15.65110 15.88170 16.10611 16.32408 16.53532 16.73952 16.93639 17.12559 17.30679 17.47964 17.64375 17.79872 17.94415 18.07957 18.20458 18.31872 18.42158 18.51272 18.59173 18.65820 18.71170 18.75185 18.77827 18.79060 18.78851 18.77172 18.73995 18.69296 18.63050 18.55236 18.45833 18.34824 18.22190 18.07915 17.91982 17.74371 17.55059 17.34015 17.11200 16.86559 16.60023 16.31477 16.00742 15.67573 15.31635 14.92457 14.49382 14.01492 13.47615 12.86770 12.17179 11.36432 10.41801 9.30633 8.01159 6.54010 4.94434 3.34434
14.10586 14.37657 14.64251 14.90353 15.15948 15.41024 15.65556 15.89519 16.12887 16.35631 16.57726 16.79142 16.99847 17.19817 17.39018 17.57409 17.74948 17.91590 18.07293 18.22011 18.35701 18.48318 18.59828 18.70182 18.79331 18.87229 18.93830 18.99094 19.02982 19.05458 19.06495 19.06068 19.04145 19.00696 18.95697 18.89124 18.80960 18.71188 18.59795 18.46776 18.32118 18.15803 17.97809 17.78113 17.56686 17.33491 17.08477 16.81579 16.52701 16.21682 15.88279 15.52162 15.12870 14.69759 14.21929 13.68211 13.07633 12.38539 11.58572 10.65033 9.55234 8.27241 6.81272 5.21831 3.59916
14.04013 14.31058 14.57630 14.83714 15.09294 15.34354 15.58873 15.82826 16.06189 16.28934 16.51035 16.72464 16.93190 17.13185 17.32415 17.50842 17.68424 17.85120 18.00886 18.15679 18.29454 18.42166 18.53774 18.64232 18.73492 18.81508 18.88235 18.93632 18.97658 19.00276 19.01457 19.01170 18.99385 18.96075 18.91215 18.84782 18.76758 18.67128 18.55876 18.42994 18.28469 18.12286 17.94425 17.74865 17.53576 17.30522 17.05655 16.78907 16.50180 16.19315 15.86082 15.50152 15.11064 14.68174 14.20583 13.67108 13.06773 12.37935 11.58252 10.65030 9.55584 8.27967 6.82365 5.23217 3.61426
13.71855 13.98566 14.24804 14.50553 14.75793 15.00509 15.24679 15.48286 15.71307 15.93720 16.15500 16.36619 16.57051 16.76764 16.95728 17.13912 17.31281 17.47800 17.63428 17.78126 17.91849 18.04553 18.16195 18.26729 18.36113 18.44303 18.51254 18.56924 18.61271 18.64253 18.65833 18.65975 18.64649 18.61825 18.57479 18.51584 18.44120 18.35066 18.24403 18.12115 17.98184 17.82597 17.65335 17.46376 17.25693 17.03249 16.78989 16.52843 16.24700 15.94397 15.61697 15.26266 14.87634 14.45144 13.97877 13.44641 12.84431 12.15531 11.35558 10.41803 9.31609 8.03172 6.57013 4.98184 3.38422
13.18764 13.44881 13.70516 13.95654 14.20276 14.44366 14.67906 14.90876 15.13259 15.35034 15.56181 15.76677 15.96500 16.15625 16.34029 16.51685 16.68564 16.84637 16.99872 17.14232 17.27682 17.40184 17.51698 17.62182 17.71595 17.79894 17.87035 17.92975 17.97670 18.01077 18.03155 18.03863 18.03167 18.01030 17.97420 17.92306 17.85661 17.77458 17.67674 17.56285 17.43272 17.28614 17.12286 16.94264 16.74515 16.52997 16.29664 16.04436 15.77194 15.47760 15.15879 14.81197 14.43227 14.01283 13.54412 13.01395 12.41190 11.71925 10.91123 9.96037 8.84100 7.53852 6.06614 4.48814 2.93900
12.48872 12.74219 12.99072 13.23412 13.47223 13.70484 13.93181 14.15296 14.36813 14.57713 14.77982 14.97602 15.16556 15.34826 15.52394 15.69241 15.85345 16.00688 16.15243 16.28985 16.41888 16.53919 16.65046 16.75235 16.84450 16.92651 16.99798 17.05850 17.10761 17.14492 17.16995 17.18229 17.18149 17.16716 17.13890 17.09633 17.03909 16.96685 16.87929 16.77611 16.65702 16.52172 16.36993 16.20131 16.01548 15.81200 15.59035 15.34967 15.08860 14.80512 14.49647 14.15884 13.78703 13.37375 12.90890 12.37962 11.77498 11.07393 10.25032 9.27653 8.12913 6.80059 5.31889 3.77163 2.31783
11.66398 11.90872 12.14835 12.38267 12.61150 12.83464 13.05192 13.26318 13.46825 13.66702 13.85932 14.04503 14.22404 14.39621 14.56141 14.71953 14.87045 15.01403 15.15012 15.27858 15.39920 15.51179 15.61612 15.71193 15.79895 15.87685 15.94532 16.00398 16.05246 16.09032 16.11715 16.13249 16.13588 16.12689 16.10505 16.06992 16.02109 15.95812 15.88060 15.78814 15.68036 15.55687 15.41728 15.26119 15.08813 14.89756 14.68885 14.46116 14.21280 13.94143 13.64395 13.31620 12.95253 12.54500 12.08258 11.55110 10.93882 10.22198 9.37284 8.36457 7.17911 5.82252 4.34786 2.87678 1.59355
10.74816 10.98341 11.21343 11.43798 11.65683 11.86983 12.07674 12.27739 12.47166 12.65941 12.84049 13.01483 13.18232 13.34285 13.49636 13.64277 13.78201 13.91401 14.03874 14.15606 14.26594 14.36824 14.46284 14.54960 14.62833 14.69881 14.76083 14.81412 14.85834 14.89317 14.91825 14.93313 14.93740 14.93059 14.91224 14.88187 14.83899 14.78311 14.71377 14.63047 14.53272 14.42006 14.29197 14.14795 13.98744 13.80979 13.61425 13.39977 13.16428 12.90503 12.61850 12.30006 11.94341 11.53962 11.07631 10.53707 9.90871 9.16498 8.27719 7.22219 5.99384 4.62319 3.20236 1.89303 0.88466
9.76662 9.99144 10.21096 10.42492 10.63311 10.83529 11.03127 11.22087 11.40390 11.58022 11.74974 11.91234 12.06793 12.21643 12.35779 12.49198 12.61893 12.73860 12.85101 12.95613 13.05393 13.14439 13.22747 13.30309 13.37120 13.43169 13.48441 13.52922 13.56592 13.59426 13.61396 13.62471 13.62611 13.61779 13.59926 13.57010 13.52978 13.47782 13.41366 13.33678 13.24662 13.14260 13.02412 12.89055 12.74122 12.57537 12.39210 12.18992 11.96620 11.71774 11.44053 11.12928 10.77671 10.37246 9.90209 9.34605 8.68863 7.90262 6.96133 5.85235 4.59443 3.26078 1.99341 0.97598 0.34187
8.73931 8.95214 9.15975 9.36187 9.55823 9.74861 9.93279 10.11058 10.28179 10.44626 10.60384 10.75443 10.89795 11.03433 11.16347 11.28538 11.39999 11.50731 11.60729 11.69998 11.78538 11.86350 11.93437 11.99800 12.05436 12.10346 12.14524 12.17963 12.20657 12.22592 12.23750 12.24111 12.23650 12.22333 12.20125 12.16982 12.12859 12.07710 12.01480 11.94114 11.85551 11.75728 11.64579 11.52029 11.37998 11.22396 11.05112 10.85914 10.64475 10.40423 10.13298 9.82479 9.47086 9.05868 8.57085 7.98420 7.27982 6.43403 5.43062 4.28315 3.05596 1.87881 0.92460 0.32507 0.06788
7.68689 7.88547 8.07906 8.26738 8.45016 8.62716 8.79814 8.96289 9.12121 9.27291 9.41787 9.55593 9.68698 9.81094 9.92776 10.03736 10.13970 10.23478 10.32258 10.40308 10.47631 10.54231 10.60109 10.65271 10.69722 10.73462 10.76497 10.78826 10.80449 10.81360 10.81559 10.81030 10.79762 10.77733 10.74916 10.71282 10.66790 10.61396 10.55053 10.47709 10.39302 10.29768 10.19035 10.07021 9.93637 9.78772 9.62263 9.43741 9.22825 8.99100 8.72015 8.40795 8.04335 7.61076 7.08927 6.45312 5.68313 4.77018 3.72790 2.62023 1.57210 0.74386 0.24631 0.04693 0.00357
6.63458 6.81604 6.99294 7.16497 7.33184 7.49331 7.64912 7.79906 7.94291 8.08048 8.21158 8.33610 8.45388 8.56481 8.66879 8.76576 8.85567 8.93848 9.01417 9.08269 9.14409 9.19832 9.24544 9.28550 9.31851 9.34457 9.36373 9.37605 9.38156 9.38031 9.37230 9.35751 9.33591 9.30740 9.27180 9.22892 9.17848 9.12012 9.05342 8.97788 8.89295 8.79800 8.69228 8.57491 8.44485 8.30067 8.13932 7.95549 7.74543 7.50418 7.22471 6.89684 6.50633 6.03432 5.45815 4.75587 3.92140 2.98297 2.01176 1.13287 0.48840 0.14155 0.02207 0.00123 0.00001
5.60153 5.76920 5.92898 6.08270 6.23129 6.37491 6.51337 6.64647 6.77398 6.89568 7.01140 7.12098 7.22427 7.32115 7.41150 7.49518 7.57217 7.64235 7.70572 7.76221 7.81181 7.85451 7.89031 7.91922 7.94124 7.95648 7.96497 7.96680 7.96204 7.95079 7.93308 7.90898 7.87847 7.84156 7.79815 7.74814 7.69133 7.62746 7.55619 7.47709 7.38964 7.29319 7.18697 7.07002 6.94094 6.79717 6.63232 6.44185 6.22147 5.96474 5.66208 5.30030 4.86268 4.33084 3.69039 2.94219 2.12159 1.31897 0.66100 0.24288 0.05629 0.00632 0.00022 0.00000 0.00000
4.55930 4.70623 4.85384 4.99932 5.14070 5.27675 5.40648 5.52885 5.64262 5.74820 5.84741 5.94077 6.02835 6.11008 6.18580 6.25540 6.31877 6.37584 6.42649 6.47070 6.50840 6.53955 6.56414 6.58213 6.59354 6.59841 6.59676 6.58865 6.57420 6.55350 6.52663 6.49370 6.45473 6.40976 6.35879 6.30172 6.23842 6.16872 6.09232 6.00884 5.91776 5.81841 5.70986 5.59065 5.45806 5.30526 5.12549 4.91594 4.67085 4.38134 4.03563 3.62060 3.12518 2.54655 1.90147 1.24513 0.67495 0.28182 0.08137 0.01354 0.00095 0.00002 0.00000 0.00000 0.00000
3.68449 3.79456 3.90299 4.00975 4.11482 4.21829 4.32032 4.42120 4.52136 4.61963 4.71338 4.80124 4.88223 4.95544 5.01992 5.07609 5.12570 5.16931 5.20702 5.23876 5.26449 5.28412 5.29761 5.30489 5.30595 5.30080 5.28949 5.27202 5.24845 5.21890 5.18353 5.14239 5.09555 5.04311 4.98507 4.92139 4.85190 4.77646 4.69478 4.60641 4.51069 4.40663 4.29253 4.16480 4.01500 3.83561 3.62602 3.38168 3.09542 2.75953 2.36785 1.91951 1.42894 0.94072 0.52330 0.23246 0.07570 0.01576 0.00167 0.00007 0.00000 0.00000 0.00000 0.00000 0.00000
2.93412 3.01822 3.10034 3.18034 3.25807 3.33338 3.40617 3.47637 3.54395 3.60890 3.67126 3.73116 3.78879 3.84441 3.89832 3.94948 3.99544 4.03496 4.06711 4.09108 4.10670 4.11564 4.11858 4.11565 4.10688 4.09231 4.07193 4.04571 4.01367 3.97602 3.93291 3.88436 3.83037 3.77112 3.70670 3.63692 3.56151 3.48029 3.39281 3.29816 3.19489 3.08037 2.94927 2.79038 2.60067 2.38345 2.13746 1.85985 1.54839 1.20760 0.85859 0.54016 0.29160 0.12995 0.04476 0.01065 0.00144 0.00009 0.00000 0.00000 0.00000 0.00000 0.00000 0.00000 0.00000
2.27820 2.34058 2.40100 2.45929 2.51531 2.56891 2.61995 2.66830 2.71386 2.75653 2.79623 2.83293 2.86661 2.89726 2.92492 2.94964 2.97160 2.99091 3.00771 3.02213 3.03379 3.04043 3.04056 3.03324 3.01795 2.99571 2.96758 2.93368 2.89413 2.84932 2.79952 2.74451 2.68409 2.61859 2.54826 2.47244 2.39021 2.30117 2.20428 2.09676 1.97389 1.82601 1.64952 1.45480 1.24645 1.02409 0.79193 0.56449 0.36397 0.20922 0.10573 0.04547 0.01564 0.00388 0.00059 0.00005 0.00000 0.00000 0.00000 0.00000 0.00000 0.00000 0.00000 0.00000 0.00000
1.70931 1.75291 1.79465 1.83436 1.87191 1.90717 1.94001 1.97030 1.99796 2.02287 2.04492 2.06405 2.08024 2.09340 2.10348 2.11049 2.11450 2.11554 2.11355 2.10856 2.10080 2.09040 2.07720 2.06092 2.04163 2.01820 1.98878 1.95202 1.90760 1.85721 1.80208 1.74144 1.67440 1.60165 1.52410 1.43978 1.34539 1.24018 1.12256 0.98556 0.83162 0.67323 0.51903 0.37484 0.25032 0.15375 0.08706 0.04540 0.02128 0.00856 0.00276 0.00065 0.00010 0.00001 0.00000 0.00000 0.00000 0.00000 0.00000 0.00000 0.00000 0.00000 0.00000 0.00000 0.00000
1.22722 1.25477 1.28053 1.30440 1.32627 1.34599 1.36345 1.37857 1.39126 1.40140 1.40889 1.41370 1.41581 1.41513 1.41152 1.40502 1.39576 1.38370 1.36859 1.35045 1.32968 1.30644 1.28022 1.25056 1.21798 1.18329 1.14580 1.10365 1.05617 1.00411 0.94759 0.88356 0.80861 0.72479 0.63880 0.55077 0.45258 0.34487 0.24144 0.15871 0.09818 0.05734 0.03208 0.01735 0.00893 0.00423 0.00177 0.00062 0.00017 0.00004 0.00001 0.00000 0.00000 0.00000 0.00000 0.00000 0.00000 0.00000 0.00000 0.00000 0.00000 0.00000 0.00000 0.00000 0.00000
0.83404 0.84848 0.86124 0.87227 0.88145 0.88864 0.89375 0.89676 0.89759 0.89611 0.89219 0.88589 0.87724 0.86608 0.85219 0.83571 0.81694 0.79570 0.77146 0.74427 0.71497 0.68378 0.64957 0.61135 0.57037 0.52864 0.48522 0.43677 0.38237 0.32654 0.27424 0.22370 0.16969 0.11304 0.06319 0.03050 0.01478 0.00744 0.00385 0.00203 0.00105 0.00052 0.00023 0.00009 0.00003 0.00001 0.00000 0.00000 0.00000 0.00000 0.00000 0.00000 0.00000 0.00000 0.00000 0.00000 0.00000 0.00000 0.00000 0.00000 0.00000 0.00000 0.00000 0.00000 0.00000
0.53022 0.53495 0.53817 0.53987 0.53994 0.53823 0.53471 0.52942 0.52234 0.51326 0.50209 0.48904 0.47424 0.45738 0.43818 0.41704 0.39457 0.37045 0.34378 0.31482 0.28535 0.25590 0.22477 0.19057 0.15581 0.12483 0.09743 0.07004 0.04187 0.01808 0.00492 0.00091 0.00021 0.00009 0.00004 0.00002 0.00001 0.00001 0.00000 0.00000 0.00000 0.00000 0.00000 0.00000 0.00000 0.00000 0.00000 0.00000 0.00000 0.00000 0.00000 0.00000 0.00000 0.00000 0.00000 0.00000 0.00000 0.00000 0.00000 0.00000 0.00000 0.00000 0.00000 0.00000 0.00000
0.31122 0.30985 0.30726 0.30348 0.29842 0.29191 0.28402 0.27493 0.26463 0.25283 0.23953 0.22523 0.21018 0.19391 0.17606 0.15753 0.13940 0.12123 0.10178 0.08156 0.06352 0.04858 0.03465 0.02027 0.00772 0.00133 0.00007 0.00000 0.00000 0.00000 0.00000 0.00000 0.00000 0.00000 0.00000 0.00000 0.00000 0.00000 0.00000 0.00000 0.00000 0.00000 0.00000 0.00000 0.00000 0.00000 0.00000 0.00000 0.00000 0.00000 0.00000 0.00000 0.00000 0.00000 0.00000 0.00000 0.00000 0.00000 0.00000 0.00000 0.00000 0.00000 0.00000 0.00000 0.00000
0.16599 0.16184 0.15686 0.15118 0.14467 0.13715 0.12881 0.12005 0.11082 0.10072 0.08985 0.07909 0.06878 0.05821 0.04691 0.03618 0.02752 0.02020 0.01278 0.00551 0.00109 0.00006 0.00000 0.00000 0.00000 0.00000 0.00000 0.00000 0.00000 0.00000 0.00000 0.00000 0.00000 0.00000 0.00000 0.00000 0.00000 0.00000 0.00000 0.00000 0.00000 0.00000 0.00000 0.00000 0.00000 0.00000 0.00000 0.00000 0.00000 0.00000 0.00000 0.00000 0.00000 0.00000 0.00000 0.00000 0.00000 0.00000 0.00000 0.00000 0.00000 0.00000 0.00000 0.00000 0.00000
0.07854 0.07405 0.06921 0.06418 0.05878 0.05277 0.04653 0.04060 0.03488 0.02878 0.02243 0.01702 0.01284 0.00898 0.00482 0.00139 0.00013 0.00000 0.00000 0.00000 0.00000 0.00000 0.00000 0.00000 0.00000 0.00000 0.00000 0.00000 0.00000 0.00000 0.00000 0.00000 0.00000 0.00000 0.00000 0.00000 0.00000 0.00000 0.00000 0.00000 0.00000 0.00000 0.00000 0.00000 0.00000 0.00000 0.00000 0.00000 0.00000 0.00000 0.00000 0.00000 0.00000 0.00000 0.00000 0.00000 0.00000 0.00000 0.00000 0.00000 0.00000 0.00000 0.00000 0.00000 0.00000
0.03153 0.02804 0.02462 0.02146 0.01824 0.01466 0.01120 0.00854 0.00642 0.00417 0.00178 0.00031 0.00001 0.00000 0.00000 0.00000 0.00000 0.00000 0.00000 0.00000 0.00000 0.00000 0.00000 0.00000 0.00000 0.00000 0.00000 0.00000 0.00000 0.00000 0.00000 0.00000 0.00000 0.00000 0.00000 0.00000 0.00000 0.00000 0.00000 0.00000 0.00000 0.00000 0.00000 0.00000 0.00000 0.00000 0.00000 0.00000 0.00000 0.00000 0.00000 0.00000 0.00000 0.00000 0.00000 0.00000 0.00000 0.00000 0.00000 0.00000 0.00000 0.00000 0.00000 0.00000 0.00000
0.00971 0.00760 0.00582 0.00454 0.00335 0.00192 0.00058 0.00005 0.00000 0.00000 0.00000 0.00000 0.00000 0.00000 0.00000 0.00000 0.00000 0.00000 0.00000 0.00000 0.00000 0.00000 0.00000 0.00000 0.00000 0.00000 0.00000 0.00000 0.00000 0.00000 0.00000 0.00000 0.00000 0.00000 0.00000 0.00000 0.00000 0.00000 0.00000 0.00000 0.00000 0.00000 0.00000 0.00000 0.00000 0.00000 0.00000 0.00000 0.00000 0.00000 0.00000 0.00000 0.00000 0.00000 0.00000 0.00000 0.00000 0.00000 0.00000 0.00000 0.00000 0.00000 0.00000 0.00000 0.00000
0.00171 0.00075 0.00013 0.00001 0.00000 0.00000 0.00000 0.00000 0.00000 0.00000 0.00000 0.00000 0.00000 0.00000 0.00000 0.00000 0.00000 0.00000 0.00000 0.00000 0.00000 0.00000 0.00000 0.00000 0.00000 0.00000 0.00000 0.00000 0.00000 0.00000 0.00000 0.00000 0.00000 0.00000 0.00000 0.00000 0.00000 0.00000 0.00000 0.00000 0.00000 0.00000 0.00000 0.00000 0.00000 0.00000 0.00000 0.00000 0.00000 0.00000 0.00000 0.00000 0.00000 0.00000 0.00000 0.00000 0.00000 0.00000 0.00000 0.00000 0.00000 0.00000 0.00000 0.00000 0.00000
