tests/data/gray99/saval2D/outputs/resuqv9.asc
north:     17.44
south:      0.00
east:      60.51
west:       0.00
rows:   68
cols:  236
[rows 29 to 57 of 68, columns 130 to 194 of 236]
-0.06590 -0.07202 -0.07962 -0.08882 -0.09973 -0.11244 -0.12700 -0.14346 -0.16183 -0.18208 -0.20415 -0.22796 -0.25338 -0.28027 -0.30842 -0.33764 -0.36770 -0.39832 -0.42926 -0.46021 -0.49090 -0.52103 -0.55032 -0.57849 -0.60526 -0.63039 -0.65356 -0.67443 -0.69283 -0.70872 -0.72205 -0.73282 -0.74102 -0.74666 -0.74973 -0.75024 -0.74822 -0.74365 -0.73654 -0.72687 -0.71460 -0.69967 -0.68197 -0.66131 -0.63735 -0.60952 -0.57689 -0.53804 -0.49096 -0.43326 -0.36305 -0.28089 -0.19254 -0.11021 -0.04838 -0.01431 -0.00228 -0.00013 -0.00000 -0.00000 -0.00000 -0.00000 -0.00000 -0.00000 -0.00000
-0.01543 -0.01951 -0.02470 -0.03110 -0.03881 -0.04789 -0.05841 -0.07040 -0.08388 -0.09885 -0.11526 -0.13307 -0.15219 -0.17251 -0.19391 -0.21622 -0.23927 -0.26285 -0.28676 -0.31078 -0.33466 -0.35819 -0.38113 -0.40325 -0.42434 -0.44418 -0.46255 -0.47920 -0.49396 -0.50682 -0.51775 -0.52672 -0.53374 -0.53880 -0.54192 -0.54311 -0.54237 -0.53973 -0.53517 -0.52871 -0.52033 -0.51000 -0.49764 -0.48316 -0.46633 -0.44680 -0.42397 -0.39690 -0.36423 -0.32427 -0.27549 -0.21773 -0.15416 -0.09263 -0.04374 -0.01447 -0.00277 -0.00021 -0.00000 -0.00000 -0.00000 -0.00000 0.00000 -0.00000 -0.00000
0.03474 0.03249 0.02950 0.02570 0.02102 0.01541 0.00884 0.00126 -0.00733 -0.01695 -0.02758 -0.03919 -0.05175 -0.06520 -0.07943 -0.09437 -0.10987 -0.12582 -0.14206 -0.15845 -0.17483 -0.19104 -0.20692 -0.22231 -0.23706 -0.25101 -0.26402 -0.27592 -0.28661 -0.29607 -0.30427 -0.31120 -0.31683 -0.32119 -0.32426 -0.32606 -0.32660 -0.32589 -0.32394 -0.32075 -0.31632 -0.31063 -0.30367 -0.29536 -0.28561 -0.27420 -0.26082 -0.24494 -0.22576 -0.20229 -0.17353 -0.13917 -0.10072 -0.06252 -0.03097 -0.01102 -0.00237 -0.00022 -0.00000 -0.00000 -0.00000 -0.00000 -0.00000 0.00000 0.00000
0.08440 0.08383 0.08290 0.08157 0.07980 0.07755 0.07479 0.07152 0.06773 0.06343 0.05862 0.05329 0.04745 0.04112 0.03431 0.02704 0.01940 0.01147 0.00333 -0.00495 -0.01331 -0.02169 -0.03003 -0.03823 -0.04619 -0.05380 -0.06102 -0.06783 -0.07413 -0.07990 -0.08513 -0.08980 -0.09390 -0.09742 -0.10037 -0.10273 -0.10452 -0.10574 -0.10640 -0.10650 -0.10605 -0.10506 -0.10351 -0.10139 -0.09868 -0.09531 -0.09117 -0.08609 -0.07981 -0.07196 -0.06220 -0.05036 -0.03692 -0.02333 -0.01185 -0.00438 -0.00100 -0.00010 -0.00000 -0.00000 -0.00000 -0.00000 0.00000 0.00000 -0.00000
0.13310 0.13411 0.13513 0.13619 0.13726 0.13835 0.13947 0.14059 0.14167 0.14270 0.14367 0.14456 0.14539 0.14613 0.14680 0.14740 0.14789 0.14822 0.14838 0.14836 0.14816 0.14780 0.14728 0.14659 0.14571 0.14460 0.14330 0.14180 0.14007 0.13813 0.13600 0.13369 0.13122 0.12860 0.12583 0.12294 0.11992 0.11677 0.11349 0.11008 0.10653 0.10282 0.09894 0.09486 0.09053 0.08590 0.08086 0.07527 0.06890 0.06146 0.05267 0.04240 0.03100 0.01960 0.01000 0.00372 0.00086 0.00009 0.00000 0.00000 0.00000 0.00000 0.00000 -0.00000 0.00000
0.18116 0.18378 0.18679 0.19024 0.19414 0.19853 0.20340 0.20875 0.21460 0.22091 0.22768 0.23486 0.24242 0.25031 0.25846 0.26680 0.27526 0.28374 0.29215 0.30041 0.30841 0.31608 0.32331 0.33002 0.33613 0.34156 0.34623 0.35002 0.35285 0.35474 0.35570 0.35575 0.35490 0.35317 0.35059 0.34716 0.34291 0.33783 0.33193 0.32520 0.31764 0.30921 0.29988 0.28957 0.27816 0.26547 0.25118 0.23477 0.21553 0.19252 0.16481 0.13209 0.09572 0.05963 0.02974 0.01069 0.00234 0.00023 0.00001 0.00000 0.00000 0.00000 -0.00000 0.00000 0.00000
0.22812 0.23242 0.23749 0.24340 0.25020 0.25793 0.26662 0.27629 0.28692 0.29852 0.31103 0.32440 0.33857 0.35343 0.36888 0.38479 0.40102 0.41742 0.43382 0.45006 0.46596 0.48134 0.49604 0.50991 0.52277 0.53451 0.54491 0.55378 0.56101 0.56660 0.57055 0.57288 0.57359 0.57272 0.57029 0.56633 0.56084 0.55384 0.54533 0.53530 0.52374 0.51060 0.49582 0.47926 0.46072 0.43984 0.41605 0.38846 0.35576 0.31635 0.26874 0.21273 0.15120 0.09150 0.04371 0.01473 0.00290 0.00023 0.00000 0.00000 0.00000 0.00000 0.00000 -0.00000 -0.00000
0.27385 0.28000 0.28729 0.29580 0.30562 0.31680 0.32938 0.34338 0.35881 0.37563 0.39378 0.41319 0.43375 0.45533 0.47776 0.50088 0.52447 0.54833 0.57222 0.59591 0.61916 0.64173 0.66338 0.68389 0.70303 0.72061 0.73637 0.74999 0.76132 0.77035 0.77707 0.78151 0.78367 0.78357 0.78125 0.77673 0.77001 0.76111 0.75004 0.73676 0.72124 0.70343 0.68321 0.66037 0.63461 0.60536 0.57173 0.53235 0.48531 0.42830 0.35945 0.27913 0.19265 0.11153 0.04985 0.01516 0.00253 0.00015 0.00000 0.00000 0.00000 0.00000 0.00000 0.00000 -0.00000
0.31799 0.32622 0.33593 0.34724 0.36024 0.37500 0.39156 0.40994 0.43013 0.45209 0.47573 0.50094 0.52758 0.55548 0.58443 0.61420 0.64454 0.67519 0.70587 0.73628 0.76614 0.79514 0.82301 0.84946 0.87421 0.89703 0.91759 0.93550 0.95050 0.96261 0.97183 0.97816 0.98160 0.98217 0.97990 0.97480 0.96688 0.95613 0.94254 0.92607 0.90667 0.88424 0.85859 0.82945 0.79632 0.75841 0.71442 0.66241 0.59974 0.52347 0.43165 0.32610 0.21575 0.11717 0.04753 0.01242 0.00161 0.00006 0.00000 0.00000 0.00000 -0.00000 -0.00000 0.00000 0.00000
0.35987 0.37045 0.38284 0.39717 0.41354 0.43203 0.45265 0.47543 0.50033 0.52727 0.55615 0.58683 0.61911 0.65279 0.68762 0.72334 0.75965 0.79625 0.83282 0.86904 0.90458 0.93911 0.97230 1.00384 1.03342 1.06078 1.08550 1.10708 1.12529 1.14010 1.15149 1.15945 1.16400 1.16513 1.16285 1.15716 1.14806 1.13551 1.11949 1.09992 1.07671 1.04970 1.01864 0.98311 0.94240 0.89537 0.84022 0.77431 0.69422 0.59650 0.47978 0.34865 0.21731 0.10778 0.03804 0.00796 0.00071 0.00001 0.00000 0.00000 0.00000 -0.00000 0.00000 -0.00000 0.00000
0.39841 0.41163 0.42698 0.44457 0.46451 0.48684 0.51159 0.53873 0.56820 0.59989 0.63366 0.66933 0.70668 0.74546 0.78539 0.82619 0.86753 0.90909 0.95053 0.99152 1.03170 1.07073 1.10827 1.14399 1.17755 1.20866 1.23687 1.26160 1.28249 1.29957 1.31280 1.32216 1.32764 1.32922 1.32689 1.32063 1.31039 1.29611 1.27774 1.25515 1.22820 1.19666 1.16014 1.11804 1.06935 1.01247 0.94495 0.86331 0.76332 0.64145 0.49810 0.34265 0.19632 0.08558 0.02471 0.00373 0.00019 0.00000 0.00000 0.00000 0.00000 -0.00000 0.00000 -0.00000 -0.00000
0.43199 0.44814 0.46671 0.48779 0.51144 0.53771 0.56656 0.59794 0.63174 0.66782 0.70600 0.74605 0.78774 0.83079 0.87491 0.91979 0.96512 1.01055 1.05576 1.10041 1.14416 1.18666 1.22758 1.26656 1.30327 1.33742 1.36847 1.39576 1.41889 1.43787 1.45265 1.46320 1.46948 1.47145 1.46906 1.46224 1.45093 1.43501 1.41437 1.38884 1.35819 1.32207 1.27994 1.23091 1.17356 1.10567 1.02392 0.92388 0.80075 0.65181 0.48134 0.30620 0.15548 0.05630 0.01214 0.00112 0.00002 0.00000 0.00000 0.00000 0.00000 0.00000 -0.00000 -0.00000 0.00000
0.45833 0.47765 0.49964 0.52435 0.55181 0.58198 0.61480 0.65017 0.68792 0.72789 0.76983 0.81353 0.85871 0.90509 0.95239 1.00029 1.04851 1.09672 1.14461 1.19186 1.23815 1.28315 1.32654 1.36798 1.40711 1.44365 1.47702 1.50642 1.53143 1.55203 1.56816 1.57976 1.58676 1.58909 1.58665 1.57934 1.56701 1.54953 1.52669 1.49825 1.46386 1.42301 1.37490 1.31827 1.25109 1.17031 1.07155 0.94944 0.79926 0.62107 0.42620 0.24186 0.10314 0.02856 0.00399 0.00017 0.00000 0.00000 0.00000 0.00000 0.00000 -0.00000 -0.00000 0.00000 -0.00000
0.47432 0.49696 0.52246 0.55083 0.58201 0.61593 0.65243 0.69137 0.73254 0.77572 0.82067 0.86715 0.91488 0.96361 1.01305 1.06295 1.11302 1.16299 1.21258 1.26150 1.30947 1.35617 1.40131 1.44456 1.48556 1.52403 1.55934 1.59061 1.61725 1.63930 1.65668 1.66928 1.67700 1.67971 1.67728 1.66953 1.65626 1.63725 1.61221 1.58078 1.54246 1.49649 1.44171 1.37627 1.29733 1.20072 1.08090 0.93199 0.75095 0.54413 0.33477 0.16091 0.05335 0.00993 0.00071 0.00001 0.00000 0.00000 0.00000 0.00000 -0.00000 0.00000 0.00000 -0.00000 0.00000
0.47594 0.50184 0.53076 0.56261 0.59726 0.63454 0.67425 0.71616 0.76006 0.80568 0.85279 0.90115 0.95051 1.00065 1.05132 1.10231 1.15338 1.20430 1.25484 1.30475 1.35377 1.40164 1.44806 1.49274 1.53531 1.57550 1.61259 1.64556 1.67381 1.69731 1.71595 1.72959 1.73808 1.74125 1.73888 1.73073 1.71653 1.69595 1.66859 1.63393 1.59122 1.53935 1.47660 1.40031 1.30648 1.18959 1.04307 0.86190 0.64889 0.42318 0.22200 0.08391 0.01917 0.00193 0.00005 0.00000 0.00000 0.00000 0.00000 -0.00000 0.00000 -0.00000 0.00000 -0.00000 -0.00000
0.45814 0.48699 0.51895 0.55385 0.59144 0.63149 0.67373 0.71789 0.76372 0.81098 0.85944 0.90888 0.95910 1.00992 1.06115 1.11261 1.16413 1.21553 1.26660 1.31716 1.36697 1.41579 1.46335 1.50937 1.55347 1.59538 1.63434 1.66917 1.69911 1.72416 1.74418 1.75896 1.76832 1.77199 1.76970 1.76113 1.74589 1.72354 1.69352 1.65507 1.60708 1.54790 1.47494 1.38431 1.27041 1.12642 0.94658 0.73174 0.49731 0.27778 0.11539 0.03050 0.00390 0.00014 0.00000 0.00000 0.00000 0.00000 0.00000 -0.00000 0.00000 -0.00000 0.00000 -0.00000 0.00000
0.41519 0.44630 0.48059 0.51776 0.55750 0.59951 0.64346 0.68909 0.73612 0.78433 0.83352 0.88351 0.93414 0.98526 1.03676 1.08849 1.14033 1.19213 1.24375 1.29500 1.34570 1.39562 1.44451 1.49207 1.53794 1.58186 1.62294 1.65984 1.69171 1.71853 1.74007 1.75611 1.76637 1.77054 1.76824 1.75905 1.74248 1.71793 1.68458 1.64128 1.58630 1.51700 1.42946 1.31831 1.17711 1.00009 0.78676 0.54961 0.32031 0.14198 0.04151 0.00626 0.00031 0.00000 0.00000 0.00000 0.00000 0.00000 -0.00000 0.00000 -0.00000 0.00000 0.00000 -0.00000 0.00000
0.34222 0.37440 0.40981 0.44810 0.48891 0.53188 0.57670 0.62305 0.67070 0.71943 0.76906 0.81943 0.87042 0.92193 0.97386 1.02610 1.07855 1.13111 1.18365 1.23601 1.28802 1.33947 1.39012 1.43966 1.48773 1.53403 1.57761 1.61694 1.65098 1.67971 1.70287 1.72017 1.73127 1.73578 1.73322 1.72301 1.70447 1.67664 1.63828 1.58761 1.52209 1.43804 1.33042 1.19294 1.01979 0.80995 0.57461 0.34336 0.15840 0.04934 0.00828 0.00049 0.00001 0.00000 0.00000 0.00000 0.00000 0.00000 0.00000 -0.00000 0.00000 0.00000 -0.00000 -0.00000 -0.00000
0.24016 0.27135 0.30591 0.34351 0.38378 0.42638 0.47097 0.51726 0.56499 0.61393 0.66389 0.71474 0.76633 0.81857 0.87137 0.92462 0.97824 1.03213 1.08617 1.14023 1.19412 1.24764 1.30055 1.35254 1.40321 1.45229 1.49868 1.54064 1.57702 1.60773 1.63242 1.65072 1.66219 1.66634 1.66256 1.65015 1.62820 1.59544 1.55009 1.48953 1.40997 1.30634 1.17260 1.00345 0.79850 0.56892 0.34304 0.16100 0.05172 0.00916 0.00060 0.00001 0.00000 0.00000 0.00000 0.00000 -0.00000 0.00000 -0.00000 -0.00000 -0.00000 0.00000 0.00000 -0.00000 -0.00000
0.12628 0.15261 0.18261 0.21608 0.25277 0.29239 0.33461 0.37912 0.42563 0.47386 0.52357 0.57456 0.62664 0.67967 0.73352 0.78806 0.84319 0.89878 0.95472 1.01083 1.06697 1.12289 1.17834 1.23299 1.28639 1.33824 1.38735 1.43173 1.47004 1.50223 1.52796 1.54682 1.55833 1.56187 1.55666 1.54164 1.51538 1.47589 1.42035 1.34496 1.24480 1.11439 0.94948 0.75111 0.53152 0.31841 0.14877 0.04778 0.00852 0.00057 0.00001 0.00000 0.00000 0.00000 0.00000 0.00000 -0.00000 -0.00000 -0.00000 0.00000 -0.00000 -0.00000 -0.00000 -0.00000 0.00000
0.03856 0.05427 0.07383 0.09741 0.12504 0.15662 0.19193 0.23069 0.27258 0.31723 0.36432 0.41353 0.46457 0.51718 0.57114 0.62624 0.68229 0.73911 0.79651 0.85429 0.91226 0.97018 1.02779 1.08477 1.14070 1.19530 1.24722 1.29424 1.33484 1.36885 1.39582 1.41519 1.42630 1.42824 1.41987 1.39960 1.36530 1.31405 1.24206 1.14476 1.01754 0.85779 0.66876 0.46449 0.27199 0.12372 0.03849 0.00660 0.00042 0.00001 0.00000 0.00000 0.00000 0.00000 -0.00000 -0.00000 -0.00000 -0.00000 -0.00000 0.00000 0.00000 -0.00000 -0.00000 -0.00000 0.00000
0.00299 0.00698 0.01354 0.02337 0.03709 0.05513 0.07774 0.10495 0.13664 0.17254 0.21229 0.25550 0.30177 0.35069 0.40191 0.45509 0.50995 0.56621 0.62363 0.68197 0.74098 0.80037 0.85984 0.91898 0.97730 1.03439 1.08875 1.13778 1.17965 1.21417 1.24073 1.25859 1.26681 1.26411 1.24878 1.21858 1.17057 1.10115 1.00641 0.88313 0.73097 0.55595 0.37390 0.21022 0.09087 0.02647 0.00415 0.00023 0.00000 0.00000 0.00000 0.00000 0.00000 -0.00000 -0.00000 0.00000 0.00000 -0.00000 -0.00000 -0.00000 -0.00000 0.00000 -0.00000 -0.00000 0.00000
-0.00018 -0.00022 0.00004 0.00113 0.00376 0.00883 0.01720 0.02962 0.04662 0.06850 0.09532 0.12692 0.16304 0.20330 0.24730 0.29461 0.34482 0.39755 0.45239 0.50897 0.56691 0.62582 0.68526 0.74473 0.80358 0.86130 0.91611 0.96498 1.00582 1.03827 1.06153 1.07459 1.07610 1.06429 1.03689 0.99114 0.92401 0.83270 0.71598 0.57627 0.42231 0.27071 0.14315 0.05718 0.01499 0.00203 0.00009 0.00000 0.00000 0.00000 0.00000 -0.00000 0.00000 0.00000 -0.00000 -0.00000 0.00000 0.00000 0.00000 -0.00000 -0.00000 0.00000 0.00000 -0.00000 -0.00000
-0.00000 -0.00000 -0.00002 -0.00005 -0.00007 0.00011 0.00097 0.00326 0.00791 0.01587 0.02794 0.04470 0.06647 0.09332 0.12512 0.16159 0.20236 0.24697 0.29496 0.34581 0.39901 0.45401 0.51020 0.56691 0.62328 0.67856 0.73065 0.77606 0.81235 0.83905 0.85509 0.85911 0.84942 0.82396 0.78050 0.71699 0.63232 0.52764 0.40801 0.28378 0.17009 0.08251 0.02945 0.00662 0.00072 0.00002 0.00000 0.00000 0.00000 0.00000 0.00000 0.00000 0.00000 -0.00000 -0.00000 -0.00000 -0.00000 0.00000 0.00000 -0.00000 -0.00000 0.00000 -0.00000 -0.00000 -0.00000
0.00000 0.00000 -0.00000 -0.00000 -0.00000 -0.00000 -0.00001 0.00001 0.00026 0.00122 0.00364 0.00846 0.01661 0.02888 0.04582 0.06771 0.09460 0.12632 0.16253 0.20277 0.24645 0.29292 0.34139 0.39097 0.44055 0.48907 0.53404 0.57165 0.59930 0.61632 0.62150 0.61338 0.59045 0.55137 0.49549 0.42361 0.33898 0.24811 0.16076 0.08799 0.03795 0.01159 0.00210 0.00017 0.00000 0.00000 0.00000 0.00000 0.00000 0.00000 -0.00000 -0.00000 -0.00000 0.00000 0.00000 0.00000 0.00000 0.00000 -0.00000 -0.00000 -0.00000 0.00000 0.00000 -0.00000 0.00000
-0.00000 -0.00000 -0.00000 -0.00000 -0.00000 -0.00000 -0.00000 -0.00000 -0.00000 0.00000 0.00007 0.00044 0.00160 0.00428 0.00936 0.01765 0.02983 0.04633 0.06732 0.09271 0.12216 0.15510 0.19075 0.22809 0.26584 0.30266 0.33590 0.36180 0.37791 0.38363 0.37793 0.36002 0.32961 0.28740 0.23557 0.17821 0.12124 0.07151 0.03467 0.01275 0.00314 0.00043 0.00002 0.00000 0.00000 0.00000 0.00000 -0.00000 -0.00000 -0.00000 -0.00000 -0.00000 0.00000 0.00000 -0.00000 -0.00000 0.00000 -0.00000 -0.00000 -0.00000 -0.00000 0.00000 0.00000 -0.00000 0.00000
-0.00000 -0.00000 -0.00000 -0.00000 -0.00000 0.00000 -0.00000 -0.00000 -0.00000 -0.00000 -0.00000 0.00000 0.00002 0.00014 0.00061 0.00188 0.00458 0.00937 0.01685 0.02746 0.04136 0.05840 0.07813 0.09979 0.12222 0.14413 0.16323 0.17656 0.18230 0.18017 0.16991 0.15194 0.12754 0.09903 0.06964 0.04306 0.02242 0.00923 0.00273 0.00050 0.00005 0.00000 0.00000 0.00000 0.00000 0.00000 0.00000 -0.00000 -0.00000 0.00000 -0.00000 0.00000 0.00000 0.00000 -0.00000 -0.00000 0.00000 0.00000 0.00000 -0.00000 0.00000 -0.00000 -0.00000 0.00000 0.00000
-0.00000 -0.00000 -0.00000 -0.00000 -0.00000 -0.00000 -0.00000 -0.00000 -0.00000 -0.00000 -0.00000 -0.00000 -0.00000 0.00000 0.00000 0.00003 0.00018 0.00063 0.00169 0.00376 0.00718 0.01219 0.01880 0.02675 0.03548 0.04419 0.05154 0.05591 0.05642 0.05316 0.04650 0.03738 0.02715 0.01739 0.00948 0.00417 0.00138 0.00030 0.00004 0.00000 0.00000 0.00000 0.00000 0.00000 -0.00000 -0.00000 0.00000 -0.00000 -0.00000 0.00000 -0.00000 -0.00000 0.00000 -0.00000 0.00000 0.00000 -0.00000 -0.00000 -0.00000 -0.00000 0.00000 0.00000 -0.00000 -0.00000 -0.00000
-0.00000 -0.00000 -0.00000 0.00000 -0.00000 -0.00000 -0.00000 -0.00000 -0.00000 -0.00000 -0.00000 -0.00000 -0.00000 -0.00000 -0.00000 -0.00000 0.00000 0.00001 0.00003 0.00013 0.00038 0.00090 0.00180 0.00311 0.00475 0.00650 0.00798 0.00869 0.00843 0.00732 0.00564 0.00379 0.00215 0.00099 0.00035 0.00009 0.00001 0.00000 0.00000 0.00000 0.00000 0.00000 0.00000 0.00000 0.00000 -0.00000 -0.00000 0.00000 -0.00000 0.00000 -0.00000 0.00000 -0.00000 -0.00000 0.00000 -0.00000 -0.00000 0.00000 0.00000 -0.00000 -0.00000 0.00000 -0.00000 -0.00000 0.00000
