tests/data/gray99/saval2D/outputs/resuh3.asc
north:     17.44
south:      0.00
east:      60.51
west:       0.00
rows:   68
cols:  236
[rows 0 to 28 of 68, columns 0 to 66 of 236]
0.00001 0.00001 0.00001 0.00001 0.00001 0.00001 0.00001 0.00001 0.00001 0.00001 0.00001 0.00001 0.00001 0.00001 0.00001 0.00001 0.00001 0.00001 0.00001 0.00001 0.00001 0.00001 0.00001 0.00001 0.00001 0.00001 0.00001 0.00001 0.00001 0.00001 0.00001 0.00001 0.00001 0.00001 0.00001 0.00001 0.00001 0.00001 0.00001 0.00001 0.00001 0.00001 0.00001 0.00001 0.00001 0.00001 0.00001 0.00001 0.00001 0.00001 0.00001 0.00001 0.00001 0.00001 0.00001 0.00001 0.00001 0.00001 0.00001 0.00001 0.00001 0.00001 0.00001 0.00001 0.00001 0.00001 0.00001
0.00001 0.00001 0.00001 0.00001 0.00001 0.00001 0.00001 0.00001 0.00001 0.00001 0.00001 0.00001 0.00001 0.00001 0.00001 0.00001 0.00001 0.00001 0.00001 0.00001 0.00001 0.00001 0.00001 0.00001 0.00001 0.00001 0.00001 0.00001 0.00001 0.00001 0.00001 0.00001 0.00001 0.00001 0.00001 0.00001 0.00001 0.00001 0.00001 0.00001 0.00001 0.00001 0.00001 0.00001 0.00001 0.00001 0.00001 0.00001 0.00001 0.00001 0.00001 0.00001 0.00001 0.00001 0.00001 0.00001 0.00001 0.00001 0.00001 0.00001 0.00001 0.00001 0.00001 0.00001 0.00001 0.00001 0.00001
0.00001 0.00001 0.00001 0.00001 0.00001 0.00001 0.00001 0.00001 0.00001 0.00001 0.00001 0.00001 0.00001 0.00001 0.00001 0.00001 0.00001 0.00001 0.00001 0.00001 0.00001 0.00001 0.00001 0.00001 0.00001 0.00001 0.00001 0.00001 0.00001 0.00001 0.00001 0.00001 0.00001 0.00001 0.00001 0.00001 0.00001 0.00001 0.00001 0.00001 0.00001 0.00001 0.00001 0.00001 0.00001 0.00001 0.00001 0.00001 0.00001 0.00001 0.00001 0.00001 0.00001 0.00001 0.00001 0.00001 0.00001 0.00001 0.00001 0.00001 0.00001 0.00001 0.00001 0.00001 0.00001 0.00001 0.00001
0.00001 0.00001 0.00001 0.00001 0.00001 0.00001 0.00001 0.00001 0.00001 0.00001 0.00001 0.00001 0.00001 0.00001 0.00001 0.00001 0.00001 0.00001 0.00001 0.00001 0.00001 0.00001 0.00001 0.00001 0.00001 0.00001 0.00001 0.00001 0.00001 0.00001 0.00001 0.00001 0.00001 0.00001 0.00001 0.00001 0.00001 0.00001 0.00001 0.00001 0.00001 0.00001 0.00001 0.00001 0.00001 0.00001 0.00001 0.00001 0.00001 0.00001 0.00001 0.00001 0.00001 0.00001 0.00001 0.00001 0.00001 0.00001 0.00001 0.00001 0.00001 0.00001 0.00001 0.00001 0.00001 0.00001 0.00001
0.00001 0.00001 0.00001 0.00001 0.00001 0.00001 0.00001 0.00001 0.00001 0.00001 0.00001 0.00001 0.00001 0.00001 0.00001 0.00001 0.00001 0.00001 0.00001 0.00001 0.00001 0.00001 0.00001 0.00001 0.00001 0.00001 0.00001 0.00002 0.00004 0.00008 0.00013 0.00020 0.00028 0.00034 0.00036 0.00032 0.00023 0.00014 0.00008 0.00004 0.00002 0.00001 0.00001 0.00001 0.00001 0.00001 0.00001 0.00001 0.00001 0.00001 0.00001 0.00001 0.00001 0.00001 0.00001 0.00001 0.00001 0.00001 0.00001 0.00001 0.00001 0.00001 0.00001 0.00001 0.00001 0.00001 0.00001
0.00001 0.00001 0.00001 0.00001 0.00001 0.00001 0.00001 0.00001 0.00001 0.00001 0.00001 0.00001 0.00001 0.00001 0.00001 0.00001 0.00001 0.00001 0.00001 0.00001 0.00001 0.00001 0.00001 0.00003 0.00021 0.00073 0.00160 0.00271 0.00405 0.00564 0.00747 0.00949 0.01160 0.01363 0.01536 0.01649 0.01676 0.01594 0.01401 0.01122 0.00802 0.00500 0.00266 0.00117 0.00042 0.00012 0.00003 0.00001 0.00001 0.00001 0.00001 0.00001 0.00001 0.00001 0.00001 0.00001 0.00001 0.00001 0.00001 0.00001 0.00001 0.00001 0.00001 0.00001 0.00001 0.00001 0.00001
0.00001 0.00001 0.00001 0.00001 0.00001 0.00001 0.00001 0.00001 0.00001 0.00001 0.00001 0.00001 0.00001 0.00001 0.00001 0.00001 0.00001 0.00001 0.00001 0.00001 0.00002 0.00021 0.00096 0.00268 0.00550 0.00987 0.01619 0.02447 0.03441 0.04554 0.05739 0.06943 0.08097 0.09152 0.10055 0.10751 0.11188 0.11325 0.11139 0.10630 0.09815 0.08724 0.07396 0.05895 0.04323 0.02832 0.01598 0.00743 0.00271 0.00074 0.00015 0.00003 0.00001 0.00001 0.00001 0.00001 0.00001 0.00001 0.00001 0.00001 0.00001 0.00001 0.00001 0.00001 0.00001 0.00001 0.00001
0.00001 0.00001 0.00001 0.00001 0.00001 0.00001 0.00001 0.00001 0.00001 0.00001 0.00001 0.00001 0.00001 0.00001 0.00001 0.00001 0.00001 0.00001 0.00001 0.00029 0.00181 0.00483 0.01020 0.01964 0.03455 0.05509 0.07936 0.10475 0.12942 0.15252 0.17377 0.19317 0.21080 0.22647 0.23989 0.25072 0.25861 0.26328 0.26453 0.26222 0.25628 0.24663 0.23318 0.21597 0.19510 0.17082 0.14350 0.11375 0.08292 0.05357 0.02919 0.01258 0.00397 0.00086 0.00013 0.00002 0.00001 0.00001 0.00001 0.00001 0.00001 0.00001 0.00001 0.00001 0.00001 0.00001 0.00001
0.00001 0.00001 0.00001 0.00001 0.00001 0.00001 0.00001 0.00001 0.00001 0.00001 0.00001 0.00001 0.00001 0.00001 0.00001 0.00001 0.00001 0.00008 0.00133 0.00481 0.01220 0.02657 0.04970 0.08031 0.11506 0.15078 0.18529 0.21717 0.24600 0.27210 0.29586 0.31750 0.33708 0.35453 0.36967 0.38233 0.39227 0.39936 0.40348 0.40459 0.40263 0.39752 0.38916 0.37742 0.36210 0.34295 0.31964 0.29187 0.25947 0.22248 0.18133 0.13729 0.09318 0.05380 0.02461 0.00812 0.00174 0.00023 0.00003 0.00001 0.00001 0.00001 0.00001 0.00001 0.00001 0.00001 0.00001
0.00001 0.00001 0.00001 0.00001 0.00001 0.00001 0.00001 0.00001 0.00001 0.00001 0.00001 0.00001 0.00001 0.00001 0.00001 0.00001 0.00032 0.00293 0.00943 0.02412 0.05112 0.08849 0.13046 0.17332 0.21507 0.25437 0.29024 0.32231 0.35109 0.37730 0.40137 0.42348 0.44363 0.46176 0.47775 0.49148 0.50281 0.51169 0.51807 0.52196 0.52334 0.52214 0.51825 0.51152 0.50178 0.48880 0.47233 0.45206 0.42760 0.39850 0.36421 0.32421 0.27823 0.22663 0.17100 0.11499 0.06505 0.02854 0.00871 0.00161 0.00017 0.00002 0.00001 0.00001 0.00001 0.00001 0.00001
0.00001 0.00001 0.00001 0.00001 0.00001 0.00001 0.00001 0.00001 0.00001 0.00001 0.00001 0.00001 0.00001 0.00001 0.00001 0.00072 0.00480 0.01561 0.03980 0.07837 0.12510 0.17387 0.22123 0.26599 0.30758 0.34574 0.38018 0.41099 0.43889 0.46458 0.48843 0.51052 0.53083 0.54930 0.56584 0.58033 0.59271 0.60295 0.61107 0.61712 0.62111 0.62299 0.62267 0.62000 0.61480 0.60688 0.59600 0.58194 0.56440 0.54306 0.51750 0.48721 0.45157 0.40980 0.36114 0.30521 0.24271 0.17625 0.11151 0.05735 0.02175 0.00531 0.00071 0.00005 0.00001 0.00001 0.00001
0.00001 0.00001 0.00001 0.00001 0.00001 0.00001 0.00001 0.00001 0.00001 0.00001 0.00001 0.00001 0.00001 0.00001 0.00102 0.00658 0.02231 0.05556 0.10295 0.15572 0.20819 0.25753 0.30332 0.34593 0.38540 0.42165 0.45452 0.48417 0.51126 0.53636 0.55981 0.58169 0.60199 0.62063 0.63752 0.65257 0.66572 0.67697 0.68637 0.69400 0.69990 0.70408 0.70647 0.70695 0.70536 0.70152 0.69522 0.68624 0.67434 0.65925 0.64065 0.61820 0.59145 0.55985 0.52270 0.47911 0.42805 0.36868 0.30108 0.22712 0.15195 0.08476 0.03607 0.01032 0.00166 0.00013 0.00001
0.00001 0.00001 0.00001 0.00001 0.00001 0.00001 0.00001 0.00001 0.00001 0.00001 0.00001 0.00001 0.00001 0.00107 0.00750 0.02727 0.06804 0.12207 0.17897 0.23302 0.28303 0.32914 0.37205 0.41218 0.44962 0.48423 0.51585 0.54459 0.57099 0.59554 0.61856 0.64015 0.66031 0.67899 0.69609 0.71153 0.72523 0.73721 0.74752 0.75625 0.76348 0.76925 0.77356 0.77631 0.77741 0.77671 0.77401 0.76914 0.76187 0.75195 0.73912 0.72307 0.70346 0.67986 0.65180 0.61867 0.57968 0.53384 0.47993 0.41689 0.34438 0.26393 0.18061 0.10410 0.04641 0.01415 0.00247
0.00001 0.00001 0.00001 0.00001 0.00001 0.00001 0.00001 0.00001 0.00001 0.00001 0.00001 0.00001 0.00087 0.00740 0.02909 0.07474 0.13387 0.19356 0.24866 0.29889 0.34515 0.38816 0.42859 0.46670 0.50254 0.53592 0.56661 0.59471 0.62058 0.64468 0.66731 0.68861 0.70860 0.72724 0.74445 0.76013 0.77423 0.78674 0.79770 0.80720 0.81534 0.82217 0.82774 0.83201 0.83494 0.83641 0.83633 0.83453 0.83083 0.82504 0.81691 0.80617 0.79248 0.77550 0.75482 0.72996 0.70037 0.66538 0.62409 0.57538 0.51791 0.45042 0.37242 0.28549 0.19519 0.11224 0.04978
0.00001 0.00001 0.00001 0.00001 0.00001 0.00001 0.00001 0.00001 0.00001 0.00001 0.00001 0.00050 0.00643 0.02769 0.07531 0.13737 0.19921 0.25527 0.30599 0.35254 0.39579 0.43643 0.47495 0.51153 0.54620 0.57872 0.60885 0.63656 0.66214 0.68596 0.70832 0.72939 0.74923 0.76781 0.78506 0.80092 0.81531 0.82821 0.83966 0.84973 0.85850 0.86605 0.87243 0.87766 0.88173 0.88460 0.88621 0.88646 0.88526 0.88244 0.87784 0.87122 0.86230 0.85075 0.83618 0.81816 0.79623 0.76984 0.73837 0.70103 0.65682 0.60446 0.54247 0.46945 0.38497 0.29116 0.19481
0.00001 0.00001 0.00001 0.00001 0.00001 0.00001 0.00001 0.00001 0.00001 0.00001 0.00017 0.00482 0.02369 0.07016 0.13341 0.19660 0.25377 0.30515 0.35220 0.39594 0.43697 0.47585 0.51298 0.54846 0.58232 0.61434 0.64422 0.67185 0.69740 0.72116 0.74342 0.76439 0.78413 0.80266 0.81995 0.83592 0.85054 0.86376 0.87561 0.88612 0.89538 0.90344 0.91037 0.91621 0.92096 0.92465 0.92724 0.92873 0.92906 0.92816 0.92593 0.92220 0.91677 0.90935 0.89960 0.88714 0.87151 0.85221 0.82871 0.80038 0.76650 0.72618 0.67823 0.62122 0.55344 0.47349 0.38131
0.00001 0.00001 0.00001 0.00001 0.00001 0.00001 0.00001 0.00001 0.00001 0.00003 0.00298 0.01790 0.06032 0.12293 0.18728 0.24537 0.29756 0.34521 0.38949 0.43112 0.47051 0.50813 0.54427 0.57900 0.61238 0.64419 0.67414 0.70201 0.72781 0.75177 0.77414 0.79512 0.81485 0.83338 0.85069 0.86676 0.88154 0.89502 0.90718 0.91806 0.92771 0.93617 0.94351 0.94975 0.95494 0.95910 0.96224 0.96438 0.96554 0.96571 0.96487 0.96292 0.95977 0.95519 0.94894 0.94067 0.92998 0.91639 0.89940 0.87845 0.85291 0.82207 0.78511 0.74095 0.68821 0.62515 0.54993
0.00001 0.00001 0.00001 0.00001 0.00001 0.00001 0.00001 0.00001 0.00001 0.00135 0.01170 0.04690 0.10710 0.17217 0.23163 0.28454 0.33279 0.37759 0.41973 0.45975 0.49796 0.53472 0.57023 0.60454 0.63769 0.66956 0.69983 0.72820 0.75456 0.77899 0.80170 0.82289 0.84271 0.86127 0.87860 0.89472 0.90960 0.92325 0.93565 0.94682 0.95678 0.96558 0.97324 0.97980 0.98528 0.98972 0.99315 0.99562 0.99717 0.99786 0.99771 0.99671 0.99484 0.99198 0.98798 0.98258 0.97544 0.96618 0.95430 0.93927 0.92051 0.89740 0.86922 0.83516 0.79421 0.74504 0.68596
0.00001 0.00001 0.00001 0.00001 0.00001 0.00001 0.00001 0.00001 0.00036 0.00648 0.03198 0.08671 0.15217 0.21324 0.26748 0.31625 0.36141 0.40395 0.44442 0.48325 0.52067 0.55694 0.59216 0.62634 0.65952 0.69164 0.72247 0.75168 0.77904 0.80451 0.82816 0.85017 0.87068 0.88980 0.90762 0.92418 0.93948 0.95355 0.96638 0.97797 0.98836 0.99754 1.00555 1.01240 1.01812 1.02273 1.02627 1.02881 1.03040 1.03113 1.03106 1.03025 1.02873 1.02649 1.02346 1.01949 1.01437 1.00778 0.99932 0.98852 0.97485 0.95770 0.93643 0.91034 0.87859 0.84019 0.79383
0.00001 0.00001 0.00001 0.00001 0.00001 0.00001 0.00001 0.00004 0.00291 0.01850 0.06334 0.12741 0.19077 0.24688 0.29683 0.34228 0.38494 0.42564 0.46484 0.50287 0.53990 0.57612 0.61152 0.64604 0.67966 0.71235 0.74399 0.77433 0.80310 0.83013 0.85542 0.87900 0.90097 0.92143 0.94045 0.95807 0.97434 0.98927 1.00287 1.01516 1.02616 1.03588 1.04434 1.05155 1.05752 1.06228 1.06588 1.06835 1.06980 1.07030 1.06993 1.06880 1.06697 1.06450 1.06140 1.05761 1.05304 1.04750 1.04069 1.03226 1.02174 1.00862 0.99228 0.97208 0.94729 0.91706 0.88037
0.00001 0.00001 0.00001 0.00001 0.00001 0.00001 0.00001 0.00093 0.00888 0.03972 0.09832 0.16380 0.22295 0.27483 0.32128 0.36402 0.40460 0.44384 0.48216 0.51981 0.55690 0.59353 0.62962 0.66501 0.69962 0.73336 0.76617 0.79785 0.82819 0.85698 0.88411 0.90955 0.93332 0.95546 0.97603 0.99505 1.01258 1.02862 1.04321 1.05637 1.06813 1.07850 1.08750 1.09514 1.10142 1.10639 1.11007 1.11253 1.11383 1.11406 1.11332 1.11172 1.10934 1.10628 1.10260 1.09833 1.09344 1.08786 1.08141 1.07387 1.06487 1.05401 1.04078 1.02458 1.00476 0.98056 0.95111
0.00001 0.00001 0.00001 0.00001 0.00001 0.00001 0.00013 0.00351 0.02031 0.06679 0.13183 0.19499 0.25013 0.29856 0.34208 0.38248 0.42126 0.45932 0.49710 0.53479 0.57241 0.60991 0.64710 0.68377 0.71974 0.75486 0.78903 0.82213 0.85397 0.88438 0.91319 0.94034 0.96580 0.98955 1.01162 1.03204 1.05081 1.06799 1.08358 1.09763 1.11016 1.12118 1.13073 1.13883 1.14547 1.15070 1.15453 1.15703 1.15826 1.15830 1.15726 1.15525 1.15236 1.14872 1.14439 1.13947 1.13397 1.12790 1.12118 1.11368 1.10519 1.09539 1.08390 1.07021 1.05376 1.03387 1.00976
0.00001 0.00001 0.00001 0.00001 0.00001 0.00001 0.00099 0.00834 0.03730 0.09517 0.16179 0.22182 0.27370 0.31939 0.36051 0.39892 0.43613 0.47317 0.51056 0.54848 0.58683 0.62540 0.66389 0.70198 0.73941 0.77599 0.81156 0.84601 0.87919 0.91095 0.94116 0.96970 0.99654 1.02163 1.04497 1.06657 1.08644 1.10460 1.12109 1.13592 1.14915 1.16079 1.17086 1.17939 1.18639 1.19188 1.19589 1.19847 1.19969 1.19964 1.19839 1.19608 1.19281 1.18869 1.18383 1.17831 1.17222 1.16560 1.15844 1.15068 1.14220 1.13282 1.12223 1.11005 1.09582 1.07894 1.05874
0.00001 0.00001 0.00001 0.00001 0.00001 0.00008 0.00273 0.01613 0.05735 0.12209 0.18792 0.24516 0.29456 0.33818 0.37746 0.41436 0.45035 0.48653 0.52354 0.56160 0.60056 0.64008 0.67974 0.71912 0.75790 0.79581 0.83265 0.86830 0.90263 0.93550 0.96681 0.99645 1.02435 1.05049 1.07483 1.09737 1.11812 1.13710 1.15432 1.16983 1.18364 1.19580 1.20633 1.21524 1.22256 1.22830 1.23249 1.23518 1.23643 1.23632 1.23495 1.23242 1.22886 1.22439 1.21911 1.21314 1.20658 1.19949 1.19190 1.18384 1.17523 1.16596 1.15583 1.14457 1.13181 1.11704 1.09969
0.00001 0.00001 0.00001 0.00001 0.00001 0.00045 0.00543 0.02655 0.07795 0.14626 0.21063 0.26569 0.31326 0.35535 0.39329 0.42912 0.46421 0.49971 0.53635 0.57440 0.61372 0.65390 0.69444 0.73484 0.77471 0.81372 0.85164 0.88831 0.92358 0.95736 0.98953 1.02002 1.04874 1.07568 1.10079 1.12406 1.14550 1.16511 1.18293 1.19898 1.21328 1.22587 1.23677 1.24601 1.25360 1.25955 1.26391 1.26670 1.26799 1.26786 1.26639 1.26371 1.25994 1.25519 1.24960 1.24329 1.23637 1.22892 1.22101 1.21267 1.20390 1.19464 1.18478 1.17410 1.16233 1.14906 1.13380
0.00001 0.00001 0.00001 0.00001 0.00001 0.00112 0.00921 0.03822 0.09710 0.16694 0.22992 0.28346 0.32977 0.37078 0.40781 0.44290 0.47736 0.51236 0.54866 0.58661 0.62608 0.66666 0.70779 0.74893 0.78962 0.82949 0.86826 0.90574 0.94180 0.97630 1.00916 1.04030 1.06967 1.09721 1.12290 1.14674 1.16871 1.18883 1.20711 1.22357 1.23826 1.25119 1.26240 1.27190 1.27971 1.28585 1.29034 1.29323 1.29456 1.29441 1.29288 1.29008 1.28614 1.28119 1.27536 1.26879 1.26159 1.25387 1.24571 1.23716 1.22826 1.21899 1.20928 1.19899 1.18790 1.17571 1.16197
0.00001 0.00001 0.00001 0.00001 0.00005 0.00246 0.01443 0.05090 0.11456 0.18422 0.24574 0.29814 0.34362 0.38397 0.42047 0.45512 0.48921 0.52389 0.55995 0.59779 0.63730 0.67811 0.71962 0.76127 0.80255 0.84306 0.88250 0.92063 0.95729 0.99238 1.02579 1.05745 1.08730 1.11531 1.14146 1.16573 1.18810 1.20861 1.22724 1.24404 1.25902 1.27222 1.28367 1.29338 1.30136 1.30765 1.31225 1.31521 1.31658 1.31642 1.31484 1.31194 1.30787 1.30276 1.29675 1.28998 1.28257 1.27464 1.26628 1.25758 1.24857 1.23928 1.22966 1.21963 1.20903 1.19760 1.18499
0.00001 0.00001 0.00001 0.00001 0.00032 0.00460 0.02118 0.06463 0.13085 0.19900 0.25872 0.31001 0.35482 0.39474 0.43095 0.46540 0.49931 0.53383 0.56978 0.60756 0.64710 0.68805 0.72982 0.77183 0.81354 0.85453 0.89446 0.93309 0.97024 1.00579 1.03963 1.07169 1.10193 1.13031 1.15681 1.18140 1.20409 1.22488 1.24379 1.26084 1.27605 1.28946 1.30109 1.31095 1.31907 1.32547 1.33016 1.33318 1.33457 1.33440 1.33278 1.32981 1.32563 1.32039 1.31423 1.30730 1.29972 1.29163 1.28312 1.27430 1.26521 1.25589 1.24633 1.23648 1.22621 1.21532 1.20352
0.00001 0.00001 0.00001 0.00001 0.00084 0.00729 0.02895 0.07835 0.14573 0.21185 0.26959 0.31965 0.36376 0.40328 0.43931 0.47366 0.50753 0.54201 0.57794 0.61572 0.65533 0.69639 0.73835 0.78062 0.82265 0.86400 0.90431 0.94333 0.98085 1.01676 1.05094 1.08332 1.11386 1.14252 1.16928 1.19412 1.21705 1.23806 1.25717 1.27441 1.28979 1.30335 1.31511 1.32509 1.33331 1.33979 1.34455 1.34760 1.34901 1.34884 1.34717 1.34414 1.33988 1.33453 1.32825 1.32119 1.31348 1.30526 1.29664 1.28771 1.27855 1.26920 1.25967 1.24993 1.23989 1.22939 1.21817
