tests/data/gray99/saval2D/outputs/resuh6.asc
north:     17.44
south:      0.00
east:      60.51
west:       0.00
rows:   68
cols:  236
[rows 0 to 28 of 68, columns 0 to 66 of 236]
0.00001 0.00001 0.00001 0.00001 0.00001 0.00001 0.00001 0.00001 0.00001 0.00001 0.00001 0.00001 0.00001 0.00001 0.00001 0.00001 0.00001 0.00001 0.00001 0.00001 0.00001 0.00001 0.00001 0.00001 0.00001 0.00001 0.00001 0.00001 0.00001 0.00001 0.00001 0.00001 0.00001 0.00001 0.00001 0.00001 0.00001 0.00001 0.00001 0.00001 0.00001 0.00001 0.00001 0.00001 0.00001 0.00001 0.00001 0.00001 0.00001 0.00001 0.00001 0.00001 0.00001 0.00001 0.00001 0.00001 0.00001 0.00001 0.00001 0.00001 0.00001 0.00001 0.00001 0.00001 0.00001 0.00001 0.00001
0.00001 0.00001 0.00001 0.00001 0.00001 0.00001 0.00001 0.00001 0.00001 0.00001 0.00001 0.00001 0.00001 0.00001 0.00001 0.00001 0.00001 0.00001 0.00001 0.00001 0.00001 0.00001 0.00001 0.00001 0.00001 0.00001 0.00001 0.00001 0.00001 0.00001 0.00001 0.00001 0.00001 0.00001 0.00001 0.00001 0.00001 0.00001 0.00001 0.00001 0.00001 0.00001 0.00001 0.00001 0.00001 0.00001 0.00001 0.00001 0.00001 0.00001 0.00001 0.00001 0.00001 0.00001 0.00001 0.00001 0.00001 0.00001 0.00001 0.00001 0.00001 0.00001 0.00001 0.00001 0.00001 0.00001 0.00001
0.00001 0.00001 0.00001 0.00001 0.00001 0.00001 0.00001 0.00001 0.00001 0.00001 0.00001 0.00001 0.00001 0.00001 0.00001 0.00001 0.00001 0.00001 0.00001 0.00001 0.00001 0.00001 0.00001 0.00001 0.00001 0.00001 0.00001 0.00001 0.00001 0.00001 0.00001 0.00001 0.00001 0.00001 0.00001 0.00001 0.00001 0.00001 0.00001 0.00001 0.00001 0.00001 0.00001 0.00001 0.00001 0.00001 0.00001 0.00001 0.00001 0.00001 0.00001 0.00001 0.00001 0.00001 0.00001 0.00001 0.00001 0.00001 0.00001 0.00001 0.00001 0.00001 0.00001 0.00001 0.00001 0.00001 0.00001
0.00001 0.00001 0.00001 0.00001 0.00001 0.00001 0.00001 0.00001 0.00001 0.00001 0.00001 0.00001 0.00001 0.00001 0.00001 0.00001 0.00001 0.00001 0.00001 0.00001 0.00001 0.00001 0.00001 0.00001 0.00001 0.00001 0.00001 0.00001 0.00001 0.00001 0.00001 0.00001 0.00001 0.00001 0.00001 0.00001 0.00001 0.00001 0.00001 0.00001 0.00001 0.00001 0.00001 0.00001 0.00001 0.00001 0.00001 0.00001 0.00001 0.00001 0.00001 0.00001 0.00001 0.00001 0.00001 0.00001 0.00001 0.00001 0.00001 0.00001 0.00001 0.00001 0.00001 0.00001 0.00001 0.00001 0.00001
0.00001 0.00001 0.00001 0.00001 0.00001 0.00001 0.00001 0.00001 0.00001 0.00001 0.00001 0.00001 0.00001 0.00001 0.00001 0.00001 0.00001 0.00001 0.00001 0.00001 0.00001 0.00001 0.00001 0.00001 0.00001 0.00001 0.00001 0.00002 0.00003 0.00005 0.00008 0.00012 0.00016 0.00019 0.00020 0.00019 0.00016 0.00012 0.00007 0.00004 0.00002 0.00001 0.00001 0.00001 0.00001 0.00001 0.00001 0.00001 0.00001 0.00001 0.00001 0.00001 0.00001 0.00001 0.00001 0.00001 0.00001 0.00001 0.00001 0.00001 0.00001 0.00001 0.00001 0.00001 0.00001 0.00001 0.00001
0.00001 0.00001 0.00001 0.00001 0.00001 0.00001 0.00001 0.00001 0.00001 0.00001 0.00001 0.00001 0.00001 0.00001 0.00001 0.00001 0.00001 0.00001 0.00001 0.00001 0.00001 0.00001 0.00001 0.00002 0.00011 0.00025 0.00042 0.00058 0.00074 0.00088 0.00101 0.00113 0.00124 0.00134 0.00143 0.00150 0.00155 0.00158 0.00159 0.00158 0.00153 0.00143 0.00125 0.00098 0.00062 0.00028 0.00008 0.00002 0.00001 0.00001 0.00001 0.00001 0.00001 0.00001 0.00001 0.00001 0.00001 0.00001 0.00001 0.00001 0.00001 0.00001 0.00001 0.00001 0.00001 0.00001 0.00001
0.00001 0.00001 0.00001 0.00001 0.00001 0.00001 0.00001 0.00001 0.00001 0.00001 0.00001 0.00001 0.00001 0.00001 0.00001 0.00001 0.00001 0.00001 0.00001 0.00001 0.00002 0.00011 0.00029 0.00051 0.00075 0.00101 0.00129 0.00158 0.00185 0.00212 0.00237 0.00261 0.00283 0.00303 0.00322 0.00339 0.00353 0.00364 0.00372 0.00377 0.00377 0.00371 0.00358 0.00337 0.00314 0.00294 0.00280 0.00268 0.00251 0.00219 0.00161 0.00081 0.00019 0.00002 0.00001 0.00001 0.00001 0.00001 0.00001 0.00001 0.00001 0.00001 0.00001 0.00001 0.00001 0.00001 0.00001
0.00001 0.00001 0.00001 0.00001 0.00001 0.00001 0.00001 0.00001 0.00001 0.00001 0.00001 0.00001 0.00001 0.00001 0.00001 0.00001 0.00001 0.00001 0.00001 0.00013 0.00038 0.00066 0.00097 0.00133 0.00172 0.00213 0.00256 0.00299 0.00342 0.00383 0.00423 0.00462 0.00498 0.00532 0.00565 0.00594 0.00621 0.00645 0.00665 0.00681 0.00692 0.00696 0.00694 0.00684 0.00671 0.00658 0.00646 0.00633 0.00614 0.00579 0.00525 0.00463 0.00418 0.00390 0.00364 0.00324 0.00247 0.00129 0.00032 0.00003 0.00001 0.00001 0.00001 0.00001 0.00001 0.00001 0.00001
0.00001 0.00001 0.00001 0.00001 0.00001 0.00001 0.00001 0.00001 0.00001 0.00001 0.00001 0.00001 0.00001 0.00001 0.00001 0.00001 0.00001 0.00005 0.00031 0.00062 0.00101 0.00146 0.00194 0.00247 0.00302 0.00361 0.00421 0.00482 0.00543 0.00603 0.00662 0.00718 0.00773 0.00826 0.00876 0.00923 0.00967 0.01008 0.01045 0.01077 0.01105 0.01126 0.01140 0.01147 0.01149 0.01148 0.01146 0.01141 0.01128 0.01101 0.01059 0.01008 0.00963 0.00926 0.00889 0.00838 0.00757 0.00656 0.00577 0.00524 0.00476 0.00404 0.00275 0.00113 0.00019 0.00002 0.00001
0.00001 0.00001 0.00001 0.00001 0.00001 0.00001 0.00001 0.00001 0.00001 0.00001 0.00001 0.00001 0.00001 0.00001 0.00001 0.00001 0.00013 0.00045 0.00085 0.00133 0.00189 0.00252 0.00320 0.00391 0.00467 0.00545 0.00626 0.00708 0.00791 0.00873 0.00954 0.01034 0.01112 0.01187 0.01260 0.01330 0.01398 0.01462 0.01522 0.01577 0.01628 0.01672 0.01710 0.01741 0.01765 0.01786 0.01802 0.01813 0.01817 0.01808 0.01785 0.01752 0.01717 0.01684 0.01648 0.01599 0.01526 0.01437 0.01353 0.01282 0.01209 0.01114 0.00980 0.00840 0.00738 0.00660 0.00565
0.00001 0.00001 0.00001 0.00001 0.00001 0.00001 0.00001 0.00001 0.00001 0.00001 0.00001 0.00001 0.00001 0.00001 0.00001 0.00022 0.00056 0.00103 0.00161 0.00227 0.00302 0.00385 0.00473 0.00567 0.00665 0.00766 0.00871 0.00978 0.01086 0.01195 0.01304 0.01412 0.01518 0.01623 0.01725 0.01826 0.01923 0.02018 0.02109 0.02196 0.02278 0.02355 0.02425 0.02489 0.02546 0.02598 0.02644 0.02683 0.02715 0.02736 0.02742 0.02738 0.02727 0.02712 0.02692 0.02659 0.02606 0.02537 0.02463 0.02390 0.02313 0.02215 0.02087 0.01949 0.01823 0.01705 0.01569
0.00001 0.00001 0.00001 0.00001 0.00001 0.00001 0.00001 0.00001 0.00001 0.00001 0.00001 0.00001 0.00001 0.00001 0.00026 0.00064 0.00117 0.00182 0.00258 0.00344 0.00440 0.00544 0.00656 0.00773 0.00897 0.01025 0.01158 0.01294 0.01432 0.01573 0.01715 0.01857 0.01999 0.02140 0.02280 0.02419 0.02557 0.02692 0.02824 0.02953 0.03079 0.03200 0.03315 0.03424 0.03527 0.03624 0.03715 0.03799 0.03875 0.03939 0.03991 0.04031 0.04061 0.04084 0.04097 0.04099 0.04083 0.04049 0.04005 0.03953 0.03892 0.03812 0.03707 0.03584 0.03458 0.03328 0.03179
0.00001 0.00001 0.00001 0.00001 0.00001 0.00001 0.00001 0.00001 0.00001 0.00001 0.00001 0.00001 0.00001 0.00026 0.00067 0.00124 0.00195 0.00279 0.00376 0.00484 0.00602 0.00731 0.00868 0.01013 0.01165 0.01324 0.01488 0.01658 0.01833 0.02011 0.02193 0.02377 0.02563 0.02751 0.02939 0.03128 0.03316 0.03505 0.03692 0.03878 0.04062 0.04242 0.04419 0.04591 0.04757 0.04918 0.05073 0.05221 0.05361 0.05491 0.05609 0.05714 0.05808 0.05892 0.05965 0.06026 0.06069 0.06095 0.06105 0.06103 0.06088 0.06054 0.05996 0.05916 0.05822 0.05715 0.05587
0.00001 0.00001 0.00001 0.00001 0.00001 0.00001 0.00001 0.00001 0.00001 0.00001 0.00001 0.00001 0.00023 0.00065 0.00125 0.00200 0.00291 0.00396 0.00515 0.00646 0.00790 0.00945 0.01111 0.01287 0.01472 0.01665 0.01867 0.02076 0.02293 0.02517 0.02747 0.02983 0.03224 0.03469 0.03718 0.03971 0.04226 0.04484 0.04743 0.05003 0.05263 0.05523 0.05781 0.06037 0.06289 0.06537 0.06780 0.07017 0.07247 0.07468 0.07679 0.07877 0.08064 0.08238 0.08401 0.08551 0.08685 0.08801 0.08900 0.08982 0.09049 0.09096 0.09120 0.09120 0.09100 0.09060 0.08996
0.00001 0.00001 0.00001 0.00001 0.00001 0.00001 0.00001 0.00001 0.00001 0.00001 0.00001 0.00017 0.00059 0.00119 0.00197 0.00292 0.00403 0.00531 0.00674 0.00832 0.01003 0.01188 0.01386 0.01596 0.01819 0.02052 0.02298 0.02554 0.02822 0.03101 0.03390 0.03689 0.03997 0.04314 0.04639 0.04972 0.05312 0.05657 0.06008 0.06364 0.06723 0.07085 0.07449 0.07813 0.08177 0.08538 0.08897 0.09252 0.09601 0.09943 0.10276 0.10598 0.10909 0.11208 0.11495 0.11768 0.12026 0.12267 0.12490 0.12695 0.12883 0.13051 0.13196 0.13316 0.13413 0.13487 0.13535
0.00001 0.00001 0.00001 0.00001 0.00001 0.00001 0.00001 0.00001 0.00001 0.00001 0.00008 0.00050 0.00109 0.00187 0.00283 0.00399 0.00533 0.00684 0.00854 0.01040 0.01242 0.01460 0.01695 0.01944 0.02210 0.02491 0.02787 0.03100 0.03429 0.03773 0.04134 0.04510 0.04901 0.05306 0.05725 0.06157 0.06601 0.07056 0.07521 0.07995 0.08478 0.08967 0.09462 0.09962 0.10464 0.10967 0.11470 0.11972 0.12470 0.12963 0.13450 0.13927 0.14393 0.14849 0.15292 0.15722 0.16138 0.16536 0.16917 0.17280 0.17624 0.17947 0.18248 0.18525 0.18776 0.19003 0.19203
0.00001 0.00001 0.00001 0.00001 0.00001 0.00001 0.00001 0.00001 0.00001 0.00002 0.00039 0.00095 0.00171 0.00268 0.00384 0.00521 0.00679 0.00856 0.01054 0.01271 0.01507 0.01763 0.02038 0.02333 0.02649 0.02985 0.03343 0.03722 0.04123 0.04547 0.04994 0.05462 0.05953 0.06465 0.06997 0.07549 0.08119 0.08706 0.09308 0.09926 0.10556 0.11198 0.11851 0.12511 0.13179 0.13851 0.14526 0.15202 0.15877 0.16549 0.17216 0.17876 0.18526 0.19165 0.19793 0.20407 0.21007 0.21591 0.22156 0.22702 0.23229 0.23734 0.24216 0.24673 0.25105 0.25509 0.25885
0.00001 0.00001 0.00001 0.00001 0.00001 0.00001 0.00001 0.00001 0.00001 0.00028 0.00079 0.00151 0.00245 0.00361 0.00499 0.00659 0.00841 0.01047 0.01275 0.01525 0.01800 0.02097 0.02419 0.02767 0.03140 0.03541 0.03970 0.04428 0.04916 0.05434 0.05982 0.06561 0.07170 0.07808 0.08474 0.09167 0.09885 0.10626 0.11390 0.12174 0.12976 0.13795 0.14629 0.15475 0.16331 0.17196 0.18066 0.18940 0.19815 0.20689 0.21559 0.22423 0.23279 0.24124 0.24957 0.25776 0.26580 0.27367 0.28135 0.28883 0.29609 0.30313 0.30991 0.31644 0.32268 0.32864 0.33429
0.00001 0.00001 0.00001 0.00001 0.00001 0.00001 0.00001 0.00001 0.00014 0.00059 0.00127 0.00217 0.00330 0.00466 0.00626 0.00811 0.01020 0.01256 0.01517 0.01805 0.02121 0.02466 0.02841 0.03249 0.03689 0.04165 0.04677 0.05227 0.05815 0.06443 0.07111 0.07818 0.08564 0.09348 0.10168 0.11023 0.11911 0.12829 0.13775 0.14748 0.15744 0.16761 0.17797 0.18849 0.19915 0.20992 0.22077 0.23168 0.24261 0.25355 0.26446 0.27531 0.28608 0.29675 0.30728 0.31768 0.32790 0.33794 0.34779 0.35740 0.36679 0.37592 0.38478 0.39336 0.40163 0.40959 0.41722
0.00001 0.00001 0.00001 0.00001 0.00001 0.00001 0.00001 0.00003 0.00041 0.00100 0.00184 0.00292 0.00424 0.00582 0.00766 0.00977 0.01216 0.01484 0.01781 0.02111 0.02474 0.02872 0.03307 0.03783 0.04301 0.04863 0.05471 0.06126 0.06831 0.07585 0.08389 0.09243 0.10145 0.11095 0.12090 0.13127 0.14205 0.15319 0.16468 0.17648 0.18857 0.20091 0.21347 0.22623 0.23916 0.25221 0.26538 0.27861 0.29188 0.30517 0.31843 0.33164 0.34477 0.35779 0.37067 0.38340 0.39595 0.40831 0.42044 0.43234 0.44398 0.45534 0.46642 0.47720 0.48765 0.49776 0.50753
0.00001 0.00001 0.00001 0.00001 0.00001 0.00001 0.00001 0.00024 0.00074 0.00149 0.00249 0.00376 0.00529 0.00709 0.00919 0.01158 0.01428 0.01731 0.02069 0.02444 0.02859 0.03318 0.03822 0.04375 0.04981 0.05641 0.06359 0.07135 0.07972 0.08870 0.09829 0.10848 0.11926 0.13060 0.14249 0.15488 0.16774 0.18104 0.19474 0.20881 0.22319 0.23787 0.25281 0.26797 0.28332 0.29883 0.31445 0.33017 0.34594 0.36172 0.37750 0.39323 0.40888 0.42443 0.43984 0.45509 0.47017 0.48503 0.49968 0.51408 0.52823 0.54210 0.55568 0.56897 0.58196 0.59464 0.60702
0.00001 0.00001 0.00001 0.00001 0.00001 0.00001 0.00007 0.00048 0.00113 0.00204 0.00322 0.00467 0.00642 0.00847 0.01083 0.01352 0.01656 0.01998 0.02381 0.02808 0.03282 0.03808 0.04390 0.05032 0.05737 0.06510 0.07352 0.08266 0.09253 0.10313 0.11445 0.12650 0.13924 0.15264 0.16667 0.18129 0.19645 0.21211 0.22822 0.24474 0.26163 0.27884 0.29635 0.31410 0.33207 0.35022 0.36851 0.38691 0.40539 0.42391 0.44243 0.46093 0.47938 0.49775 0.51600 0.53413 0.55211 0.56992 0.58757 0.60503 0.62232 0.63945 0.65644 0.67332 0.69006 0.70625 0.72167
0.00001 0.00001 0.00001 0.00001 0.00001 0.00001 0.00025 0.00078 0.00158 0.00265 0.00400 0.00566 0.00763 0.00993 0.01258 0.01560 0.01901 0.02286 0.02718 0.03203 0.03744 0.04347 0.05018 0.05761 0.06581 0.07482 0.08466 0.09537 0.10694 0.11939 0.13269 0.14683 0.16178 0.17750 0.19395 0.21106 0.22879 0.24709 0.26590 0.28516 0.30484 0.32488 0.34525 0.36591 0.38683 0.40796 0.42928 0.45076 0.47236 0.49407 0.51586 0.53770 0.55960 0.58154 0.60353 0.62558 0.64775 0.67000 0.69187 0.71310 0.73354 0.75309 0.77162 0.78901 0.80521 0.82054 0.83512
0.00001 0.00001 0.00001 0.00001 0.00001 0.00005 0.00046 0.00112 0.00206 0.00330 0.00483 0.00670 0.00890 0.01147 0.01443 0.01780 0.02162 0.02595 0.03083 0.03632 0.04250 0.04941 0.05714 0.06574 0.07526 0.08576 0.09726 0.10979 0.12335 0.13794 0.15355 0.17014 0.18768 0.20612 0.22539 0.24544 0.26621 0.28763 0.30965 0.33220 0.35525 0.37875 0.40266 0.42696 0.45163 0.47666 0.50204 0.52781 0.55400 0.58066 0.60757 0.63424 0.66046 0.68609 0.71097 0.73495 0.75786 0.77962 0.80055 0.82079 0.84036 0.85924 0.87742 0.89487 0.91159 0.92756 0.94277
0.00001 0.00001 0.00001 0.00001 0.00001 0.00017 0.00069 0.00148 0.00257 0.00397 0.00570 0.00778 0.01023 0.01308 0.01636 0.02012 0.02439 0.02925 0.03476 0.04099 0.04804 0.05599 0.06491 0.07488 0.08597 0.09823 0.11171 0.12644 0.14241 0.15963 0.17808 0.19772 0.21852 0.24042 0.26336 0.28729 0.31216 0.33792 0.36453 0.39200 0.42034 0.44962 0.47960 0.50981 0.53998 0.56995 0.59955 0.62858 0.65686 0.68416 0.71056 0.73636 0.76162 0.78633 0.81045 0.83396 0.85683 0.87904 0.90056 0.92138 0.94148 0.96085 0.97946 0.99732 1.01441 1.03072 1.04624
0.00001 0.00001 0.00001 0.00001 0.00001 0.00031 0.00093 0.00185 0.00309 0.00465 0.00658 0.00888 0.01159 0.01474 0.01837 0.02254 0.02732 0.03277 0.03899 0.04609 0.05416 0.06331 0.07366 0.08529 0.09831 0.11278 0.12877 0.14633 0.16549 0.18628 0.20871 0.23281 0.25861 0.28616 0.31541 0.34592 0.37735 0.40942 0.44186 0.47436 0.50663 0.53830 0.56936 0.60005 0.63036 0.66026 0.68971 0.71866 0.74707 0.77491 0.80214 0.82876 0.85474 0.88005 0.90469 0.92863 0.95186 0.97437 0.99614 1.01717 1.03745 1.05696 1.07572 1.09369 1.11090 1.12733 1.14297
0.00001 0.00001 0.00001 0.00001 0.00004 0.00048 0.00120 0.00224 0.00362 0.00535 0.00747 0.01000 0.01298 0.01645 0.02046 0.02509 0.03042 0.03656 0.04362 0.05173 0.06105 0.07172 0.08389 0.09774 0.11341 0.13107 0.15090 0.17291 0.19705 0.22324 0.25130 0.28101 0.31205 0.34403 0.37658 0.40974 0.44338 0.47732 0.51138 0.54539 0.57922 0.61273 0.64582 0.67842 0.71046 0.74188 0.77265 0.80273 0.83209 0.86072 0.88860 0.91574 0.94212 0.96774 0.99260 1.01670 1.04002 1.06259 1.08438 1.10541 1.12568 1.14518 1.16392 1.18190 1.19912 1.21557 1.23127
0.00001 0.00001 0.00001 0.00001 0.00014 0.00068 0.00152 0.00269 0.00422 0.00614 0.00848 0.01128 0.01458 0.01844 0.02293 0.02815 0.03421 0.04126 0.04944 0.05896 0.06999 0.08274 0.09740 0.11413 0.13302 0.15411 0.17734 0.20269 0.23008 0.25938 0.29042 0.32297 0.35680 0.39166 0.42731 0.46352 0.50007 0.53674 0.57335 0.60973 0.64572 0.68121 0.71609 0.75028 0.78372 0.81636 0.84816 0.87911 0.90919 0.93839 0.96673 0.99421 1.02083 1.04661 1.07156 1.09569 1.11902 1.14155 1.16330 1.18428 1.20450 1.22396 1.24268 1.26066 1.27790 1.29441 1.31019
0.00001 0.00001 0.00001 0.00001 0.00028 0.00091 0.00186 0.00316 0.00483 0.00692 0.00947 0.01253 0.01614 0.02039 0.02536 0.03117 0.03796 0.04590 0.05517 0.06598 0.07853 0.09304 0.10966 0.12856 0.14982 0.17348 0.19950 0.22780 0.25823 0.29059 0.32466 0.36019 0.39690 0.43454 0.47284 0.51157 0.55048 0.58937 0.62804 0.66632 0.70406 0.74114 0.77746 0.81292 0.84748 0.88109 0.91372 0.94536 0.97600 1.00566 1.03434 1.06207 1.08888 1.11477 1.13979 1.16396 1.18729 1.20982 1.23156 1.25254 1.27277 1.29226 1.31103 1.32909 1.34644 1.36310 1.37906
