tests/data/gray99/saval2D/outputs/resuqu7.asc
north:     17.44
south:      0.00
east:      60.51
west:       0.00
rows:   68
cols:  236
[rows 29 to 57 of 68, columns 65 to 129 of 236]
11.60398 11.96277 12.31593 12.66311 13.00403 13.33836 13.66585 13.98627 14.29938 14.60494 14.90273 15.19253 15.47409 15.74722 16.01169 16.26727 16.51379 16.75103 16.97877 17.19681 17.40495 17.60297 17.79068 17.96787 18.13439 18.29003 18.43465 18.56808 18.69014 18.80071 18.89964 18.98681 19.06212 19.12549 19.17684 19.21613 19.24332 19.25840 19.26136 19.25223 19.23097 19.19768 19.15243 19.09530 19.02640 18.94582 18.85368 18.75009 18.63518 18.50904 18.37183 18.22368 18.06472 17.89505 17.71489 17.52627 17.33625 17.14101 16.93877 16.72870 16.50984 16.28116 16.04152 15.78964 15.52407
12.49921 12.87285 13.24001 13.60034 13.95350 14.29921 14.63720 14.96722 15.28902 15.60239 15.90710 16.20292 16.48966 16.76711 17.03507 17.29337 17.54182 17.78022 18.00840 18.22615 18.43329 18.62964 18.81501 18.98927 19.15224 19.30377 19.44372 19.57192 19.68828 19.79263 19.88490 19.96497 20.03279 20.08829 20.13144 20.16219 20.18055 20.18652 20.18010 20.16135 20.13033 20.08709 20.03171 19.96430 19.88498 19.79385 19.69107 19.57675 19.45105 19.31410 19.16606 19.00707 18.83728 18.65681 18.46582 18.26601 18.06220 17.85254 17.63612 17.41234 17.18047 16.93966 16.68889 16.42699 16.15256
13.13041 13.51421 13.89089 14.26007 14.62140 14.97460 15.31939 15.65553 15.98278 16.30092 16.60975 16.90905 17.19864 17.47831 17.74791 18.00727 18.25623 18.49461 18.72226 18.93901 19.14467 19.33908 19.52210 19.69357 19.85336 20.00135 20.13740 20.26139 20.37320 20.47273 20.55987 20.63455 20.69673 20.74637 20.78346 20.80796 20.81989 20.81927 20.80612 20.78048 20.74245 20.69213 20.62962 20.55504 20.46852 20.37017 20.26012 20.13849 20.00544 19.86113 19.70571 19.53936 19.36221 19.17441 18.97608 18.76833 18.55459 18.33465 18.10815 17.87466 17.63362 17.38429 17.12576 16.85692 16.57644
13.47243 13.86153 14.24307 14.61667 14.98203 15.33890 15.68698 16.02598 16.35566 16.67578 16.98616 17.28661 17.57696 17.85713 18.12697 18.38629 18.63489 18.87261 19.09929 19.31476 19.51890 19.71157 19.89274 20.06224 20.21990 20.36557 20.49910 20.62037 20.72929 20.82576 20.90978 20.98134 21.04035 21.08673 21.12043 21.14143 21.14972 21.14535 21.12836 21.09892 21.05713 21.00302 20.93667 20.85817 20.76763 20.66519 20.55099 20.42522 20.28815 20.13989 19.98057 19.81032 19.62925 19.43754 19.23526 19.02309 18.80378 18.57831 18.34650 18.10801 17.86232 17.60877 17.34648 17.07435 16.79107
13.44098 13.82977 14.21098 14.58425 14.94928 15.30576 15.65344 15.99205 16.32135 16.64113 16.95121 17.25142 17.54159 17.82159 18.09126 18.35046 18.59900 18.83674 19.06352 19.27918 19.48360 19.67665 19.85821 20.02815 20.18632 20.33257 20.46677 20.58881 20.69857 20.79597 20.88094 20.95345 21.01341 21.06078 21.09550 21.11755 21.12693 21.12366 21.10779 21.07941 21.03860 20.98544 20.92001 20.84242 20.75278 20.65121 20.53788 20.41294 20.27660 20.12899 19.97028 19.80060 19.62009 19.42891 19.22716 19.01533 18.79597 18.57029 18.33821 18.09946 17.85356 17.59986 17.33752 17.06546 16.78239
13.06168 13.44455 13.82023 14.18835 14.54857 14.90061 15.24419 15.57911 15.90513 16.22206 16.52972 16.82791 17.11646 17.39522 17.66403 17.92274 18.17122 18.40932 18.63687 18.85373 19.05970 19.25461 19.43830 19.61065 19.77151 19.92077 20.05828 20.18391 20.29755 20.39907 20.48835 20.56531 20.62987 20.68199 20.72164 20.74876 20.76335 20.76541 20.75494 20.73196 20.69655 20.64879 20.58878 20.51662 20.43244 20.33636 20.22850 20.10900 19.97799 19.83563 19.68210 19.51755 19.34214 19.15602 18.95931 18.75270 18.53897 18.31876 18.09193 17.85817 17.61700 17.36775 17.10956 16.84135 16.56180
12.39848 12.77064 13.13623 13.49488 13.84629 14.19017 14.52627 14.85434 15.17418 15.48558 15.78836 16.08234 16.36733 16.64317 16.90969 17.16673 17.41413 17.65173 17.87937 18.09688 18.30412 18.50092 18.68712 18.86256 19.02705 19.18041 19.32248 19.45311 19.57216 19.67949 19.77497 19.85848 19.92994 19.98925 20.03633 20.07113 20.09360 20.10372 20.10147 20.08687 20.05996 20.02080 19.96945 19.90602 19.83059 19.74328 19.64421 19.53349 19.41128 19.27771 19.13292 18.97707 18.81031 18.63276 18.44456 18.24692 18.04342 17.83349 17.61666 17.39248 17.16039 16.91962 16.66928 16.40824 16.13518
11.47187 11.82862 12.17965 12.52460 12.86320 13.19513 13.52017 13.83807 14.14863 14.45165 14.74694 15.03433 15.31361 15.58463 15.84719 16.10111 16.34623 16.58238 16.80937 17.02702 17.23516 17.43359 17.62212 17.80059 17.96885 18.12675 18.27412 18.41078 18.53646 18.65101 18.75425 18.84603 18.92622 18.99469 19.05134 19.09607 19.12880 19.14948 19.15806 19.15453 19.13888 19.11115 19.07139 19.01965 18.95602 18.88060 18.79348 18.69476 18.58457 18.46303 18.33026 18.18641 18.03161 17.86597 17.68966 17.50437 17.31520 17.11985 16.91727 16.70682 16.48776 16.25921 16.02018 15.76949 15.50577
10.30316 10.63986 10.97188 11.29892 11.62068 11.93689 12.24727 12.55161 12.84969 13.14135 13.42638 13.70460 13.97583 14.23985 14.49648 14.74553 14.98681 15.22013 15.44530 15.66213 15.87041 16.06994 16.26053 16.44195 16.61402 16.77652 16.92928 17.07208 17.20483 17.32733 17.43940 17.54081 17.63124 17.71056 17.77859 17.83522 17.88031 17.91376 17.93550 17.94546 17.94362 17.92995 17.90448 17.86725 17.81831 17.75770 17.68553 17.60186 17.50678 17.40040 17.28282 17.15416 17.01453 16.86402 16.70283 16.53286 16.36139 16.18437 15.99980 15.80679 15.60437 15.39149 15.16703 14.92971 14.67809
8.91957 9.23163 9.54030 9.84528 10.14626 10.44298 10.73514 11.02250 11.30488 11.58210 11.85398 12.12033 12.38093 12.63557 12.88405 13.12615 13.36167 13.59042 13.81221 14.02679 14.23398 14.43355 14.62527 14.80894 14.98431 15.15117 15.30930 15.45849 15.59849 15.72909 15.85006 15.96119 16.06241 16.15347 16.23421 16.30429 16.36346 16.41155 16.44845 16.47405 16.48826 16.49103 16.48234 16.46218 16.43057 16.38754 16.33311 16.26736 16.19034 16.10210 16.00272 15.89230 15.77093 15.63864 15.49567 15.34363 15.19239 15.03668 14.87325 14.70083 14.51818 14.32404 14.11709 13.89593 13.65901
7.36578 7.64885 7.93002 8.20898 8.48543 8.75902 9.02946 9.29648 9.55990 9.81955 10.07527 10.32682 10.57398 10.81651 11.05419 11.28681 11.51415 11.73599 11.95214 12.16239 12.36649 12.56422 12.75536 12.93966 13.11690 13.28685 13.44925 13.60388 13.75048 13.88881 14.01859 14.13959 14.25152 14.35414 14.44716 14.53049 14.60402 14.66755 14.72088 14.76357 14.79549 14.81651 14.82654 14.82553 14.81344 14.79026 14.75600 14.71065 14.65423 14.58677 14.50830 14.41885 14.31852 14.20726 14.08527 13.95357 13.82399 13.69157 13.55147 13.40197 13.24149 13.06851 12.88150 12.67886 12.45893
5.71982 5.96986 6.21967 6.46890 6.71719 6.96418 7.20944 7.45268 7.69377 7.93253 8.16873 8.40217 8.63257 8.85969 9.08322 9.30300 9.51880 9.73043 9.93766 10.14029 10.33806 10.53077 10.71819 10.90010 11.07626 11.24647 11.41045 11.56796 11.71875 11.86256 11.99911 12.12813 12.24933 12.36240 12.46705 12.56298 12.64990 12.72759 12.79579 12.85461 12.90388 12.94346 12.97296 12.99203 13.00060 12.99857 12.98590 12.96253 12.92842 12.88354 12.82788 12.76144 12.68423 12.59616 12.49725 12.38788 12.28025 12.17178 12.05597 11.93053 11.79355 11.64321 11.47769 11.29519 11.09384
4.10265 4.31735 4.53257 4.74840 4.96469 5.18120 5.39736 5.61280 5.82749 6.04123 6.25379 6.46490 6.67426 6.88157 7.08653 7.28889 7.48850 7.68520 7.87875 8.06894 8.25553 8.43830 8.61704 8.79157 8.96171 9.12723 9.28791 9.44352 9.59381 9.73850 9.87738 10.01014 10.13648 10.25609 10.36864 10.47384 10.57134 10.66083 10.74204 10.81471 10.87861 10.93351 10.97952 11.01665 11.04474 11.06326 11.07183 11.07031 11.05856 11.03654 11.00413 10.96130 10.90800 10.84400 10.76908 10.68313 10.59651 10.51089 10.41867 10.31681 10.20310 10.07539 9.93157 9.76953 9.58714
2.48780 2.68301 2.88714 3.09831 3.31396 3.52738 3.72713 3.91923 4.10714 4.29276 4.47710 4.66059 4.84326 5.02500 5.20550 5.38447 5.56183 5.73744 5.91110 6.08255 6.25161 6.41800 6.58153 6.74207 6.89947 7.05356 7.20414 7.35100 7.49392 7.63269 7.76708 7.89682 8.02164 8.14124 8.25528 8.36348 8.46550 8.56099 8.64964 8.73115 8.80529 8.87182 8.93050 8.98108 9.02333 9.05743 9.08343 9.10105 9.10925 9.10797 9.09700 9.07624 9.04552 9.00448 8.95256 8.88941 8.82172 8.75587 8.68444 8.60359 8.51083 8.40370 8.27970 8.13633 7.97108
1.63052 1.70768 1.78844 1.87374 1.96564 2.07054 2.19994 2.34718 2.50722 2.67654 2.85251 3.03283 3.21468 3.39266 3.55792 3.71470 3.86689 4.01635 4.16399 4.31013 4.45481 4.59798 4.73933 4.87883 5.01634 5.15175 5.28485 5.41547 5.54341 5.66854 5.79065 5.90950 6.02483 6.13638 6.24388 6.34703 6.44553 6.53903 6.62723 6.70987 6.78671 6.85751 6.92200 6.97994 7.03107 7.07516 7.11191 7.14107 7.16319 7.17773 7.18355 7.18060 7.16859 7.14679 7.11429 7.07054 7.01875 6.96753 6.91182 6.84697 6.77025 6.67879 6.56964 6.43977 6.28606
1.19539 1.24580 1.29753 1.35063 1.40519 1.46129 1.51906 1.57868 1.64038 1.70455 1.77178 1.84315 1.92076 2.00951 2.11778 2.24048 2.37226 2.50974 2.65039 2.79179 2.93057 3.06075 3.18155 3.29741 3.41046 3.52162 3.63120 3.73926 3.84576 3.95056 4.05350 4.15441 4.25301 4.34909 4.44245 4.53278 4.61978 4.70313 4.78255 4.85788 4.92898 4.99561 5.05751 5.11442 5.16614 5.21249 5.25320 5.28789 5.31616 5.33762 5.35293 5.36129 5.36169 5.35285 5.33353 5.30296 5.26232 5.21870 5.17104 5.11431 5.04520 4.96035 4.85624 4.72918 4.57531
0.87396 0.90730 0.94123 0.97577 1.01092 1.04671 1.08314 1.12024 1.15802 1.19653 1.23580 1.27589 1.31687 1.35885 1.40200 1.44654 1.49281 1.54135 1.59305 1.64940 1.71314 1.78956 1.87873 1.97502 2.07504 2.17639 2.27687 2.37377 2.46347 2.54712 2.62772 2.70633 2.78330 2.85867 2.93238 3.00415 3.07361 3.14038 3.20429 3.26532 3.32342 3.37839 3.42992 3.47781 3.52201 3.56249 3.59901 3.63116 3.65853 3.68075 3.69736 3.70852 3.71271 3.70764 3.69223 3.66585 3.62883 3.58462 3.53477 3.47466 3.40016 3.30748 3.19308 3.05353 2.88485
0.63150 0.65288 0.67445 0.69621 0.71816 0.74028 0.76259 0.78506 0.80771 0.83052 0.85350 0.87664 0.89996 0.92346 0.94715 0.97105 0.99520 1.01964 1.04444 1.06973 1.09560 1.12225 1.14998 1.17922 1.21058 1.24490 1.28349 1.32844 1.38272 1.44434 1.50907 1.57442 1.63863 1.70006 1.75685 1.80901 1.85833 1.90516 1.94970 1.99223 2.03288 2.07132 2.10713 2.14013 2.17060 2.19885 2.22475 2.24772 2.26723 2.28299 2.29442 2.29957 2.29548 2.28187 2.25895 2.22626 2.18305 2.12948 2.06659 1.99138 1.89944 1.78688 1.65081 1.49090 1.31223
0.44890 0.46185 0.47475 0.48760 0.50037 0.51307 0.52567 0.53817 0.55055 0.56282 0.57494 0.58692 0.59873 0.61038 0.62186 0.63317 0.64428 0.65520 0.66596 0.67658 0.68704 0.69736 0.70763 0.71796 0.72842 0.73906 0.74999 0.76154 0.77415 0.78817 0.80388 0.82170 0.84250 0.86753 0.89793 0.93228 0.96681 0.99950 1.02950 1.05652 1.08028 1.10143 1.11981 1.13537 1.14900 1.16168 1.17338 1.18289 1.18890 1.19043 1.18489 1.16792 1.14412 1.11648 1.08397 1.04397 0.99350 0.93079 0.85603 0.77108 0.67856 0.58334 0.49098 0.40614 0.33038
0.31283 0.31997 0.32692 0.33368 0.34022 0.34655 0.35264 0.35847 0.36404 0.36934 0.37435 0.37904 0.38341 0.38745 0.39117 0.39453 0.39749 0.40008 0.40233 0.40422 0.40567 0.40669 0.40736 0.40779 0.40792 0.40763 0.40693 0.40613 0.40548 0.40499 0.40438 0.40355 0.40295 0.40339 0.40525 0.40822 0.41155 0.41499 0.41938 0.42610 0.43541 0.44448 0.45030 0.45147 0.44890 0.44514 0.44156 0.43576 0.42384 0.40449 0.38181 0.36046 0.33859 0.31441 0.28751 0.25810 0.22668 0.19416 0.16188 0.13170 0.10501 0.08234 0.06351 0.04798 0.03507
0.21297 0.21627 0.21931 0.22210 0.22463 0.22688 0.22883 0.23046 0.23179 0.23280 0.23347 0.23378 0.23371 0.23330 0.23254 0.23136 0.22974 0.22773 0.22539 0.22266 0.21943 0.21570 0.21165 0.20737 0.20274 0.19747 0.19165 0.18570 0.17990 0.17404 0.16754 0.16014 0.15253 0.14565 0.13968 0.13387 0.12707 0.11875 0.10989 0.10227 0.09674 0.09251 0.08785 0.08127 0.07266 0.06320 0.05436 0.04746 0.04274 0.03955 0.03647 0.03325 0.02981 0.02616 0.02238 0.01857 0.01488 0.01146 0.00846 0.00603 0.00419 0.00286 0.00189 0.00120 0.00071
0.14104 0.14195 0.14260 0.14299 0.14312 0.14299 0.14256 0.14183 0.14082 0.13953 0.13794 0.13599 0.13374 0.13121 0.12841 0.12525 0.12170 0.11790 0.11391 0.10965 0.10493 0.09984 0.09468 0.08956 0.08420 0.07825 0.07190 0.06584 0.06031 0.05491 0.04892 0.04209 0.03541 0.03003 0.02586 0.02208 0.01784 0.01287 0.00796 0.00435 0.00239 0.00149 0.00106 0.00082 0.00066 0.00056 0.00049 0.00045 0.00042 0.00039 0.00036 0.00032 0.00027 0.00023 0.00018 0.00014 0.00010 0.00006 0.00004 0.00002 0.00001 0.00001 0.00000 0.00000 0.00000
0.09030 0.08987 0.08921 0.08832 0.08723 0.08593 0.08437 0.08257 0.08057 0.07838 0.07596 0.07327 0.07038 0.06737 0.06423 0.06080 0.05712 0.05340 0.04974 0.04597 0.04184 0.03756 0.03357 0.02994 0.02628 0.02214 0.01786 0.01437 0.01179 0.00955 0.00702 0.00403 0.00147 0.00030 0.00005 0.00002 0.00001 0.00001 0.00000 0.00000 0.00000 0.00000 0.00000 0.00000 0.00000 0.00000 0.00000 0.00000 0.00000 0.00000 0.00000 0.00000 0.00000 0.00000 0.00000 0.00000 0.00000 0.00000 0.00000 0.00000 0.00000 0.00000 0.00000 0.00000 0.00000
0.05539 0.05434 0.05310 0.05170 0.05018 0.04851 0.04665 0.04462 0.04251 0.04033 0.03800 0.03548 0.03289 0.03038 0.02786 0.02514 0.02229 0.01964 0.01727 0.01492 0.01228 0.00964 0.00761 0.00612 0.00471 0.00297 0.00113 0.00017 0.00001 0.00000 0.00000 0.00000 0.00000 0.00000 0.00000 0.00000 0.00000 0.00000 0.00000 0.00000 0.00000 0.00000 0.00000 0.00000 0.00000 0.00000 0.00000 0.00000 0.00000 0.00000 0.00000 0.00000 0.00000 0.00000 0.00000 0.00000 0.00000 0.00000 0.00000 0.00000 0.00000 0.00000 0.00000 0.00000 0.00000
0.03208 0.03087 0.02953 0.02810 0.02665 0.02512 0.02343 0.02167 0.01994 0.01826 0.01648 0.01457 0.01274 0.01113 0.00961 0.00793 0.00617 0.00480 0.00382 0.00291 0.00177 0.00061 0.00007 0.00000 0.00000 0.00000 0.00000 0.00000 0.00000 0.00000 0.00000 0.00000 0.00000 0.00000 0.00000 0.00000 0.00000 0.00000 0.00000 0.00000 0.00000 0.00000 0.00000 0.00000 0.00000 0.00000 0.00000 0.00000 0.00000 0.00000 0.00000 0.00000 0.00000 0.00000 0.00000 0.00000 0.00000 0.00000 0.00000 0.00000 0.00000 0.00000 0.00000 0.00000 0.00000
0.01714 0.01606 0.01487 0.01370 0.01257 0.01142 0.01015 0.00886 0.00772 0.00671 0.00563 0.00442 0.00339 0.00268 0.00208 0.00135 0.00053 0.00008 0.00000 0.00000 0.00000 0.00000 0.00000 0.00000 0.00000 0.00000 0.00000 0.00000 0.00000 0.00000 0.00000 0.00000 0.00000 0.00000 0.00000 0.00000 0.00000 0.00000 0.00000 0.00000 0.00000 0.00000 0.00000 0.00000 0.00000 0.00000 0.00000 0.00000 0.00000 0.00000 0.00000 0.00000 0.00000 0.00000 0.00000 0.00000 0.00000 0.00000 0.00000 0.00000 0.00000 0.00000 0.00000 0.00000 0.00000
0.00811 0.00728 0.00639 0.00557 0.00487 0.00418 0.00337 0.00257 0.00201 0.00160 0.00114 0.00055 0.00012 0.00001 0.00000 0.00000 0.00000 0.00000 0.00000 0.00000 0.00000 0.00000 0.00000 0.00000 0.00000 0.00000 0.00000 0.00000 0.00000 0.00000 0.00000 0.00000 0.00000 0.00000 0.00000 0.00000 0.00000 0.00000 0.00000 0.00000 0.00000 0.00000 0.00000 0.00000 0.00000 0.00000 0.00000 0.00000 0.00000 0.00000 0.00000 0.00000 0.00000 0.00000 0.00000 0.00000 0.00000 0.00000 0.00000 0.00000 0.00000 0.00000 0.00000 0.00000 0.00000
0.00312 0.00259 0.00201 0.00155 0.00125 0.00096 0.00057 0.00017 0.00002 0.00000 0.00000 0.00000 0.00000 0.00000 0.00000 0.00000 0.00000 0.00000 0.00000 0.00000 0.00000 0.00000 0.00000 0.00000 0.00000 0.00000 0.00000 0.00000 0.00000 0.00000 0.00000 0.00000 0.00000 0.00000 0.00000 0.00000 0.00000 0.00000 0.00000 0.00000 0.00000 0.00000 0.00000 0.00000 0.00000 0.00000 0.00000 0.00000 0.00000 0.00000 0.00000 0.00000 0.00000 0.00000 0.00000 0.00000 0.00000 0.00000 0.00000 0.00000 0.00000 0.00000 0.00000 0.00000 0.00000
0.00078 0.00053 0.00022 0.00003 0.00000 0.00000 0.00000 0.00000 0.00000 0.00000 0.00000 0.00000 0.00000 0.00000 0.00000 0.00000 0.00000 0.00000 0.00000 0.00000 0.00000 0.00000 0.00000 0.00000 0.00000 0.00000 0.00000 0.00000 0.00000 0.00000 0.00000 0.00000 0.00000 0.00000 0.00000 0.00000 0.00000 0.00000 0.00000 0.00000 0.00000 0.00000 0.00000 0.00000 0.00000 0.00000 0.00000 0.00000 0.00000 0.00000 0.00000 0.00000 0.00000 0.00000 0.00000 0.00000 0.00000 0.00000 0.00000 0.00000 0.00000 0.00000 0.00000 0.00000 0.00000
