tests/data/gray99/saval2D/outputs/resuh2.asc
north:     17.44
south:      0.00
east:      60.51
west:       0.00
rows:   68
cols:  236
[rows 0 to 28 of 68, columns 0 to 66 of 236]
0.00001 0.00001 0.00001 0.00001 0.00001 0.00001 0.00001 0.00001 0.00001 0.00001 0.00001 0.00001 0.00001 0.00001 0.00001 0.00001 0.00001 0.00001 0.00001 0.00001 0.00001 0.00001 0.00001 0.00001 0.00001 0.00001 0.00001 0.00001 0.00001 0.00001 0.00001 0.00001 0.00001 0.00001 0.00001 0.00001 0.00001 0.00001 0.00001 0.00001 0.00001 0.00001 0.00001 0.00001 0.00001 0.00001 0.00001 0.00001 0.00001 0.00001 0.00001 0.00001 0.00001 0.00001 0.00001 0.00001 0.00001 0.00001 0.00001 0.00001 0.00001 0.00001 0.00001 0.00001 0.00001 0.00001 0.00001
0.00001 0.00001 0.00001 0.00001 0.00001 0.00001 0.00001 0.00001 0.00001 0.00001 0.00001 0.00001 0.00001 0.00001 0.00001 0.00001 0.00001 0.00001 0.00001 0.00001 0.00001 0.00001 0.00001 0.00001 0.00001 0.00001 0.00001 0.00001 0.00001 0.00001 0.00001 0.00001 0.00001 0.00001 0.00001 0.00001 0.00001 0.00001 0.00001 0.00001 0.00001 0.00001 0.00001 0.00001 0.00001 0.00001 0.00001 0.00001 0.00001 0.00001 0.00001 0.00001 0.00001 0.00001 0.00001 0.00001 0.00001 0.00001 0.00001 0.00001 0.00001 0.00001 0.00001 0.00001 0.00001 0.00001 0.00001
0.00001 0.00001 0.00001 0.00001 0.00001 0.00001 0.00001 0.00001 0.00001 0.00001 0.00001 0.00001 0.00001 0.00001 0.00001 0.00001 0.00001 0.00001 0.00001 0.00001 0.00001 0.00001 0.00001 0.00001 0.00001 0.00001 0.00001 0.00001 0.00001 0.00001 0.00001 0.00001 0.00001 0.00001 0.00001 0.00001 0.00001 0.00001 0.00001 0.00001 0.00001 0.00001 0.00001 0.00001 0.00001 0.00001 0.00001 0.00001 0.00001 0.00001 0.00001 0.00001 0.00001 0.00001 0.00001 0.00001 0.00001 0.00001 0.00001 0.00001 0.00001 0.00001 0.00001 0.00001 0.00001 0.00001 0.00001
0.00001 0.00001 0.00001 0.00001 0.00001 0.00001 0.00001 0.00001 0.00001 0.00001 0.00001 0.00001 0.00001 0.00001 0.00001 0.00001 0.00001 0.00001 0.00001 0.00001 0.00001 0.00001 0.00001 0.00001 0.00001 0.00001 0.00001 0.00001 0.00001 0.00001 0.00001 0.00001 0.00001 0.00001 0.00001 0.00001 0.00001 0.00001 0.00001 0.00001 0.00001 0.00001 0.00001 0.00001 0.00001 0.00001 0.00001 0.00001 0.00001 0.00001 0.00001 0.00001 0.00001 0.00001 0.00001 0.00001 0.00001 0.00001 0.00001 0.00001 0.00001 0.00001 0.00001 0.00001 0.00001 0.00001 0.00001
0.00001 0.00001 0.00001 0.00001 0.00001 0.00001 0.00001 0.00001 0.00001 0.00001 0.00001 0.00001 0.00001 0.00001 0.00001 0.00001 0.00001 0.00001 0.00001 0.00001 0.00001 0.00001 0.00001 0.00001 0.00001 0.00001 0.00001 0.00002 0.00003 0.00005 0.00007 0.00011 0.00015 0.00016 0.00014 0.00009 0.00005 0.00002 0.00001 0.00001 0.00001 0.00001 0.00001 0.00001 0.00001 0.00001 0.00001 0.00001 0.00001 0.00001 0.00001 0.00001 0.00001 0.00001 0.00001 0.00001 0.00001 0.00001 0.00001 0.00001 0.00001 0.00001 0.00001 0.00001 0.00001 0.00001 0.00001
0.00001 0.00001 0.00001 0.00001 0.00001 0.00001 0.00001 0.00001 0.00001 0.00001 0.00001 0.00001 0.00001 0.00001 0.00001 0.00001 0.00001 0.00001 0.00001 0.00001 0.00001 0.00001 0.00001 0.00003 0.00015 0.00061 0.00149 0.00244 0.00346 0.00463 0.00604 0.00757 0.00884 0.00937 0.00879 0.00711 0.00488 0.00284 0.00139 0.00057 0.00019 0.00006 0.00002 0.00001 0.00001 0.00001 0.00001 0.00001 0.00001 0.00001 0.00001 0.00001 0.00001 0.00001 0.00001 0.00001 0.00001 0.00001 0.00001 0.00001 0.00001 0.00001 0.00001 0.00001 0.00001 0.00001 0.00001
0.00001 0.00001 0.00001 0.00001 0.00001 0.00001 0.00001 0.00001 0.00001 0.00001 0.00001 0.00001 0.00001 0.00001 0.00001 0.00001 0.00001 0.00001 0.00001 0.00001 0.00002 0.00014 0.00069 0.00270 0.00681 0.01366 0.02188 0.02918 0.03584 0.04267 0.04994 0.05714 0.06317 0.06665 0.06630 0.06130 0.05215 0.04052 0.02852 0.01797 0.00995 0.00472 0.00184 0.00057 0.00013 0.00003 0.00001 0.00001 0.00001 0.00001 0.00001 0.00001 0.00001 0.00001 0.00001 0.00001 0.00001 0.00001 0.00001 0.00001 0.00001 0.00001 0.00001 0.00001 0.00001 0.00001 0.00001
0.00001 0.00001 0.00001 0.00001 0.00001 0.00001 0.00001 0.00001 0.00001 0.00001 0.00001 0.00001 0.00001 0.00001 0.00001 0.00001 0.00001 0.00001 0.00001 0.00020 0.00171 0.00556 0.01285 0.02622 0.04446 0.06696 0.08947 0.10791 0.12383 0.13883 0.15338 0.16689 0.17807 0.18536 0.18720 0.18220 0.17020 0.15208 0.12935 0.10393 0.07796 0.05367 0.03305 0.01755 0.00765 0.00257 0.00061 0.00010 0.00002 0.00001 0.00001 0.00001 0.00001 0.00001 0.00001 0.00001 0.00001 0.00001 0.00001 0.00001 0.00001 0.00001 0.00001 0.00001 0.00001 0.00001 0.00001
0.00001 0.00001 0.00001 0.00001 0.00001 0.00001 0.00001 0.00001 0.00001 0.00001 0.00001 0.00001 0.00001 0.00001 0.00001 0.00001 0.00001 0.00005 0.00112 0.00639 0.01874 0.03721 0.06173 0.09451 0.13087 0.16863 0.20199 0.22793 0.25060 0.27127 0.29005 0.30642 0.31949 0.32819 0.33136 0.32780 0.31761 0.30126 0.27915 0.25166 0.21938 0.18318 0.14449 0.10548 0.06921 0.03916 0.01804 0.00626 0.00148 0.00021 0.00002 0.00001 0.00001 0.00001 0.00001 0.00001 0.00001 0.00001 0.00001 0.00001 0.00001 0.00001 0.00001 0.00001 0.00001 0.00001 0.00001
0.00001 0.00001 0.00001 0.00001 0.00001 0.00001 0.00001 0.00001 0.00001 0.00001 0.00001 0.00001 0.00001 0.00001 0.00001 0.00001 0.00018 0.00296 0.01425 0.03812 0.07368 0.11409 0.15738 0.20544 0.25185 0.29531 0.33066 0.35775 0.38255 0.40505 0.42473 0.44111 0.45366 0.46181 0.46490 0.46204 0.45400 0.44143 0.42442 0.40270 0.37586 0.34348 0.30520 0.26098 0.21149 0.15879 0.10693 0.06170 0.02860 0.00972 0.00213 0.00026 0.00002 0.00001 0.00001 0.00001 0.00001 0.00001 0.00001 0.00001 0.00001 0.00001 0.00001 0.00001 0.00001 0.00001 0.00001
0.00001 0.00001 0.00001 0.00001 0.00001 0.00001 0.00001 0.00001 0.00001 0.00001 0.00001 0.00001 0.00001 0.00001 0.00001 0.00042 0.00522 0.02371 0.06052 0.11172 0.17028 0.22618 0.27913 0.33138 0.37801 0.41921 0.45168 0.47709 0.50122 0.52310 0.54195 0.55729 0.56873 0.57593 0.57851 0.57579 0.56906 0.55918 0.54627 0.53002 0.50985 0.48505 0.45484 0.41835 0.37469 0.32316 0.26386 0.19884 0.13331 0.07547 0.03350 0.01046 0.00196 0.00018 0.00001 0.00001 0.00001 0.00001 0.00001 0.00001 0.00001 0.00001 0.00001 0.00001 0.00001 0.00001 0.00001
0.00001 0.00001 0.00001 0.00001 0.00001 0.00001 0.00001 0.00001 0.00001 0.00001 0.00001 0.00001 0.00001 0.00001 0.00062 0.00785 0.03290 0.08259 0.14841 0.21774 0.28486 0.34427 0.39799 0.44738 0.49063 0.52762 0.55708 0.58094 0.60351 0.62397 0.64160 0.65590 0.66649 0.67307 0.67536 0.67276 0.66680 0.65838 0.64771 0.63463 0.61869 0.59930 0.57579 0.54738 0.51310 0.47175 0.42197 0.36256 0.29342 0.21713 0.14070 0.07507 0.03019 0.00802 0.00115 0.00007 0.00001 0.00001 0.00001 0.00001 0.00001 0.00001 0.00001 0.00001 0.00001 0.00001 0.00001
0.00001 0.00001 0.00001 0.00001 0.00001 0.00001 0.00001 0.00001 0.00001 0.00001 0.00001 0.00001 0.00001 0.00068 0.00954 0.04258 0.10298 0.17804 0.25451 0.32601 0.39130 0.44879 0.50024 0.54629 0.58664 0.62084 0.64851 0.67153 0.69273 0.71194 0.72860 0.74222 0.75239 0.75880 0.76118 0.75896 0.75361 0.74591 0.73620 0.72448 0.71050 0.69383 0.67405 0.65064 0.62299 0.59018 0.55093 0.50355 0.44622 0.37751 0.29776 0.21123 0.12785 0.06127 0.02084 0.00425 0.00040 0.00002 0.00001 0.00001 0.00001 0.00001 0.00001 0.00001 0.00001 0.00001 0.00001
0.00001 0.00001 0.00001 0.00001 0.00001 0.00001 0.00001 0.00001 0.00001 0.00001 0.00001 0.00001 0.00057 0.01012 0.04893 0.11848 0.19970 0.27982 0.35398 0.42120 0.48209 0.53661 0.58586 0.62994 0.66893 0.70222 0.72950 0.75237 0.77285 0.79135 0.80751 0.82090 0.83108 0.83773 0.84052 0.83894 0.83423 0.82699 0.81763 0.80632 0.79293 0.77721 0.75891 0.73782 0.71365 0.68589 0.65370 0.61576 0.57028 0.51510 0.44808 0.36813 0.27723 0.18289 0.09898 0.04001 0.01048 0.00142 0.00008 0.00001 0.00001 0.00001 0.00001 0.00001 0.00001 0.00001 0.00001
0.00001 0.00001 0.00001 0.00001 0.00001 0.00001 0.00001 0.00001 0.00001 0.00001 0.00001 0.00034 0.00938 0.05048 0.12500 0.21222 0.29539 0.37051 0.43887 0.50134 0.55850 0.61079 0.65880 0.70233 0.74140 0.77517 0.80324 0.82663 0.84706 0.86537 0.88147 0.89498 0.90551 0.91267 0.91613 0.91540 0.91141 0.90458 0.89541 0.88416 0.87077 0.85510 0.83706 0.81663 0.79379 0.76839 0.73999 0.70774 0.67033 0.62592 0.57220 0.50666 0.42737 0.33471 0.23403 0.13781 0.06283 0.01962 0.00345 0.00025 0.00001 0.00001 0.00001 0.00001 0.00001 0.00001 0.00001
0.00001 0.00001 0.00001 0.00001 0.00001 0.00001 0.00001 0.00001 0.00001 0.00001 0.00012 0.00719 0.04700 0.12331 0.21316 0.30001 0.37752 0.44654 0.51008 0.56922 0.62414 0.67531 0.72305 0.76704 0.80719 0.84243 0.87214 0.89669 0.91762 0.93616 0.95249 0.96636 0.97741 0.98523 0.98948 0.98970 0.98653 0.98020 0.97126 0.96002 0.94647 0.93052 0.91221 0.89165 0.86901 0.84434 0.81753 0.78814 0.75533 0.71777 0.67360 0.62047 0.55567 0.47680 0.38318 0.27855 0.17381 0.08620 0.03040 0.00643 0.00062 0.00003 0.00001 0.00001 0.00001 0.00001 0.00001
0.00001 0.00001 0.00001 0.00001 0.00001 0.00001 0.00001 0.00001 0.00001 0.00003 0.00431 0.03891 0.11407 0.20484 0.29302 0.37317 0.44487 0.50984 0.57071 0.62824 0.68232 0.73339 0.78160 0.82670 0.86862 0.90608 0.93813 0.96447 0.98636 1.00539 1.02208 1.03637 1.04796 1.05648 1.06157 1.06280 1.06053 1.05482 1.04624 1.03507 1.02132 1.00501 0.98625 0.96527 0.94233 0.91763 0.89123 0.86296 0.83235 0.79853 0.76019 0.71549 0.66205 0.59710 0.51793 0.42325 0.31565 0.20473 0.10753 0.04123 0.00987 0.00114 0.00005 0.00001 0.00001 0.00001 0.00001
0.00001 0.00001 0.00001 0.00001 0.00001 0.00001 0.00001 0.00001 0.00001 0.00183 0.02769 0.09789 0.18880 0.27727 0.35826 0.43201 0.50006 0.56343 0.62367 0.68116 0.73564 0.78745 0.83667 0.88330 0.92753 0.96804 1.00330 1.03230 1.05572 1.07543 1.09240 1.10693 1.11893 1.12809 1.13403 1.13629 1.13501 1.13006 1.12194 1.11089 1.09695 1.08023 1.06096 1.03944 1.01601 0.99094 0.96438 0.93630 0.90646 0.87431 0.83899 0.79919 0.75312 0.69842 0.63230 0.55192 0.45558 0.34515 0.22934 0.12493 0.05055 0.01311 0.00172 0.00008 0.00001 0.00001 0.00001
0.00001 0.00001 0.00001 0.00001 0.00001 0.00001 0.00001 0.00001 0.00045 0.01591 0.07605 0.16540 0.25514 0.33577 0.40997 0.47950 0.54618 0.61001 0.67138 0.73029 0.78638 0.83985 0.89076 0.93992 0.98897 1.03811 1.08571 1.12934 1.16723 1.19962 1.22696 1.24958 1.26765 1.28124 1.29030 1.29475 1.29489 1.29064 1.28251 1.27058 1.25477 1.23511 1.21180 1.18519 1.15573 1.12389 1.09006 1.05456 1.01755 0.97898 0.93854 0.89557 0.84891 0.79683 0.73700 0.66650 0.58227 0.48225 0.36784 0.24727 0.13722 0.05713 0.01547 0.00217 0.00011 0.00001 0.00001
0.00001 0.00001 0.00001 0.00001 0.00001 0.00001 0.00001 0.00005 0.00663 0.05107 0.13519 0.22650 0.30899 0.38178 0.45100 0.51858 0.58591 0.65207 0.71659 0.77957 0.84139 0.90261 0.96244 1.01985 1.07490 1.12803 1.17924 1.22739 1.27076 1.30874 1.34130 1.36851 1.39048 1.40727 1.41893 1.42546 1.42716 1.42399 1.41641 1.40444 1.38795 1.36693 1.34156 1.31223 1.27943 1.24373 1.20566 1.16564 1.12402 1.08098 1.03651 0.99034 0.94185 0.88994 0.83291 0.76840 0.69345 0.60486 0.50044 0.38154 0.25658 0.14266 0.05966 0.01629 0.00232 0.00012 0.00001
0.00001 0.00001 0.00001 0.00001 0.00001 0.00001 0.00001 0.00164 0.02734 0.09949 0.19114 0.27701 0.35178 0.41816 0.48417 0.55198 0.62236 0.69376 0.76475 0.83446 0.90242 0.96881 1.03339 1.09553 1.15475 1.21094 1.26427 1.31439 1.36020 1.40095 1.43647 1.46662 1.49135 1.51065 1.52451 1.53292 1.53616 1.53418 1.52739 1.51575 1.49914 1.47752 1.45106 1.42017 1.38540 1.34742 1.30685 1.26423 1.21998 1.17438 1.12757 1.07948 1.02978 0.97777 0.92229 0.86153 0.79305 0.71369 0.62017 0.51036 0.38607 0.25676 0.14060 0.05762 0.01531 0.00210 0.00011
0.00001 0.00001 0.00001 0.00001 0.00001 0.00001 0.00017 0.01011 0.06177 0.14896 0.23892 0.31806 0.38637 0.44763 0.51133 0.57998 0.65339 0.72955 0.80632 0.88206 0.95565 1.02678 1.09518 1.16067 1.22299 1.28185 1.33732 1.38926 1.43699 1.47978 1.51748 1.54987 1.57679 1.59817 1.61395 1.62409 1.62880 1.62803 1.62214 1.61106 1.59468 1.57294 1.54599 1.51422 1.47824 1.43879 1.39657 1.35221 1.30621 1.25894 1.21061 1.16128 1.11077 1.05863 1.00402 0.94558 0.88131 0.80845 0.72365 0.62354 0.50647 0.37566 0.24275 0.12763 0.04941 0.01210 0.00146
0.00001 0.00001 0.00001 0.00001 0.00001 0.00001 0.00192 0.02876 0.10155 0.19346 0.27923 0.35322 0.41784 0.47716 0.54192 0.61395 0.69077 0.76969 0.84893 0.92733 1.00382 1.07783 1.14890 1.21683 1.28150 1.34261 1.40008 1.45381 1.50333 1.54793 1.58749 1.62177 1.65058 1.67378 1.69127 1.70300 1.70909 1.70953 1.70457 1.69418 1.67826 1.65672 1.62967 1.59746 1.56074 1.52026 1.47681 1.43111 1.38373 1.33513 1.28559 1.23524 1.18402 1.13164 1.07746 1.02044 0.95895 0.89067 0.81252 0.72091 0.61269 0.48728 0.35024 0.21620 0.10647 0.03754 0.00801
0.00001 0.00001 0.00001 0.00001 0.00001 0.00010 0.00785 0.05450 0.13971 0.23119 0.31259 0.38267 0.44478 0.50297 0.56894 0.64435 0.72470 0.80650 0.88791 0.96813 1.04645 1.12240 1.19544 1.26531 1.33190 1.39491 1.45420 1.50964 1.56085 1.60713 1.64837 1.68435 1.71485 1.73968 1.75873 1.77191 1.77932 1.78091 1.77691 1.76727 1.75192 1.73077 1.70386 1.67151 1.63431 1.59307 1.54863 1.50179 1.45321 1.40342 1.35278 1.30147 1.24953 1.19678 1.14273 1.08656 1.02694 0.96190 0.88870 0.80389 0.70378 0.58581 0.45137 0.30951 0.17841 0.07962 0.02433
0.00001 0.00001 0.00001 0.00001 0.00001 0.00071 0.01865 0.08249 0.17383 0.26342 0.34146 0.40885 0.46917 0.52621 0.59255 0.67020 0.75333 0.83778 0.92141 1.00344 1.08339 1.16093 1.23561 1.30713 1.37536 1.44003 1.50096 1.55797 1.61074 1.65858 1.70137 1.73889 1.77090 1.79722 1.81769 1.83221 1.84083 1.84351 1.84043 1.83156 1.81682 1.79615 1.76953 1.73720 1.69972 1.65790 1.61263 1.56478 1.51511 1.46422 1.41253 1.36031 1.30765 1.25443 1.20032 1.14464 1.08628 1.02356 0.95407 0.87460 0.78138 0.67090 0.54203 0.39935 0.25637 0.13433 0.05222
0.00001 0.00001 0.00001 0.00001 0.00001 0.00226 0.03221 0.10739 0.19963 0.28608 0.36129 0.42703 0.48666 0.54351 0.61075 0.69070 0.77647 0.86348 0.94936 1.03328 1.11486 1.19391 1.27005 1.34303 1.41271 1.47885 1.54124 1.59968 1.65387 1.70313 1.74732 1.78623 1.81962 1.84728 1.86903 1.88478 1.89451 1.89820 1.89598 1.88784 1.87372 1.85355 1.82729 1.79510 1.75746 1.71517 1.66919 1.62044 1.56978 1.51788 1.46522 1.41213 1.35876 1.30506 1.25076 1.19533 1.13782 1.07678 1.01009 0.93483 0.84734 0.74375 0.62141 0.48174 0.33383 0.19598 0.09023
0.00001 0.00001 0.00001 0.00001 0.00006 0.00673 0.05182 0.13446 0.22456 0.30649 0.37813 0.44182 0.50060 0.55730 0.62535 0.70721 0.79527 0.88456 0.97253 1.05826 1.14142 1.22187 1.29935 1.37365 1.44463 1.51206 1.57574 1.63545 1.69091 1.74144 1.78689 1.82704 1.86166 1.89051 1.91342 1.93026 1.94100 1.94561 1.94418 1.93670 1.92316 1.90348 1.87760 1.84560 1.80788 1.76522 1.71860 1.66906 1.61751 1.56469 1.51116 1.45728 1.40324 1.34905 1.29451 1.23916 1.18221 1.12239 1.05782 0.98585 0.90302 0.80538 0.68945 0.55451 0.40608 0.25881 0.13456
0.00001 0.00001 0.00001 0.00001 0.00045 0.01581 0.07586 0.16312 0.25037 0.32777 0.39555 0.45657 0.51375 0.56966 0.63786 0.72089 0.81069 0.90186 0.99164 1.07901 1.16361 1.24535 1.32404 1.39951 1.47163 1.54019 1.60500 1.66583 1.72240 1.77404 1.82059 1.86184 1.89754 1.92744 1.95137 1.96917 1.98080 1.98621 1.98548 1.97860 1.96558 1.94635 1.92083 1.88903 1.85127 1.80830 1.76115 1.71090 1.65856 1.60493 1.55062 1.49604 1.44139 1.38673 1.33190 1.27652 1.21990 1.16092 1.09791 1.02846 0.94934 0.85666 0.74656 0.61697 0.47071 0.31891 0.18150
0.00001 0.00001 0.00001 0.00001 0.00145 0.02676 0.09734 0.18705 0.27225 0.34654 0.41144 0.47018 0.52577 0.58071 0.64871 0.73236 0.82337 0.91602 1.00729 1.09606 1.18193 1.26481 1.34456 1.42105 1.49415 1.56369 1.62946 1.69125 1.74877 1.80138 1.84888 1.89106 1.92768 1.95849 1.98329 2.00192 2.01431 2.02042 2.02029 2.01393 2.00134 1.98250 1.95730 1.92569 1.88791 1.84468 1.79706 1.74621 1.69318 1.63885 1.58386 1.52865 1.47346 1.41836 1.36323 1.30773 1.25126 1.19282 1.13090 1.06331 0.98705 0.89839 0.79337 0.66913 0.52654 0.37372 0.22791
