tests/data/gray99/saval2D/outputs/resuqu4.asc
north:     17.44
south:      0.00
east:      60.51
west:       0.00
rows:   68
cols:  236
[rows 0 to 28 of 68, columns 0 to 64 of 236]
0.00000 0.00000 0.00000 0.00000 0.00000 0.00000 0.00000 0.00000 0.00000 0.00000 0.00000 0.00000 0.00000 0.00000 0.00000 0.00000 0.00000 0.00000 0.00000 0.00000 0.00000 0.00000 0.00000 0.00000 0.00000 0.00000 0.00000 0.00000 0.00000 0.00000 0.00000 0.00000 0.00000 0.00000 0.00000 0.00000 0.00000 0.00000 0.00000 0.00000 0.00000 0.00000 0.00000 0.00000 0.00000 0.00000 0.00000 0.00000 0.00000 0.00000 0.00000 0.00000 0.00000 0.00000 0.00000 0.00000 0.00000 0.00000 0.00000 0.00000 0.00000 0.00000 0.00000 0.00000 0.00000
0.00000 -0.00000 0.00000 0.00000 0.00000 -0.00000 -0.00000 0.00000 0.00000 -0.00000 0.00000 0.00000 0.00000 0.00000 0.00000 0.00000 0.00000 0.00000 0.00000 0.00000 0.00000 0.00000 0.00000 0.00000 0.00000 0.00000 0.00000 0.00000 0.00000 0.00000 0.00000 0.00000 0.00000 0.00000 0.00000 0.00000 0.00000 0.00000 0.00000 0.00000 0.00000 0.00000 0.00000 0.00000 0.00000 0.00000 0.00000 0.00000 0.00000 0.00000 0.00000 0.00000 0.00000 0.00000 0.00000 0.00000 0.00000 0.00000 0.00000 0.00000 0.00000 0.00000 0.00000 0.00000 0.00000
0.00000 -0.00000 -0.00000 0.00000 -0.00000 0.00000 0.00000 -0.00000 0.00000 -0.00000 0.00000 0.00000 0.00000 0.00000 0.00000 0.00000 0.00000 0.00000 0.00000 0.00000 0.00000 0.00000 0.00000 0.00000 0.00000 0.00000 0.00000 0.00000 0.00000 0.00000 0.00000 0.00000 0.00000 0.00000 0.00000 0.00000 0.00000 0.00000 0.00000 0.00000 0.00000 0.00000 0.00000 0.00000 0.00000 0.00000 0.00000 0.00000 0.00000 0.00000 0.00000 0.00000 0.00000 0.00000 0.00000 0.00000 0.00000 0.00000 0.00000 0.00000 0.00000 0.00000 0.00000 0.00000 0.00000
0.00000 -0.00000 -0.00000 -0.00000 -0.00000 -0.00000 -0.00000 -0.00000 -0.00000 -0.00000 0.00000 0.00000 0.00000 0.00000 0.00000 0.00000 0.00000 0.00000 0.00000 0.00000 0.00000 0.00000 0.00000 0.00000 0.00000 0.00000 0.00000 0.00000 0.00000 0.00000 0.00000 0.00000 0.00000 0.00000 0.00000 0.00000 0.00000 0.00000 0.00000 0.00000 0.00000 0.00000 0.00000 0.00000 0.00000 0.00000 0.00000 0.00000 0.00000 0.00000 0.00000 0.00000 0.00000 0.00000 0.00000 0.00000 0.00000 0.00000 0.00000 0.00000 0.00000 0.00000 0.00000 0.00000 0.00000
0.00000 -0.00000 -0.00000 0.00000 -0.00000 -0.00000 -0.00000 -0.00000 -0.00000 0.00000 0.00000 0.00000 0.00000 0.00000 0.00000 0.00000 0.00000 0.00000 0.00000 0.00000 0.00000 0.00000 0.00000 0.00000 0.00000 0.00000 0.00000 0.00000 0.00000 0.00000 0.00001 0.00001 0.00002 0.00002 0.00002 0.00002 0.00001 0.00001 0.00000 0.00000 0.00000 0.00000 0.00000 0.00000 0.00000 0.00000 0.00000 0.00000 0.00000 0.00000 0.00000 0.00000 0.00000 0.00000 0.00000 0.00000 0.00000 0.00000 0.00000 0.00000 0.00000 0.00000 0.00000 0.00000 0.00000
0.00000 -0.00000 0.00000 -0.00000 -0.00000 -0.00000 -0.00000 -0.00000 0.00000 0.00000 0.00000 0.00000 0.00000 0.00000 0.00000 0.00000 0.00000 0.00000 0.00000 0.00000 0.00000 0.00000 0.00000 0.00000 0.00001 0.00005 0.00014 0.00026 0.00041 0.00059 0.00079 0.00102 0.00126 0.00151 0.00175 0.00196 0.00212 0.00220 0.00216 0.00197 0.00162 0.00115 0.00065 0.00027 0.00007 0.00001 0.00000 0.00000 0.00000 0.00000 0.00000 0.00000 0.00000 0.00000 0.00000 0.00000 0.00000 0.00000 0.00000 0.00000 0.00000 0.00000 0.00000 0.00000 0.00000
0.00000 -0.00000 -0.00000 -0.00000 -0.00000 0.00000 -0.00000 0.00000 0.00000 0.00000 0.00000 0.00000 0.00000 0.00000 0.00000 0.00000 0.00000 0.00000 0.00000 0.00000 0.00000 0.00001 0.00007 0.00024 0.00051 0.00092 0.00148 0.00222 0.00317 0.00435 0.00579 0.00752 0.00953 0.01181 0.01431 0.01693 0.01954 0.02197 0.02400 0.02543 0.02608 0.02585 0.02481 0.02308 0.02071 0.01764 0.01374 0.00919 0.00470 0.00151 0.00022 0.00001 0.00000 0.00000 0.00000 0.00000 0.00000 0.00000 0.00000 0.00000 0.00000 0.00000 0.00000 0.00000 0.00000
0.00000 -0.00000 -0.00000 0.00000 -0.00000 -0.00000 0.00000 0.00000 0.00000 0.00000 0.00000 0.00000 0.00000 0.00000 0.00000 0.00000 0.00000 0.00000 0.00000 0.00002 0.00015 0.00044 0.00092 0.00170 0.00291 0.00471 0.00733 0.01098 0.01586 0.02214 0.02994 0.03932 0.05027 0.06270 0.07640 0.09102 0.10610 0.12105 0.13523 0.14794 0.15854 0.16653 0.17156 0.17335 0.17159 0.16585 0.15573 0.14131 0.12360 0.10455 0.08553 0.06618 0.04583 0.02560 0.00954 0.00169 0.00008 0.00000 0.00000 0.00000 0.00000 0.00000 0.00000 0.00000 0.00000
0.00000 0.00000 -0.00000 0.00000 -0.00000 -0.00000 0.00000 0.00000 0.00000 0.00000 0.00000 0.00000 0.00000 0.00000 0.00000 0.00000 0.00000 0.00000 0.00011 0.00043 0.00107 0.00220 0.00406 0.00707 0.01181 0.01899 0.02937 0.04362 0.06215 0.08511 0.11241 0.14374 0.17868 0.21668 0.25706 0.29900 0.34156 0.38368 0.42423 0.46211 0.49629 0.52590 0.55022 0.56861 0.58040 0.58482 0.58115 0.56904 0.54887 0.52151 0.48722 0.44490 0.39338 0.33387 0.27132 0.21120 0.15406 0.09854 0.04889 0.01519 0.00204 0.00006 0.00000 0.00000 0.00000
0.00000 -0.00000 -0.00000 -0.00000 0.00000 -0.00000 0.00000 0.00000 0.00000 0.00000 0.00000 0.00000 0.00000 0.00000 0.00000 0.00000 0.00002 0.00026 0.00083 0.00198 0.00409 0.00781 0.01410 0.02425 0.03978 0.06217 0.09259 0.13154 0.17882 0.23358 0.29465 0.36079 0.43081 0.50361 0.57814 0.65336 0.72818 0.80150 0.87220 0.93921 1.00154 1.05833 1.10880 1.15226 1.18798 1.21519 1.23311 1.24117 1.23919 1.22710 1.20427 1.16924 1.12038 1.05741 0.98182 0.89475 0.79451 0.67960 0.55428 0.42863 0.30977 0.19848 0.10132 0.03449 0.00581
0.00000 0.00000 -0.00000 -0.00000 -0.00000 0.00000 0.00000 0.00000 0.00000 0.00000 0.00000 0.00000 0.00000 0.00000 0.00000 0.00006 0.00042 0.00132 0.00315 0.00665 0.01305 0.02417 0.04223 0.06956 0.10810 0.15896 0.22217 0.29666 0.38057 0.47171 0.56804 0.66785 0.76984 0.87296 0.97636 1.07921 1.18071 1.28002 1.37627 1.46865 1.55633 1.63855 1.71462 1.78389 1.84563 1.89913 1.94361 1.97843 2.00309 2.01713 2.01981 2.00998 1.98637 1.94829 1.89566 1.82792 1.74317 1.63945 1.51679 1.37644 1.21732 1.03733 0.84098 0.64068 0.44749
0.00000 0.00000 0.00000 -0.00000 0.00000 0.00000 0.00000 0.00000 0.00000 0.00000 0.00000 0.00000 0.00000 0.00000 0.00009 0.00058 0.00182 0.00444 0.00966 0.01949 0.03671 0.06446 0.10553 0.16166 0.23320 0.31912 0.41738 0.52535 0.64037 0.76011 0.88280 1.00717 1.13236 1.25775 1.38276 1.50687 1.62948 1.74998 1.86769 1.98191 2.09197 2.19719 2.29692 2.39051 2.47727 2.55640 2.62711 2.68868 2.74047 2.78181 2.81192 2.82983 2.83447 2.82503 2.80092 2.76144 2.70530 2.63122 2.53858 2.42699 2.29504 2.14067 1.96324 1.76286 1.53766
0.00000 -0.00000 -0.00000 -0.00000 0.00000 0.00000 0.00000 0.00000 0.00000 0.00000 0.00000 0.00000 0.00000 0.00010 0.00067 0.00219 0.00557 0.01259 0.02613 0.04997 0.08791 0.14273 0.21539 0.30498 0.40935 0.52568 0.65114 0.78312 0.91949 1.05862 1.19942 1.34118 1.48342 1.62574 1.76779 1.90913 2.04930 2.18776 2.32394 2.45714 2.58663 2.71180 2.83208 2.94680 3.05538 3.15721 3.25163 3.33793 3.41541 3.48331 3.54087 3.58713 3.62117 3.64205 3.64892 3.64088 3.61681 3.57556 3.51623 3.43800 3.33972 3.22007 3.07817 2.91312 2.72313
0.00000 -0.00000 -0.00000 0.00000 0.00000 0.00000 0.00000 0.00000 0.00000 0.00000 0.00000 0.00000 0.00008 0.00067 0.00234 0.00625 0.01470 0.03146 0.06123 0.10832 0.17513 0.26156 0.36548 0.48375 0.61314 0.75090 0.89474 1.04290 1.19397 1.34697 1.50123 1.65634 1.81199 1.96792 2.12384 2.27927 2.43365 2.58653 2.73739 2.88583 3.03138 3.17354 3.31171 3.44537 3.57389 3.69667 3.81306 3.92239 4.02389 4.11689 4.20056 4.27403 4.33640 4.38676 4.42420 4.44773 4.45627 4.44874 4.42407 4.38120 4.31899 4.23633 4.13213 4.00538 3.85489
0.00000 -0.00000 -0.00000 0.00000 0.00000 0.00000 0.00000 0.00000 0.00000 0.00000 0.00000 0.00004 0.00060 0.00227 0.00635 0.01552 0.03429 0.06822 0.12205 0.19783 0.29451 0.40891 0.53719 0.67592 0.82243 0.97478 1.13152 1.29149 1.45375 1.61763 1.78267 1.94856 2.11489 2.28136 2.44772 2.61388 2.77961 2.94450 3.10813 3.26998 3.42960 3.58644 3.74005 3.88990 4.03547 4.17622 4.31156 4.44083 4.56342 4.67861 4.78567 4.88381 4.97214 5.04979 5.11585 5.16928 5.20911 5.23422 5.24347 5.23577 5.20990 5.16467 5.09895 5.01154 4.90133
0.00000 -0.00000 0.00000 0.00000 0.00000 0.00000 0.00000 0.00000 0.00000 0.00000 0.00001 0.00046 0.00202 0.00595 0.01507 0.03432 0.07003 0.12749 0.20871 0.31199 0.43338 0.56853 0.71381 0.86659 1.02509 1.18809 1.35462 1.52388 1.69519 1.86786 2.04128 2.21519 2.38968 2.56472 2.74016 2.91576 3.09126 3.26629 3.44043 3.61328 3.78438 3.95327 4.11950 4.28262 4.44221 4.59776 4.74879 4.89479 5.03517 5.16930 5.29649 5.41604 5.52718 5.62907 5.72083 5.80157 5.87020 5.92568 5.96689 5.99267 6.00176 5.99293 5.96492 5.91652 5.84644
0.00000 -0.00000 0.00000 0.00000 0.00000 0.00000 0.00000 0.00000 0.00000 0.00000 0.00030 0.00162 0.00514 0.01357 0.03193 0.06706 0.12499 0.20815 0.31465 0.44004 0.57951 0.72917 0.88629 1.04913 1.21653 1.38769 1.56196 1.73847 1.91647 2.09566 2.27593 2.45707 2.63896 2.82149 3.00454 3.18792 3.37135 3.55458 3.73721 3.91886 4.09911 4.27759 4.45388 4.62759 4.79835 4.96577 5.12942 5.28886 5.44362 5.59318 5.73701 5.87444 6.00485 6.12749 6.24155 6.34612 6.44033 6.52308 6.59333 6.64987 6.69152 6.71692 6.72485 6.71391 6.68282
0.00000 -0.00000 0.00000 0.00000 0.00000 0.00000 0.00000 0.00000 0.00000 0.00014 0.00114 0.00408 0.01134 0.02775 0.06034 0.11596 0.19788 0.30461 0.43147 0.57322 0.72557 0.88556 1.05132 1.22166 1.39583 1.57299 1.75253 1.93425 2.11790 2.30308 2.48946 2.67681 2.86496 3.05379 3.24316 3.43290 3.62282 3.81262 4.00201 4.19065 4.37815 4.56416 4.74833 4.93029 5.10974 5.28632 5.45972 5.62963 5.79564 5.95735 6.11434 6.26606 6.41203 6.55156 6.68404 6.80868 6.92461 7.03095 7.12663 7.21056 7.28148 7.33815 7.37918 7.40326 7.40894
0.00000 0.00000 0.00000 0.00000 0.00000 0.00000 0.00000 0.00000 0.00003 0.00069 0.00294 0.00878 0.02250 0.05106 0.10205 0.18001 0.28435 0.41054 0.55292 0.70669 0.86851 1.03620 1.20846 1.38415 1.56256 1.74369 1.92752 2.11379 2.30216 2.49226 2.68375 2.87635 3.06982 3.26398 3.45869 3.65378 3.84904 4.04425 4.23911 4.43332 4.62654 4.81843 5.00869 5.19704 5.38315 5.56680 5.74766 5.92552 6.10005 6.27097 6.43793 6.60062 6.75855 6.91129 7.05828 7.19897 7.33259 7.45833 7.57532 7.68248 7.77873 7.86285 7.93352 7.98935 8.02886
0.00000 0.00000 0.00000 0.00000 0.00000 0.00000 0.00000 0.00000 0.00033 0.00189 0.00626 0.01697 0.04050 0.08497 0.15652 0.25607 0.37967 0.52135 0.67567 0.83868 1.00780 1.18119 1.35747 1.53640 1.71808 1.90246 2.08953 2.27919 2.47120 2.66525 2.86098 3.05804 3.25615 3.45505 3.65452 3.85436 4.05433 4.25420 4.45371 4.65257 4.85050 5.04721 5.24241 5.43580 5.62717 5.81621 6.00279 6.18661 6.36750 6.54526 6.71961 6.89029 7.05707 7.21954 7.37737 7.53006 7.67709 7.81787 7.95162 8.07752 8.19457 8.30163 8.39752 8.48085 8.55020
0.00000 0.00000 0.00000 0.00000 0.00000 0.00000 0.00000 0.00010 0.00104 0.00407 0.01185 0.02994 0.06654 0.12939 0.22165 0.34065 0.48036 0.63458 0.79853 0.96888 1.14303 1.31984 1.49912 1.68075 1.86475 2.05131 2.24059 2.43263 2.62737 2.82457 3.02388 3.22490 3.42726 3.63059 3.83458 4.03892 4.24338 4.44768 4.65155 4.85473 5.05695 5.25793 5.45739 5.65510 5.85080 6.04432 6.23542 6.42397 6.60978 6.79262 6.97241 7.14891 7.32191 7.49125 7.65666 7.81783 7.97444 8.12602 8.27207 8.41191 8.54472 8.66969 8.78564 8.89144 8.98576
0.00000 0.00000 0.00000 0.00000 0.00000 0.00000 0.00001 0.00045 0.00235 0.00761 0.02051 0.04862 0.10087 0.18307 0.29492 0.43101 0.58440 0.74915 0.92054 1.09571 1.27361 1.45357 1.63526 1.81874 2.00423 2.19215 2.38283 2.57655 2.77335 2.97311 3.17549 3.38011 3.58648 3.79413 4.00265 4.21166 4.42079 4.62975 4.83819 5.04587 5.25250 5.45777 5.66148 5.86340 6.06329 6.26096 6.45621 6.64889 6.83881 7.02585 7.20987 7.39072 7.56831 7.74249 7.91308 8.07998 8.24293 8.40168 8.55591 8.70518 8.84900 8.98666 9.11739 9.24013 9.35379
0.00000 0.00000 0.00000 0.00000 0.00000 0.00000 0.00012 0.00113 0.00441 0.01293 0.03286 0.07335 0.14281 0.24423 0.37412 0.52530 0.69012 0.86251 1.03942 1.21911 1.40048 1.58297 1.76647 1.95122 2.13769 2.32646 2.51811 2.71305 2.91151 3.11346 3.31866 3.52668 3.73701 3.94911 4.16243 4.37645 4.59073 4.80484 5.01846 5.23121 5.44281 5.65298 5.86147 6.06801 6.27245 6.47451 6.67405 6.87087 7.06481 7.25578 7.44361 7.62821 7.80949 7.98731 8.16164 8.33234 8.49934 8.66257 8.82184 8.97695 9.12759 9.27335 9.41369 9.54793 9.67515
0.00000 0.00000 0.00000 0.00000 0.00000 0.00001 0.00039 0.00221 0.00741 0.02036 0.04917 0.10380 0.19110 0.31097 0.45712 0.62042 0.79379 0.97295 1.15518 1.33887 1.52316 1.70772 1.89265 2.07839 2.26561 2.45508 2.64754 2.84359 3.04361 3.24769 3.45565 3.66711 3.88153 4.09826 4.31667 4.53614 4.75611 4.97605 5.19552 5.41411 5.63147 5.84728 6.06127 6.27315 6.48270 6.68973 6.89399 7.09535 7.29364 7.48871 7.68044 7.86867 8.05333 8.23436 8.41165 8.58521 8.75503 8.92109 9.08330 9.24167 9.39610 9.54637 9.69217 9.83317 9.96875
0.00000 0.00000 0.00000 0.00000 0.00000 0.00005 0.00085 0.00373 0.01146 0.03005 0.06928 0.13913 0.24416 0.38065 0.53973 0.71315 0.89459 1.07993 1.26681 1.45394 1.64071 1.82704 2.01320 2.19985 2.38781 2.57804 2.77145 2.96878 3.17053 3.37691 3.58779 3.80284 4.02147 4.24305 4.46681 4.69206 4.91811 5.14436 5.37022 5.59525 5.81899 6.04107 6.26115 6.47895 6.69421 6.90670 7.11621 7.32255 7.52554 7.72502 7.92083 8.11284 8.30097 8.48511 8.66525 8.84135 9.01341 9.18148 9.34558 9.50579 9.66209 9.81450 9.96299 10.10736 10.24735
0.00000 0.00000 0.00000 0.00000 0.00000 0.00016 0.00150 0.00572 0.01663 0.04196 0.09272 0.17792 0.29870 0.44895 0.61968 0.80242 0.99108 1.18194 1.37294 1.56309 1.75204 1.93993 2.12724 2.31480 2.50363 2.69483 2.88944 3.08835 3.29212 3.50104 3.71505 3.93383 4.15681 4.38328 4.61247 4.84358 5.07584 5.30852 5.54097 5.77263 6.00298 6.23158 6.45803 6.68204 6.90328 7.12152 7.33653 7.54806 7.75595 7.96000 8.16005 8.35600 8.54770 8.73507 8.91806 9.09664 9.27083 9.44065 9.60620 9.76758 9.92490 10.07830 10.22784 10.37355 10.51537
0.00000 0.00000 0.00000 0.00000 0.00000 0.00040 0.00244 0.00835 0.02312 0.05602 0.11823 0.21690 0.35131 0.51396 0.69506 0.88613 1.08134 1.27726 1.47208 1.66504 1.85601 2.04536 2.23379 2.42232 2.61214 2.80449 3.00053 3.20123 3.40723 3.61888 3.83613 4.05866 4.28592 4.51718 4.75161 4.98836 5.22657 5.46545 5.70425 5.94232 6.17907 6.41402 6.64673 6.87682 7.10394 7.32782 7.54820 7.76486 7.97756 8.18614 8.39043 8.59026 8.78551 8.97610 9.16195 9.34299 9.51927 9.69082 9.85773 10.02012 10.17819 10.33208 10.48199 10.62802 10.77033
0.00000 0.00000 0.00000 0.00000 0.00004 0.00081 0.00376 0.01169 0.03068 0.07087 0.14326 0.25376 0.39996 0.57325 0.76341 0.96199 1.16328 1.36402 1.56253 1.75824 1.95122 2.14202 2.33158 2.52111 2.71195 2.90551 3.10305 3.30561 3.51388 3.72821 3.94860 4.17473 4.40602 4.64173 4.88098 5.12288 5.36650 5.61099 5.85555 6.09945 6.34207 6.58283 6.82127 7.05692 7.28946 7.51855 7.74390 7.96528 8.18248 8.39526 8.60348 8.80697 9.00557 9.19920 9.38774 9.57117 9.74947 9.92270 10.09096 10.25438 10.41313 10.56742 10.71746 10.86350 11.00570
0.00000 0.00000 0.00000 0.00000 0.00012 0.00137 0.00537 0.01548 0.03865 0.08553 0.16669 0.28691 0.44265 0.62467 0.82255 1.02780 1.23472 1.44006 1.64223 1.84072 2.03575 2.22805 2.41876 2.60928 2.80113 2.99583 3.19478 3.39906 3.60942 3.82622 4.04947 4.27883 4.51371 4.75332 4.99676 5.24310 5.49139 5.74071 5.99021 6.23914 6.48679 6.73256 6.97592 7.21640 7.45362 7.68721 7.91689 8.14239 8.36349 8.57997 8.79164 8.99832 9.19989 9.39618 9.58714 9.77272 9.95287 10.12767 10.29720 10.46159 10.62103 10.77570 10.92590 11.07187 11.21388
