tests/data/gray99/saval2D/outputs/resuh5.asc
north:     17.44
south:      0.00
east:      60.51
west:       0.00
rows:   68
cols:  236
[rows 29 to 57 of 68, columns 67 to 133 of 236]
1.25248 1.26210 1.27152 1.28074 1.28977 1.29861 1.30725 1.31567 1.32385 1.33177 1.33938 1.34664 1.35351 1.35991 1.36578 1.37107 1.37568 1.37954 1.38256 1.38465 1.38571 1.38564 1.38434 1.38171 1.37762 1.37199 1.36469 1.35563 1.34469 1.33175 1.31668 1.29935 1.27956 1.25706 1.23152 1.20241 1.16891 1.12983 1.08353 1.02769 0.95925 0.87450 0.76975 0.64303 0.49706 0.34274 0.20004 0.09159 0.02934 0.00547 0.00044 0.00002 0.00001 0.00001 0.00001 0.00001 0.00001 0.00001 0.00001 0.00001 0.00001 0.00001 0.00001 0.00001 0.00001 0.00001 0.00001
1.25218 1.26173 1.27114 1.28042 1.28957 1.29862 1.30757 1.31640 1.32511 1.33368 1.34206 1.35023 1.35812 1.36569 1.37284 1.37951 1.38560 1.39101 1.39564 1.39936 1.40205 1.40360 1.40388 1.40277 1.40013 1.39585 1.38982 1.38191 1.37201 1.36002 1.34582 1.32926 1.31018 1.28837 1.26349 1.23509 1.20243 1.16443 1.11959 1.06577 1.00014 0.91912 0.81894 0.69694 0.55413 0.39866 0.24790 0.12475 0.04607 0.01070 0.00121 0.00005 0.00001 0.00001 0.00001 0.00001 0.00001 0.00001 0.00001 0.00001 0.00001 0.00001 0.00001 0.00001 0.00001 0.00001 0.00001
1.25100 1.26046 1.26979 1.27903 1.28820 1.29732 1.30639 1.31542 1.32441 1.33333 1.34218 1.35090 1.35945 1.36777 1.37579 1.38340 1.39052 1.39702 1.40279 1.40768 1.41156 1.41429 1.41573 1.41573 1.41416 1.41089 1.40578 1.39873 1.38962 1.37833 1.36476 1.34879 1.33024 1.30893 1.28455 1.25665 1.22454 1.18724 1.14332 1.09079 1.02694 0.94833 0.85118 0.73251 0.59237 0.43723 0.28250 0.15050 0.06053 0.01602 0.00222 0.00012 0.00001 0.00001 0.00001 0.00001 0.00001 0.00001 0.00001 0.00001 0.00001 0.00001 0.00001 0.00001 0.00001 0.00001 0.00001
1.24956 1.25893 1.26820 1.27739 1.28653 1.29564 1.30472 1.31380 1.32287 1.33192 1.34093 1.34988 1.35873 1.36740 1.37582 1.38389 1.39151 1.39856 1.40490 1.41040 1.41491 1.41829 1.42036 1.42099 1.42002 1.41731 1.41273 1.40617 1.39751 1.38666 1.37350 1.35790 1.33970 1.31870 1.29460 1.26697 1.23517 1.19826 1.15488 1.10307 1.04019 0.96289 0.86740 0.75060 0.61213 0.45761 0.30138 0.16520 0.06933 0.01958 0.00301 0.00018 0.00001 0.00001 0.00001 0.00001 0.00001 0.00001 0.00001 0.00001 0.00001 0.00001 0.00001 0.00001 0.00001 0.00001 0.00001
1.24806 1.25741 1.26666 1.27582 1.28492 1.29398 1.30302 1.31204 1.32105 1.33003 1.33898 1.34787 1.35664 1.36525 1.37361 1.38164 1.38922 1.39624 1.40257 1.40807 1.41260 1.41600 1.41812 1.41880 1.41789 1.41526 1.41077 1.40431 1.39576 1.38502 1.37197 1.35648 1.33840 1.31752 1.29355 1.26605 1.23439 1.19764 1.15444 1.10285 1.04024 0.96325 0.86813 0.75177 0.61375 0.45957 0.30343 0.16694 0.07045 0.02007 0.00312 0.00019 0.00001 0.00001 0.00001 0.00001 0.00001 0.00001 0.00001 0.00001 0.00001 0.00001 0.00001 0.00001 0.00001 0.00001 0.00001
1.24638 1.25578 1.26504 1.27419 1.28325 1.29224 1.30117 1.31004 1.31886 1.32761 1.33627 1.34481 1.35319 1.36134 1.36921 1.37670 1.38372 1.39016 1.39590 1.40080 1.40474 1.40756 1.40913 1.40930 1.40793 1.40489 1.40006 1.39330 1.38450 1.37355 1.36034 1.34472 1.32655 1.30561 1.28159 1.25406 1.22236 1.18555 1.14223 1.09040 1.02734 0.94967 0.85362 0.73616 0.59721 0.44288 0.28817 0.15511 0.06334 0.01716 0.00247 0.00014 0.00001 0.00001 0.00001 0.00001 0.00001 0.00001 0.00001 0.00001 0.00001 0.00001 0.00001 0.00001 0.00001 0.00001 0.00001
1.24416 1.25362 1.26291 1.27204 1.28103 1.28989 1.29862 1.30723 1.31570 1.32401 1.33214 1.34006 1.34772 1.35506 1.36203 1.36855 1.37454 1.37989 1.38451 1.38828 1.39109 1.39281 1.39332 1.39249 1.39019 1.38630 1.38069 1.37325 1.36387 1.35242 1.33878 1.32282 1.30436 1.28316 1.25892 1.23116 1.19921 1.16208 1.11823 1.06557 1.00126 0.92180 0.82343 0.70337 0.56233 0.40788 0.25670 0.13148 0.04984 0.01204 0.00145 0.00006 0.00001 0.00001 0.00001 0.00001 0.00001 0.00001 0.00001 0.00001 0.00001 0.00001 0.00001 0.00001 0.00001 0.00001 0.00001
1.24077 1.25026 1.25953 1.26857 1.27740 1.28601 1.29441 1.30257 1.31049 1.31814 1.32549 1.33250 1.33913 1.34533 1.35105 1.35622 1.36078 1.36464 1.36772 1.36994 1.37120 1.37140 1.37043 1.36819 1.36458 1.35946 1.35274 1.34431 1.33404 1.32183 1.30752 1.29098 1.27202 1.25038 1.22571 1.19752 1.16507 1.12724 1.08236 1.02815 0.96160 0.87907 0.77684 0.65273 0.50890 0.35537 0.21129 0.09942 0.03317 0.00658 0.00058 0.00002 0.00001 0.00001 0.00001 0.00001 0.00001 0.00001 0.00001 0.00001 0.00001 0.00001 0.00001 0.00001 0.00001 0.00001 0.00001
1.23532 1.24474 1.25386 1.26268 1.27118 1.27937 1.28723 1.29473 1.30187 1.30860 1.31490 1.32073 1.32605 1.33082 1.33500 1.33852 1.34135 1.34342 1.34468 1.34504 1.34446 1.34284 1.34011 1.33618 1.33096 1.32436 1.31626 1.30658 1.29519 1.28197 1.26678 1.24945 1.22978 1.20748 1.18218 1.15330 1.12001 1.08100 1.03440 0.97770 0.90766 0.82049 0.71273 0.58335 0.43700 0.28735 0.15616 0.06424 0.01748 0.00252 0.00014 0.00001 0.00001 0.00001 0.00001 0.00001 0.00001 0.00001 0.00001 0.00001 0.00001 0.00001 0.00001 0.00001 0.00001 0.00001 0.00001
1.22663 1.23582 1.24462 1.25301 1.26098 1.26852 1.27560 1.28221 1.28831 1.29388 1.29888 1.30329 1.30707 1.31018 1.31260 1.31428 1.31519 1.31529 1.31453 1.31288 1.31029 1.30669 1.30202 1.29623 1.28924 1.28096 1.27131 1.26019 1.24748 1.23307 1.21680 1.19849 1.17791 1.15473 1.12852 1.09863 1.06404 1.02316 0.97389 0.91342 0.83823 0.74450 0.62955 0.49451 0.34806 0.20840 0.09846 0.03283 0.00647 0.00056 0.00002 0.00001 0.00001 0.00001 0.00001 0.00001 0.00001 0.00001 0.00001 0.00001 0.00001 0.00001 0.00001 0.00001 0.00001 0.00001 0.00001
1.21337 1.22213 1.23039 1.23813 1.24534 1.25199 1.25807 1.26354 1.26838 1.27257 1.27608 1.27889 1.28096 1.28227 1.28280 1.28252 1.28142 1.27947 1.27664 1.27291 1.26824 1.26259 1.25593 1.24821 1.23935 1.22930 1.21798 1.20529 1.19113 1.17537 1.15785 1.13837 1.11665 1.09234 1.06491 1.03354 0.99693 0.95317 0.89987 0.83383 0.75131 0.64893 0.52577 0.38696 0.24686 0.12755 0.04833 0.01152 0.00134 0.00006 0.00001 0.00001 0.00001 0.00001 0.00001 0.00001 0.00001 0.00001 0.00001 0.00001 0.00001 0.00001 0.00001 0.00001 0.00001 0.00001 0.00001
1.19424 1.20234 1.20983 1.21670 1.22292 1.22848 1.23335 1.23750 1.24092 1.24357 1.24545 1.24654 1.24681 1.24625 1.24485 1.24260 1.23948 1.23548 1.23058 1.22478 1.21806 1.21039 1.20174 1.19207 1.18133 1.16947 1.15642 1.14209 1.12637 1.10913 1.09020 1.06934 1.04625 1.02048 0.99135 0.95779 0.91803 0.86989 0.81054 0.73646 0.64407 0.53148 0.40163 0.26593 0.14470 0.05891 0.01558 0.00213 0.00011 0.00001 0.00001 0.00001 0.00001 0.00001 0.00001 0.00001 0.00001 0.00001 0.00001 0.00001 0.00001 0.00001 0.00001 0.00001 0.00001 0.00001 0.00001
1.16813 1.17536 1.18189 1.18769 1.19275 1.19704 1.20055 1.20325 1.20513 1.20616 1.20635 1.20567 1.20412 1.20169 1.19838 1.19418 1.18909 1.18310 1.17621 1.16842 1.15970 1.15006 1.13947 1.12789 1.11529 1.10162 1.08681 1.07078 1.05341 1.03457 1.01405 0.99159 0.96679 0.93908 0.90752 0.87049 0.82584 0.77104 0.70281 0.61768 0.51346 0.39209 0.26335 0.14596 0.06083 0.01658 0.00237 0.00013 0.00001 0.00001 0.00001 0.00001 0.00001 0.00001 0.00001 0.00001 0.00001 0.00001 0.00001 0.00001 0.00001 0.00001 0.00001 0.00001 0.00001 0.00001 0.00001
1.13427 1.14047 1.14588 1.15047 1.15422 1.15713 1.15918 1.16036 1.16064 1.16003 1.15851 1.15609 1.15274 1.14849 1.14332 1.13725 1.13027 1.12238 1.11359 1.10388 1.09327 1.08173 1.06926 1.05583 1.04140 1.02592 1.00934 0.99155 0.97244 0.95184 0.92951 0.90510 0.87809 0.84761 0.81218 0.76954 0.71733 0.65256 0.57203 0.47375 0.35972 0.23937 0.13059 0.05300 0.01385 0.00185 0.00009 0.00001 0.00001 0.00001 0.00001 0.00001 0.00001 0.00001 0.00001 0.00001 0.00001 0.00001 0.00001 0.00001 0.00001 0.00001 0.00001 0.00001 0.00001 0.00001 0.00001
1.09229 1.09732 1.10148 1.10476 1.10714 1.10861 1.10915 1.10877 1.10746 1.10520 1.10201 1.09787 1.09280 1.08679 1.07985 1.07198 1.06319 1.05350 1.04289 1.03137 1.01894 1.00559 0.99130 0.97606 0.95982 0.94253 0.92413 0.90450 0.88351 0.86091 0.83640 0.80945 0.77924 0.74430 0.70225 0.65076 0.58717 0.50873 0.41423 0.30670 0.19647 0.10118 0.03770 0.00870 0.00097 0.00004 0.00001 0.00001 0.00001 0.00001 0.00001 0.00001 0.00001 0.00001 0.00001 0.00001 0.00001 0.00001 0.00001 0.00001 0.00001 0.00001 0.00001 0.00001 0.00001 0.00001 0.00001
1.04214 1.04590 1.04874 1.05064 1.05159 1.05159 1.05063 1.04870 1.04580 1.04193 1.03710 1.03131 1.02457 1.01687 1.00824 0.99866 0.98815 0.97673 0.96438 0.95111 0.93693 0.92181 0.90575 0.88871 0.87065 0.85151 0.83119 0.80955 0.78637 0.76131 0.73385 0.70310 0.66751 0.62449 0.57180 0.50719 0.42877 0.33682 0.23649 0.13998 0.06426 0.02036 0.00373 0.00030 0.00002 0.00001 0.00001 0.00001 0.00001 0.00001 0.00001 0.00001 0.00001 0.00001 0.00001 0.00001 0.00001 0.00001 0.00001 0.00001 0.00001 0.00001 0.00001 0.00001 0.00001 0.00001 0.00001
0.98398 0.98641 0.98788 0.98836 0.98787 0.98639 0.98392 0.98046 0.97602 0.97058 0.96417 0.95677 0.94841 0.93909 0.92881 0.91759 0.90542 0.89232 0.87828 0.86331 0.84739 0.83052 0.81267 0.79380 0.77384 0.75269 0.73020 0.70612 0.68007 0.65146 0.61924 0.58163 0.53583 0.47992 0.41248 0.33318 0.24481 0.15572 0.07994 0.03017 0.00734 0.00094 0.00006 0.00001 0.00001 0.00001 0.00001 0.00001 0.00001 0.00001 0.00001 0.00001 0.00001 0.00001 0.00001 0.00001 0.00001 0.00001 0.00001 0.00001 0.00001 0.00001 0.00001 0.00001 0.00001 0.00001 0.00001
0.91806 0.91913 0.91921 0.91827 0.91633 0.91338 0.90942 0.90445 0.89848 0.89151 0.88355 0.87459 0.86465 0.85374 0.84186 0.82901 0.81521 0.80045 0.78473 0.76804 0.75037 0.73168 0.71194 0.69105 0.66891 0.64531 0.61995 0.59235 0.56171 0.52678 0.48531 0.43464 0.37392 0.30337 0.22528 0.14630 0.07806 0.03164 0.00882 0.00148 0.00013 0.00001 0.00001 0.00001 0.00001 0.00001 0.00001 0.00001 0.00001 0.00001 0.00001 0.00001 0.00001 0.00001 0.00001 0.00001 0.00001 0.00001 0.00001 0.00001 0.00001 0.00001 0.00001 0.00001 0.00001 0.00001 0.00001
0.84467 0.84436 0.84302 0.84066 0.83728 0.83287 0.82743 0.82098 0.81350 0.80501 0.79551 0.78501 0.77351 0.76102 0.74754 0.73307 0.71760 0.70114 0.68367 0.66517 0.64559 0.62487 0.60289 0.57948 0.55434 0.52706 0.49694 0.46294 0.42344 0.37582 0.31897 0.25423 0.18459 0.11664 0.06053 0.02417 0.00692 0.00131 0.00016 0.00002 0.00001 0.00001 0.00001 0.00001 0.00001 0.00001 0.00001 0.00001 0.00001 0.00001 0.00001 0.00001 0.00001 0.00001 0.00001 0.00001 0.00001 0.00001 0.00001 0.00001 0.00001 0.00001 0.00001 0.00001 0.00001 0.00001 0.00001
0.76336 0.76195 0.75942 0.75574 0.75093 0.74507 0.73817 0.73023 0.72126 0.71125 0.70022 0.68816 0.67508 0.66097 0.64584 0.62967 0.61244 0.59414 0.57471 0.55408 0.53213 0.50868 0.48342 0.45592 0.42554 0.39132 0.35202 0.30573 0.25138 0.19126 0.13011 0.07545 0.03538 0.01282 0.00349 0.00070 0.00010 0.00002 0.00001 0.00001 0.00001 0.00001 0.00001 0.00001 0.00001 0.00001 0.00001 0.00001 0.00001 0.00001 0.00001 0.00001 0.00001 0.00001 0.00001 0.00001 0.00001 0.00001 0.00001 0.00001 0.00001 0.00001 0.00001 0.00001 0.00001 0.00001 0.00001
0.67345 0.67071 0.66697 0.66223 0.65645 0.64953 0.64146 0.63220 0.62176 0.61022 0.59762 0.58397 0.56923 0.55339 0.53645 0.51838 0.49907 0.47845 0.45642 0.43267 0.40688 0.37866 0.34727 0.31182 0.27185 0.22626 0.17453 0.12056 0.07165 0.03499 0.01355 0.00418 0.00107 0.00023 0.00004 0.00001 0.00001 0.00001 0.00001 0.00001 0.00001 0.00001 0.00001 0.00001 0.00001 0.00001 0.00001 0.00001 0.00001 0.00001 0.00001 0.00001 0.00001 0.00001 0.00001 0.00001 0.00001 0.00001 0.00001 0.00001 0.00001 0.00001 0.00001 0.00001 0.00001 0.00001 0.00001
0.57727 0.57290 0.56752 0.56114 0.55375 0.54532 0.53588 0.52543 0.51391 0.50118 0.48721 0.47197 0.45538 0.43747 0.41828 0.39766 0.37523 0.35075 0.32408 0.29451 0.26115 0.22440 0.18476 0.14113 0.09501 0.05371 0.02460 0.00892 0.00268 0.00074 0.00019 0.00005 0.00002 0.00001 0.00001 0.00001 0.00001 0.00001 0.00001 0.00001 0.00001 0.00001 0.00001 0.00001 0.00001 0.00001 0.00001 0.00001 0.00001 0.00001 0.00001 0.00001 0.00001 0.00001 0.00001 0.00001 0.00001 0.00001 0.00001 0.00001 0.00001 0.00001 0.00001 0.00001 0.00001 0.00001 0.00001
0.47482 0.46872 0.46159 0.45346 0.44427 0.43400 0.42266 0.41030 0.39679 0.38203 0.36609 0.34896 0.33019 0.30935 0.28656 0.26164 0.23346 0.20166 0.16781 0.13324 0.09719 0.06046 0.02967 0.01106 0.00320 0.00083 0.00023 0.00007 0.00002 0.00001 0.00001 0.00001 0.00001 0.00001 0.00001 0.00001 0.00001 0.00001 0.00001 0.00001 0.00001 0.00001 0.00001 0.00001 0.00001 0.00001 0.00001 0.00001 0.00001 0.00001 0.00001 0.00001 0.00001 0.00001 0.00001 0.00001 0.00001 0.00001 0.00001 0.00001 0.00001 0.00001 0.00001 0.00001 0.00001 0.00001 0.00001
0.36657 0.35849 0.34931 0.33909 0.32773 0.31506 0.30115 0.28612 0.26963 0.25128 0.23130 0.21001 0.18662 0.16033 0.13258 0.10571 0.07925 0.05182 0.02650 0.00939 0.00212 0.00036 0.00008 0.00003 0.00002 0.00001 0.00001 0.00001 0.00001 0.00001 0.00001 0.00001 0.00001 0.00001 0.00001 0.00001 0.00001 0.00001 0.00001 0.00001 0.00001 0.00001 0.00001 0.00001 0.00001 0.00001 0.00001 0.00001 0.00001 0.00001 0.00001 0.00001 0.00001 0.00001 0.00001 0.00001 0.00001 0.00001 0.00001 0.00001 0.00001 0.00001 0.00001 0.00001 0.00001 0.00001 0.00001
0.25543 0.24514 0.23365 0.22117 0.20747 0.19216 0.17550 0.15812 0.13962 0.11916 0.09773 0.07782 0.05935 0.04007 0.02079 0.00671 0.00100 0.00006 0.00001 0.00001 0.00001 0.00001 0.00001 0.00001 0.00001 0.00001 0.00001 0.00001 0.00001 0.00001 0.00001 0.00001 0.00001 0.00001 0.00001 0.00001 0.00001 0.00001 0.00001 0.00001 0.00001 0.00001 0.00001 0.00001 0.00001 0.00001 0.00001 0.00001 0.00001 0.00001 0.00001 0.00001 0.00001 0.00001 0.00001 0.00001 0.00001 0.00001 0.00001 0.00001 0.00001 0.00001 0.00001 0.00001 0.00001 0.00001 0.00001
0.15088 0.13929 0.12669 0.11379 0.10036 0.08559 0.07012 0.05611 0.04364 0.03046 0.01627 0.00521 0.00070 0.00003 0.00001 0.00001 0.00001 0.00001 0.00001 0.00001 0.00001 0.00001 0.00001 0.00001 0.00001 0.00001 0.00001 0.00001 0.00001 0.00001 0.00001 0.00001 0.00001 0.00001 0.00001 0.00001 0.00001 0.00001 0.00001 0.00001 0.00001 0.00001 0.00001 0.00001 0.00001 0.00001 0.00001 0.00001 0.00001 0.00001 0.00001 0.00001 0.00001 0.00001 0.00001 0.00001 0.00001 0.00001 0.00001 0.00001 0.00001 0.00001 0.00001 0.00001 0.00001 0.00001 0.00001
0.06956 0.05950 0.04889 0.03954 0.03137 0.02241 0.01213 0.00378 0.00047 0.00002 0.00001 0.00001 0.00001 0.00001 0.00001 0.00001 0.00001 0.00001 0.00001 0.00001 0.00001 0.00001 0.00001 0.00001 0.00001 0.00001 0.00001 0.00001 0.00001 0.00001 0.00001 0.00001 0.00001 0.00001 0.00001 0.00001 0.00001 0.00001 0.00001 0.00001 0.00001 0.00001 0.00001 0.00001 0.00001 0.00001 0.00001 0.00001 0.00001 0.00001 0.00001 0.00001 0.00001 0.00001 0.00001 0.00001 0.00001 0.00001 0.00001 0.00001 0.00001 0.00001 0.00001 0.00001 0.00001 0.00001 0.00001
0.02191 0.01575 0.00829 0.00234 0.00024 0.00001 0.00001 0.00001 0.00001 0.00001 0.00001 0.00001 0.00001 0.00001 0.00001 0.00001 0.00001 0.00001 0.00001 0.00001 0.00001 0.00001 0.00001 0.00001 0.00001 0.00001 0.00001 0.00001 0.00001 0.00001 0.00001 0.00001 0.00001 0.00001 0.00001 0.00001 0.00001 0.00001 0.00001 0.00001 0.00001 0.00001 0.00001 0.00001 0.00001 0.00001 0.00001 0.00001 0.00001 0.00001 0.00001 0.00001 0.00001 0.00001 0.00001 0.00001 0.00001 0.00001 0.00001 0.00001 0.00001 0.00001 0.00001 0.00001 0.00001 0.00001 0.00001
0.00008 0.00001 0.00001 0.00001 0.00001 0.00001 0.00001 0.00001 0.00001 0.00001 0.00001 0.00001 0.00001 0.00001 0.00001 0.00001 0.00001 0.00001 0.00001 0.00001 0.00001 0.00001 0.00001 0.00001 0.00001 0.00001 0.00001 0.00001 0.00001 0.00001 0.00001 0.00001 0.00001 0.00001 0.00001 0.00001 0.00001 0.00001 0.00001 0.00001 0.00001 0.00001 0.00001 0.00001 0.00001 0.00001 0.00001 0.00001 0.00001 0.00001 0.00001 0.00001 0.00001 0.00001 0.00001 0.00001 0.00001 0.00001 0.00001 0.00001 0.00001 0.00001 0.00001 0.00001 0.00001 0.00001 0.00001
