tests/data/gray99/saval2D/outputs/resuqu7.asc
north:     17.44
south:      0.00
east:      60.51
west:       0.00
rows:   68
cols:  236
[rows 0 to 28 of 68, columns 65 to 129 of 236]
0.00000 0.00000 0.00000 0.00000 0.00000 0.00000 0.00000 0.00000 0.00000 0.00000 0.00000 0.00000 0.00000 0.00000 0.00000 0.00000 0.00000 0.00000 0.00000 0.00000 0.00000 0.00000 0.00000 0.00000 0.00000 0.00000 0.00000 0.00000 0.00000 0.00000 0.00000 0.00000 0.00000 0.00000 0.00000 0.00000 0.00000 0.00000 0.00000 0.00000 0.00000 0.00000 0.00000 0.00000 0.00000 0.00000 0.00000 0.00000 0.00000 0.00000 0.00000 0.00000 0.00000 0.00000 0.00000 0.00000 0.00000 0.00000 0.00000 0.00000 0.00000 0.00000 0.00000 0.00000 0.00000
0.00000 0.00000 0.00000 0.00000 0.00000 0.00000 0.00000 0.00000 0.00000 0.00000 0.00000 0.00000 0.00000 0.00000 0.00000 0.00000 0.00000 0.00000 0.00000 0.00000 0.00000 0.00000 0.00000 0.00000 0.00000 0.00000 0.00000 0.00000 0.00000 0.00000 0.00000 0.00000 0.00000 0.00000 0.00000 0.00000 0.00000 0.00000 0.00000 0.00000 0.00000 0.00000 0.00000 0.00000 0.00000 0.00000 0.00000 0.00000 0.00000 0.00000 0.00000 0.00000 0.00000 0.00000 0.00000 0.00000 0.00000 0.00000 0.00000 0.00000 0.00000 0.00000 0.00000 0.00000 0.00000
0.00000 0.00000 0.00000 0.00000 0.00000 0.00000 0.00000 0.00000 0.00000 0.00000 0.00000 0.00000 0.00000 0.00000 0.00000 0.00000 0.00000 0.00000 0.00000 0.00000 0.00000 0.00000 0.00000 0.00000 0.00000 0.00000 0.00000 0.00000 0.00000 0.00000 0.00000 0.00000 0.00000 0.00000 0.00000 0.00000 0.00000 0.00000 0.00000 0.00000 0.00000 0.00000 0.00000 0.00000 0.00000 0.00000 0.00000 0.00000 0.00000 0.00000 0.00000 0.00000 0.00000 0.00000 0.00000 0.00000 0.00000 0.00000 0.00000 0.00000 0.00000 0.00000 0.00000 0.00000 0.00000
0.00000 0.00000 0.00000 0.00000 0.00000 0.00000 0.00000 0.00000 0.00000 0.00000 0.00000 0.00000 0.00000 0.00000 0.00000 0.00000 0.00000 0.00000 0.00000 0.00000 0.00000 0.00000 0.00000 0.00000 0.00000 0.00000 0.00000 0.00000 0.00000 0.00000 0.00000 0.00000 0.00000 0.00000 0.00000 0.00000 0.00000 0.00000 0.00000 0.00000 0.00000 0.00000 0.00000 0.00000 0.00000 0.00000 0.00000 0.00000 0.00000 0.00000 0.00000 0.00000 0.00000 0.00000 0.00000 0.00000 0.00000 0.00000 0.00000 0.00000 0.00000 0.00000 0.00000 0.00000 0.00000
0.00000 0.00000 0.00000 0.00000 0.00000 0.00000 0.00000 0.00000 0.00000 0.00000 0.00000 0.00000 0.00000 0.00000 0.00000 0.00000 0.00000 0.00000 0.00000 0.00000 0.00000 0.00000 0.00000 0.00000 0.00000 0.00000 0.00000 0.00000 0.00000 0.00000 0.00000 0.00000 0.00000 0.00000 0.00000 0.00000 0.00000 0.00000 0.00000 0.00000 0.00000 0.00000 0.00000 0.00000 0.00000 0.00000 0.00000 0.00000 0.00000 0.00000 0.00000 0.00000 0.00000 0.00000 0.00000 0.00000 0.00000 0.00000 0.00000 0.00000 0.00000 0.00000 0.00000 0.00000 0.00000
0.00000 0.00000 0.00000 0.00000 0.00000 0.00000 0.00000 0.00000 0.00000 0.00000 0.00000 0.00000 0.00000 0.00000 0.00000 0.00000 0.00000 0.00000 0.00000 0.00000 0.00000 0.00000 0.00000 0.00000 0.00000 0.00000 0.00000 0.00000 0.00000 0.00000 0.00000 0.00000 0.00000 0.00000 0.00000 0.00000 0.00000 0.00000 0.00000 0.00000 0.00000 0.00000 0.00000 0.00000 0.00000 0.00000 0.00000 0.00000 0.00000 0.00000 0.00000 0.00000 0.00000 0.00000 0.00000 0.00000 0.00000 0.00000 0.00000 0.00000 0.00000 0.00000 0.00000 0.00000 0.00000
0.00000 0.00000 0.00000 0.00000 0.00000 0.00000 0.00000 0.00000 0.00000 0.00000 0.00000 0.00000 0.00000 0.00000 0.00000 0.00000 0.00000 0.00000 0.00000 0.00000 0.00000 0.00000 0.00000 0.00000 0.00000 0.00000 0.00000 0.00000 0.00000 0.00000 0.00000 0.00000 0.00000 0.00000 0.00000 0.00000 0.00000 0.00000 0.00000 0.00000 0.00000 0.00000 0.00000 0.00000 0.00000 0.00000 0.00000 0.00000 0.00000 0.00000 0.00000 0.00000 0.00000 0.00000 0.00000 0.00000 0.00000 0.00000 0.00000 0.00000 0.00000 0.00000 0.00000 0.00000 0.00000
0.00000 0.00000 0.00000 0.00000 0.00000 0.00000 0.00000 0.00000 0.00000 0.00000 0.00000 0.00000 0.00000 0.00000 0.00000 0.00000 0.00000 0.00000 0.00000 0.00000 0.00000 0.00000 0.00000 0.00000 0.00000 0.00000 0.00000 0.00000 0.00000 0.00000 0.00000 0.00000 0.00000 0.00000 0.00000 0.00000 0.00000 0.00000 0.00000 0.00000 0.00000 0.00000 0.00000 0.00000 0.00000 0.00000 0.00000 0.00000 0.00000 0.00000 0.00000 0.00000 0.00000 0.00000 0.00000 0.00000 0.00000 0.00000 0.00000 0.00000 0.00000 0.00000 0.00000 0.00000 0.00000
0.00000 0.00000 0.00000 0.00000 0.00000 0.00000 0.00000 0.00000 0.00000 0.00000 0.00000 0.00000 0.00000 0.00000 0.00000 0.00000 0.00000 0.00000 0.00000 0.00000 0.00000 0.00000 0.00000 0.00000 0.00000 0.00000 0.00000 0.00000 0.00000 0.00000 0.00000 0.00000 0.00000 0.00000 0.00000 0.00000 0.00000 0.00000 0.00000 0.00000 0.00000 0.00000 0.00000 0.00000 0.00000 0.00000 0.00000 0.00000 0.00000 0.00000 0.00000 0.00000 0.00000 0.00000 0.00000 0.00000 0.00000 0.00000 0.00000 0.00000 0.00000 0.00000 0.00000 0.00000 0.00000
0.00117 0.00100 0.00079 0.00048 0.00015 0.00001 0.00000 0.00000 0.00000 0.00000 0.00000 0.00000 0.00000 0.00000 0.00000 0.00000 0.00000 0.00000 0.00000 0.00000 0.00000 0.00000 0.00000 0.00000 0.00000 0.00000 0.00000 0.00000 0.00000 0.00000 0.00000 0.00000 0.00000 0.00000 0.00000 0.00000 0.00000 0.00000 0.00000 0.00000 0.00000 0.00000 0.00000 0.00000 0.00000 0.00000 0.00000 0.00000 0.00000 0.00000 0.00000 0.00000 0.00000 0.00000 0.00000 0.00000 0.00000 0.00000 0.00000 0.00000 0.00000 0.00000 0.00000 0.00000 0.00000
0.00433 0.00391 0.00344 0.00283 0.00221 0.00178 0.00149 0.00119 0.00076 0.00027 0.00003 0.00000 0.00000 0.00000 0.00000 0.00000 0.00000 0.00000 0.00000 0.00000 0.00000 0.00000 0.00000 0.00000 0.00000 0.00000 0.00000 0.00000 0.00000 0.00000 0.00000 0.00000 0.00000 0.00000 0.00000 0.00000 0.00000 0.00000 0.00000 0.00000 0.00000 0.00000 0.00000 0.00000 0.00000 0.00000 0.00000 0.00000 0.00000 0.00000 0.00000 0.00000 0.00000 0.00000 0.00000 0.00000 0.00000 0.00000 0.00000 0.00000 0.00000 0.00000 0.00000 0.00000 0.00000
0.01079 0.01010 0.00936 0.00846 0.00752 0.00669 0.00598 0.00526 0.00436 0.00342 0.00272 0.00224 0.00180 0.00118 0.00046 0.00006 0.00000 0.00000 0.00000 0.00000 0.00000 0.00000 0.00000 0.00000 0.00000 0.00000 0.00000 0.00000 0.00000 0.00000 0.00000 0.00000 0.00000 0.00000 0.00000 0.00000 0.00000 0.00000 0.00000 0.00000 0.00000 0.00000 0.00000 0.00000 0.00000 0.00000 0.00000 0.00000 0.00000 0.00000 0.00000 0.00000 0.00000 0.00000 0.00000 0.00000 0.00000 0.00000 0.00000 0.00000 0.00000 0.00000 0.00000 0.00000 0.00000
0.02239 0.02152 0.02057 0.01946 0.01824 0.01705 0.01591 0.01472 0.01335 0.01189 0.01057 0.00942 0.00828 0.00694 0.00548 0.00434 0.00357 0.00289 0.00202 0.00093 0.00018 0.00001 0.00000 0.00000 0.00000 0.00000 0.00000 0.00000 0.00000 0.00000 0.00000 0.00000 0.00000 0.00000 0.00000 0.00000 0.00000 0.00000 0.00000 0.00000 0.00000 0.00000 0.00000 0.00000 0.00000 0.00000 0.00000 0.00000 0.00000 0.00000 0.00000 0.00000 0.00000 0.00000 0.00000 0.00000 0.00000 0.00000 0.00000 0.00000 0.00000 0.00000 0.00000 0.00000 0.00000
0.04159 0.04078 0.03986 0.03875 0.03748 0.03613 0.03474 0.03324 0.03154 0.02968 0.02780 0.02599 0.02413 0.02204 0.01977 0.01765 0.01580 0.01401 0.01196 0.00965 0.00768 0.00629 0.00518 0.00397 0.00237 0.00081 0.00010 0.00000 0.00000 0.00000 0.00000 0.00000 0.00000 0.00000 0.00000 0.00000 0.00000 0.00000 0.00000 0.00000 0.00000 0.00000 0.00000 0.00000 0.00000 0.00000 0.00000 0.00000 0.00000 0.00000 0.00000 0.00000 0.00000 0.00000 0.00000 0.00000 0.00000 0.00000 0.00000 0.00000 0.00000 0.00000 0.00000 0.00000 0.00000
0.07174 0.07146 0.07101 0.07035 0.06948 0.06843 0.06726 0.06591 0.06431 0.06246 0.06047 0.05839 0.05617 0.05366 0.05087 0.04803 0.04524 0.04241 0.03926 0.03575 0.03233 0.02926 0.02640 0.02332 0.01969 0.01601 0.01313 0.01100 0.00912 0.00696 0.00430 0.00181 0.00046 0.00010 0.00003 0.00002 0.00001 0.00000 0.00000 0.00000 0.00000 0.00000 0.00000 0.00000 0.00000 0.00000 0.00000 0.00000 0.00000 0.00000 0.00000 0.00000 0.00000 0.00000 0.00000 0.00000 0.00000 0.00000 0.00000 0.00000 0.00000 0.00000 0.00000 0.00000 0.00000
0.11730 0.11827 0.11906 0.11962 0.11993 0.12002 0.11990 0.11956 0.11893 0.11799 0.11680 0.11539 0.11375 0.11175 0.10938 0.10676 0.10399 0.10102 0.09765 0.09382 0.08976 0.08574 0.08172 0.07733 0.07228 0.06689 0.06181 0.05722 0.05272 0.04763 0.04161 0.03542 0.03025 0.02629 0.02288 0.01919 0.01471 0.00982 0.00567 0.00307 0.00177 0.00116 0.00083 0.00063 0.00049 0.00040 0.00033 0.00029 0.00026 0.00023 0.00021 0.00018 0.00015 0.00012 0.00009 0.00006 0.00004 0.00003 0.00001 0.00001 0.00000 0.00000 0.00000 0.00000 0.00000
0.18401 0.18737 0.19054 0.19351 0.19626 0.19877 0.20107 0.20312 0.20490 0.20636 0.20752 0.20841 0.20900 0.20923 0.20905 0.20852 0.20770 0.20658 0.20502 0.20294 0.20047 0.19778 0.19490 0.19160 0.18762 0.18310 0.17849 0.17403 0.16951 0.16433 0.15814 0.15144 0.14521 0.13985 0.13485 0.12908 0.12170 0.11309 0.10485 0.09835 0.09350 0.08892 0.08293 0.07475 0.06506 0.05551 0.04721 0.04083 0.03631 0.03304 0.02986 0.02660 0.02323 0.01979 0.01638 0.01311 0.01008 0.00741 0.00518 0.00346 0.00223 0.00141 0.00086 0.00050 0.00028
0.27922 0.28654 0.29378 0.30090 0.30788 0.31470 0.32138 0.32788 0.33419 0.34026 0.34610 0.35171 0.35708 0.36215 0.36690 0.37132 0.37547 0.37934 0.38286 0.38597 0.38870 0.39119 0.39348 0.39548 0.39702 0.39816 0.39919 0.40037 0.40168 0.40279 0.40347 0.40403 0.40523 0.40759 0.41092 0.41446 0.41759 0.42070 0.42515 0.43194 0.44059 0.44824 0.45184 0.45086 0.44683 0.44185 0.43624 0.42707 0.41097 0.38757 0.36121 0.33643 0.31146 0.28448 0.25529 0.22431 0.19223 0.16007 0.12912 0.10109 0.07722 0.05781 0.04251 0.03058 0.02124
0.41212 0.42563 0.43923 0.45290 0.46662 0.48037 0.49416 0.50798 0.52179 0.53557 0.54932 0.56303 0.57670 0.59030 0.60380 0.61720 0.63054 0.64382 0.65704 0.67016 0.68321 0.69632 0.70958 0.72302 0.73662 0.75049 0.76493 0.78029 0.79686 0.81473 0.83407 0.85546 0.87981 0.90803 0.94059 0.97554 1.00945 1.04103 1.06997 1.09606 1.11853 1.13724 1.15255 1.16498 1.17567 1.18533 1.19335 1.19828 1.19899 1.19460 1.18261 1.15854 1.12596 1.08965 1.04848 0.99948 0.93961 0.86737 0.78309 0.69006 0.59210 0.49481 0.40405 0.32397 0.25523
0.59446 0.61717 0.64028 0.66379 0.68769 0.71197 0.73664 0.76170 0.78712 0.81292 0.83908 0.86562 0.89255 0.91987 0.94760 0.97577 1.00444 1.03369 1.06363 1.09435 1.12603 1.15899 1.19361 1.23039 1.26997 1.31332 1.36190 1.41776 1.48148 1.54839 1.61574 1.68193 1.74573 1.80586 1.86076 1.91062 1.95715 2.00081 2.04200 2.08099 2.11772 2.15169 2.18257 2.21042 2.23565 2.25846 2.27850 2.29513 2.30789 2.31656 2.32057 2.31827 2.30532 2.28107 2.24663 2.20201 2.14639 2.07939 2.00159 1.91120 1.80338 1.67440 1.52227 1.34873 1.16143
0.84209 0.87819 0.91524 0.95325 0.99224 1.03224 1.07327 1.11538 1.15861 1.20301 1.24865 1.29565 1.34414 1.39433 1.44648 1.50103 1.55860 1.62018 1.68732 1.76263 1.85039 1.94847 2.05151 2.15662 2.26184 2.36543 2.46537 2.55898 2.64493 2.72679 2.80599 2.88294 2.95772 3.03031 3.10055 3.16806 3.23253 3.29373 3.35165 3.40637 3.45779 3.50567 3.54972 3.58988 3.62618 3.65856 3.68671 3.71022 3.72869 3.74186 3.74939 3.75074 3.74486 3.72923 3.70248 3.66411 3.61436 3.55556 3.49081 3.41616 3.32680 3.21861 3.08782 2.93082 2.74350
1.17941 1.23541 1.29342 1.35355 1.41597 1.48089 1.54857 1.61945 1.69411 1.77356 1.85950 1.95526 2.06780 2.19663 2.33487 2.47857 2.62521 2.77273 2.91883 3.06024 3.19182 3.31485 3.43348 3.54938 3.66313 3.77485 3.88449 3.99193 4.09700 4.19952 4.29933 4.39620 4.48995 4.58042 4.66743 4.75070 4.82996 4.90496 4.97562 5.04186 5.10354 5.16046 5.21241 5.25918 5.30065 5.33663 5.36686 5.39099 5.40869 5.41962 5.42344 5.41981 5.40892 5.38905 5.35857 5.31637 5.26319 5.20531 5.14463 5.07579 4.99482 4.89789 4.78097 4.63996 4.47069
1.65965 1.75210 1.85270 1.96690 2.10535 2.26240 2.43175 2.60966 2.79353 2.98116 3.17005 3.35628 3.53210 3.69720 3.85690 4.01357 4.16817 4.32102 4.47213 4.62132 4.76843 4.91311 5.05530 5.19485 5.33162 5.46540 5.59601 5.72329 5.84707 5.96719 6.08345 6.19563 6.30349 6.40683 6.50542 6.59905 6.68742 6.77032 6.84755 6.91894 6.98434 7.04353 7.09631 7.14246 7.18180 7.21416 7.23927 7.25686 7.26665 7.26831 7.26198 7.24742 7.22407 7.19120 7.14773 7.09285 7.02863 6.96476 6.89852 6.82414 6.73836 6.63791 6.51938 6.37931 6.21422
2.77359 2.99118 3.21265 3.43221 3.63876 3.83714 4.03179 4.22466 4.41661 4.60791 4.79847 4.98806 5.17644 5.36306 5.54780 5.73049 5.91093 6.08889 6.26413 6.43639 6.60543 6.77106 6.93311 7.09141 7.24579 7.39605 7.54199 7.68342 7.82013 7.95192 8.07858 8.19982 8.31541 8.42512 8.52868 8.62586 8.71642 8.80008 8.87663 8.94589 9.00767 9.06178 9.10806 9.14633 9.17643 9.19816 9.21136 9.21579 9.21136 9.19841 9.17618 9.14440 9.10292 9.05136 8.98907 8.91568 8.83618 8.76034 8.68101 8.59319 8.49399 8.38049 8.24979 8.09901 7.92531
4.37465 4.59775 4.82160 5.04582 5.26995 5.49343 5.71617 5.93801 6.15866 6.37787 6.59532 6.81069 7.02365 7.23389 7.44124 7.64549 7.84643 8.04381 8.23738 8.42692 8.61215 8.79287 8.96888 9.13998 9.30597 9.46661 9.62167 9.77094 9.91416 10.05110 10.18150 10.30511 10.42168 10.53096 10.63269 10.72663 10.81252 10.89016 10.95933 11.01985 11.07159 11.11440 11.14815 11.17270 11.18794 11.19373 11.19001 11.17707 11.15463 11.12207 11.07934 11.02645 10.96331 10.88974 10.80545 10.71027 10.61342 10.52057 10.42296 10.31652 10.19862 10.06670 9.91827 9.75087 9.56210
5.98902 6.24648 6.50316 6.75870 7.01270 7.26484 7.51495 7.76287 8.00834 8.25112 8.49094 8.72750 8.96054 9.18981 9.41506 9.63610 9.85269 10.06456 10.27147 10.47314 10.66936 10.85986 11.04444 11.22286 11.39486 11.56024 11.71871 11.87005 12.01397 12.15027 12.27868 12.39898 12.51091 12.61420 12.70865 12.79405 12.87016 12.93681 12.99386 13.04117 13.07863 13.10615 13.12363 13.13100 13.12825 13.11557 13.09285 13.05963 13.01594 12.96171 12.89694 12.82162 12.73577 12.63931 12.53220 12.41457 12.29905 12.18584 12.06673 11.93862 11.79919 11.64625 11.47765 11.29128 11.08506
7.60647 7.89480 8.18094 8.46454 8.74527 9.02290 9.29721 9.56799 9.83506 10.09814 10.35700 10.61139 10.86105 11.10572 11.34519 11.57920 11.80751 12.02987 12.24602 12.45571 12.65869 12.85472 13.04355 13.22495 13.39867 13.56447 13.72207 13.87127 14.01182 14.14349 14.26606 14.37931 14.48300 14.57696 14.66096 14.73482 14.79841 14.85159 14.89427 14.92635 14.94775 14.95843 14.95840 14.94778 14.92652 14.89435 14.85131 14.79740 14.73264 14.65707 14.57070 14.47359 14.36578 14.24726 14.11821 13.97932 13.84427 13.70914 13.56734 13.41658 13.25492 13.08048 12.89145 12.68600 12.46229
9.12229 9.43810 9.75042 10.05894 10.36334 10.66340 10.95887 11.24955 11.53519 11.81559 12.09049 12.35966 12.62285 12.87981 13.13031 13.37412 13.61098 13.84064 14.06288 14.27744 14.48409 14.68258 14.87269 15.05415 15.22676 15.39027 15.54445 15.68912 15.82403 15.94900 16.06383 16.16833 16.26231 16.34560 16.41804 16.47954 16.52999 16.56928 16.59737 16.61419 16.61974 16.61411 16.59728 16.56909 16.52962 16.47889 16.41696 16.34390 16.25976 16.16461 16.05853 15.94157 15.81386 15.67540 15.52648 15.36850 15.21384 15.05685 14.89281 14.72006 14.53700 14.34211 14.13384 13.91060 13.67071
10.46881 10.80824 11.14303 11.47287 11.79746 12.11653 12.42983 12.73710 13.03815 13.33274 13.62063 13.90158 14.17537 14.44174 14.70048 14.95135 15.19414 15.42859 15.65450 15.87166 16.07979 16.27871 16.46817 16.64798 16.81789 16.97773 17.12730 17.26639 17.39486 17.51249 17.61914 17.71464 17.79885 17.87165 17.93296 17.98265 18.02070 18.04704 18.06164 18.06450 18.05568 18.03511 18.00282 17.95888 17.90336 17.83633 17.75789 17.66812 17.56713 17.45500 17.33183 17.19775 17.05287 16.89727 16.73119 16.55658 16.38326 16.20587 16.02135 15.82851 15.62612 15.41290 15.18756 14.94867 14.69468
