tests/data/gray99/saval2D/outputs/resuh9.asc
north:     17.44
south:      0.00
east:      60.51
west:       0.00
rows:   68
cols:  236
[rows 29 to 57 of 68, columns 134 to 200 of 236]
1.37659 1.38253 1.38794 1.39278 1.39703 1.40064 1.40361 1.40590 1.40750 1.40841 1.40862 1.40812 1.40692 1.40503 1.40246 1.39922 1.39533 1.39081 1.38567 1.37993 1.37361 1.36676 1.35923 1.35068 1.34088 1.32986 1.31759 1.30403 1.28911 1.27276 1.25487 1.23530 1.21392 1.19054 1.16499 1.13706 1.10654 1.07318 1.03668 0.99667 0.95263 0.90388 0.84942 0.78786 0.71738 0.63582 0.54127 0.43355 0.31668 0.20140 0.10425 0.03979 0.00962 0.00115 0.00005 0.00001 0.00001 0.00001 0.00001 0.00001 0.00001 0.00001 0.00001 0.00001 0.00001 0.00001 0.00001
1.39808 1.40429 1.41004 1.41528 1.41996 1.42406 1.42752 1.43033 1.43245 1.43386 1.43454 1.43448 1.43368 1.43212 1.42982 1.42677 1.42299 1.41849 1.41329 1.40742 1.40087 1.39371 1.38581 1.37683 1.36656 1.35504 1.34224 1.32814 1.31268 1.29579 1.27737 1.25730 1.23544 1.21163 1.18568 1.15741 1.12659 1.09299 1.05632 1.01623 0.97224 0.92369 0.86966 0.80887 0.73959 0.65974 0.56733 0.46167 0.34567 0.22839 0.12530 0.05222 0.01445 0.00213 0.00012 0.00001 0.00001 0.00001 0.00001 0.00001 0.00001 0.00001 0.00001 0.00001 0.00001 0.00001 0.00001
1.41243 1.41887 1.42487 1.43041 1.43543 1.43989 1.44374 1.44694 1.44945 1.45125 1.45231 1.45260 1.45212 1.45084 1.44877 1.44589 1.44223 1.43779 1.43258 1.42663 1.41996 1.41260 1.40446 1.39519 1.38460 1.37274 1.35957 1.34509 1.32924 1.31196 1.29316 1.27272 1.25051 1.22637 1.20013 1.17159 1.14055 1.10676 1.06995 1.02978 0.98578 0.93733 0.88356 0.82324 0.75472 0.67600 0.58505 0.48094 0.36587 0.24777 0.14115 0.06229 0.01880 0.00318 0.00022 0.00001 0.00001 0.00001 0.00001 0.00001 0.00001 0.00001 0.00001 0.00001 0.00001 0.00001 0.00001
1.42000 1.42656 1.43272 1.43842 1.44363 1.44829 1.45236 1.45580 1.45858 1.46063 1.46195 1.46248 1.46221 1.46112 1.45921 1.45647 1.45291 1.44853 1.44336 1.43739 1.43066 1.42321 1.41495 1.40554 1.39478 1.38272 1.36935 1.35465 1.33858 1.32108 1.30205 1.28140 1.25898 1.23464 1.20821 1.17950 1.14831 1.11439 1.07748 1.03723 0.99320 0.94478 0.89111 0.83101 0.76287 0.68473 0.59459 0.49139 0.37699 0.25872 0.15045 0.06850 0.02168 0.00395 0.00031 0.00002 0.00001 0.00001 0.00001 0.00001 0.00001 0.00001 0.00001 0.00001 0.00001 0.00001 0.00001
1.42095 1.42756 1.43377 1.43954 1.44482 1.44957 1.45373 1.45726 1.46011 1.46226 1.46366 1.46427 1.46409 1.46307 1.46123 1.45856 1.45505 1.45072 1.44557 1.43963 1.43290 1.42546 1.41718 1.40775 1.39696 1.38486 1.37144 1.35669 1.34055 1.32298 1.30389 1.28316 1.26066 1.23625 1.20974 1.18096 1.14969 1.11571 1.07873 1.03842 0.99433 0.94586 0.89215 0.83201 0.76386 0.68572 0.59559 0.49241 0.37801 0.25967 0.15123 0.06901 0.02193 0.00401 0.00031 0.00002 0.00001 0.00001 0.00001 0.00001 0.00001 0.00001 0.00001 0.00001 0.00001 0.00001 0.00001
1.41529 1.42187 1.42804 1.43377 1.43899 1.44368 1.44777 1.45122 1.45400 1.45607 1.45740 1.45796 1.45773 1.45669 1.45483 1.45215 1.44865 1.44434 1.43923 1.43335 1.42671 1.41936 1.41117 1.40185 1.39117 1.37919 1.36588 1.35124 1.33522 1.31774 1.29874 1.27809 1.25566 1.23130 1.20484 1.17609 1.14483 1.11084 1.07384 1.03348 0.98932 0.94072 0.88682 0.82641 0.75785 0.67912 0.58822 0.48417 0.36907 0.25073 0.14354 0.06382 0.01948 0.00335 0.00024 0.00001 0.00001 0.00001 0.00001 0.00001 0.00001 0.00001 0.00001 0.00001 0.00001 0.00001 0.00001
1.40300 1.40945 1.41548 1.42103 1.42606 1.43053 1.43440 1.43763 1.44018 1.44203 1.44314 1.44351 1.44311 1.44193 1.43996 1.43722 1.43369 1.42940 1.42436 1.41858 1.41208 1.40492 1.39695 1.38787 1.37744 1.36573 1.35270 1.33834 1.32258 1.30538 1.28662 1.26621 1.24399 1.21982 1.19351 1.16488 1.13372 1.09979 1.06280 1.02241 0.97815 0.92936 0.87514 0.81420 0.74486 0.66502 0.57270 0.46713 0.35105 0.23330 0.12914 0.05456 0.01542 0.00235 0.00014 0.00001 0.00001 0.00001 0.00001 0.00001 0.00001 0.00001 0.00001 0.00001 0.00001 0.00001 0.00001
1.38378 1.39004 1.39583 1.40110 1.40582 1.40995 1.41346 1.41632 1.41850 1.42000 1.42078 1.42084 1.42017 1.41877 1.41665 1.41380 1.41024 1.40598 1.40103 1.39542 1.38915 1.38227 1.37465 1.36594 1.35592 1.34463 1.33204 1.31811 1.30279 1.28601 1.26766 1.24762 1.22575 1.20188 1.17584 1.14743 1.11644 1.08262 1.04568 1.00527 0.96087 0.91179 0.85707 0.79535 0.72480 0.64330 0.54890 0.44129 0.32423 0.20810 0.10925 0.04260 0.01065 0.00134 0.00006 0.00001 0.00001 0.00001 0.00001 0.00001 0.00001 0.00001 0.00001 0.00001 0.00001 0.00001 0.00001
1.35725 1.36325 1.36872 1.37362 1.37792 1.38160 1.38464 1.38702 1.38874 1.38977 1.39014 1.38982 1.38883 1.38718 1.38487 1.38192 1.37835 1.37416 1.36938 1.36401 1.35807 1.35160 1.34445 1.33627 1.32681 1.31609 1.30410 1.29077 1.27605 1.25984 1.24203 1.22250 1.20109 1.17764 1.15195 1.12384 1.09307 1.05941 1.02255 0.98208 0.93748 0.88800 0.83256 0.76970 0.69747 0.61365 0.51651 0.40647 0.28889 0.17617 0.08557 0.02965 0.00619 0.00059 0.00002 0.00001 0.00001 0.00001 0.00001 0.00001 0.00001 0.00001 0.00001 0.00001 0.00001 0.00001 0.00001
1.32285 1.32855 1.33363 1.33809 1.34190 1.34506 1.34755 1.34939 1.35057 1.35111 1.35101 1.35030 1.34899 1.34710 1.34464 1.34164 1.33812 1.33410 1.32958 1.32457 1.31909 1.31317 1.30665 1.29914 1.29039 1.28041 1.26916 1.25658 1.24259 1.22709 1.20996 1.19105 1.17021 1.14725 1.12200 1.09424 1.06374 1.03025 0.99344 0.95288 0.90798 0.85790 0.80145 0.73700 0.66246 0.57560 0.47507 0.36255 0.24565 0.13921 0.06047 0.01772 0.00286 0.00019 0.00001 0.00001 0.00001 0.00001 0.00001 0.00001 0.00001 0.00001 0.00001 0.00001 0.00001 0.00001 0.00001
1.27989 1.28525 1.28991 1.29389 1.29718 1.29978 1.30171 1.30298 1.30364 1.30369 1.30317 1.30211 1.30054 1.29849 1.29598 1.29305 1.28970 1.28597 1.28185 1.27736 1.27249 1.26729 1.26155 1.25488 1.24700 1.23791 1.22756 1.21586 1.20273 1.18806 1.17170 1.15350 1.13330 1.11091 1.08614 1.05876 1.02855 0.99522 0.95842 0.91766 0.87229 0.82133 0.76345 0.69681 0.61917 0.52843 0.42402 0.30961 0.19585 0.09989 0.03712 0.00861 0.00096 0.00004 0.00001 0.00001 0.00001 0.00001 0.00001 0.00001 0.00001 0.00001 0.00001 0.00001 0.00001 0.00001 0.00001
1.22748 1.23250 1.23676 1.24027 1.24305 1.24513 1.24654 1.24733 1.24753 1.24720 1.24637 1.24510 1.24341 1.24136 1.23897 1.23627 1.23328 1.23002 1.22649 1.22271 1.21864 1.21433 1.20956 1.20390 1.19705 1.18899 1.17966 1.16897 1.15681 1.14305 1.12754 1.11012 1.09061 1.06882 1.04453 1.01754 0.98758 0.95436 0.91746 0.87634 0.83023 0.77799 0.71807 0.64842 0.56670 0.47122 0.36291 0.24839 0.14227 0.06275 0.01881 0.00312 0.00021 0.00001 0.00001 0.00001 0.00001 0.00001 0.00001 0.00001 0.00001 0.00001 0.00001 0.00001 0.00001 0.00001 0.00001
1.16459 1.16933 1.17324 1.17637 1.17875 1.18042 1.18146 1.18192 1.18186 1.18134 1.18042 1.17916 1.17760 1.17578 1.17375 1.17153 1.16914 1.16658 1.16388 1.16101 1.15795 1.15473 1.15111 1.14663 1.14096 1.13407 1.12589 1.11630 1.10518 1.09240 1.07779 1.06117 1.04236 1.02115 0.99734 0.97068 0.94091 0.90766 0.87049 0.82874 0.78146 0.72733 0.66452 0.59075 0.50380 0.40296 0.29182 0.18196 0.09106 0.03286 0.00722 0.00073 0.00003 0.00001 0.00001 0.00001 0.00001 0.00001 0.00001 0.00001 0.00001 0.00001 0.00001 0.00001 0.00001 0.00001 0.00001
1.08999 1.09458 1.09831 1.10123 1.10342 1.10494 1.10587 1.10628 1.10626 1.10588 1.10520 1.10428 1.10318 1.10194 1.10058 1.09915 1.09764 1.09608 1.09445 1.09275 1.09093 1.08900 1.08673 1.08359 1.07923 1.07362 1.06667 1.05824 1.04822 1.03643 1.02271 1.00688 0.98873 0.96806 0.94464 0.91822 0.88848 0.85502 0.81728 0.77445 0.72537 0.66843 0.60150 0.52217 0.42883 0.32347 0.21490 0.11817 0.04892 0.01320 0.00184 0.00010 0.00001 0.00001 0.00001 0.00001 0.00001 0.00001 0.00001 0.00001 0.00001 0.00001 0.00001 0.00001 0.00001 0.00001 0.00001
1.00234 1.00701 1.01084 1.01390 1.01626 1.01801 1.01925 1.02007 1.02054 1.02075 1.02076 1.02063 1.02041 1.02015 1.01986 1.01958 1.01931 1.01905 1.01879 1.01850 1.01815 1.01772 1.01696 1.01530 1.01237 1.00812 1.00244 0.99520 0.98626 0.97544 0.96256 0.94744 0.92986 0.90961 0.88645 0.86008 0.83014 0.79612 0.75732 0.71272 0.66084 0.59969 0.52689 0.44089 0.34297 0.23907 0.14099 0.06459 0.02024 0.00355 0.00025 0.00001 0.00001 0.00001 0.00001 0.00001 0.00001 0.00001 0.00001 0.00001 0.00001 0.00001 0.00001 0.00001 0.00001 0.00001 0.00001
0.90019 0.90537 0.90978 0.91349 0.91658 0.91917 0.92133 0.92316 0.92473 0.92612 0.92739 0.92860 0.92978 0.93097 0.93220 0.93348 0.93480 0.93617 0.93756 0.93895 0.94027 0.94153 0.94241 0.94234 0.94089 0.93802 0.93361 0.92751 0.91957 0.90962 0.89746 0.88291 0.86573 0.84572 0.82257 0.79596 0.76542 0.73029 0.68961 0.64203 0.58581 0.51924 0.44115 0.35161 0.25387 0.15744 0.07761 0.02713 0.00562 0.00051 0.00002 0.00001 0.00001 0.00001 0.00001 0.00001 0.00001 0.00001 0.00001 0.00001 0.00001 0.00001 0.00001 0.00001 0.00001 0.00001 0.00001
0.78224 0.78861 0.79434 0.79948 0.80413 0.80836 0.81225 0.81587 0.81930 0.82258 0.82579 0.82894 0.83209 0.83526 0.83846 0.84170 0.84498 0.84828 0.85158 0.85485 0.85802 0.86108 0.86370 0.86524 0.86526 0.86371 0.86046 0.85537 0.84828 0.83900 0.82735 0.81313 0.79610 0.77600 0.75248 0.72509 0.69321 0.65608 0.61277 0.56215 0.50273 0.43262 0.35070 0.25913 0.16623 0.08620 0.03251 0.00757 0.00083 0.00004 0.00001 0.00001 0.00001 0.00001 0.00001 0.00001 0.00001 0.00001 0.00001 0.00001 0.00001 0.00001 0.00001 0.00001 0.00001 0.00001 0.00001
0.64794 0.65650 0.66458 0.67221 0.67945 0.68634 0.69293 0.69927 0.70539 0.71136 0.71719 0.72293 0.72861 0.73423 0.73983 0.74539 0.75092 0.75639 0.76179 0.76707 0.77216 0.77704 0.78135 0.78442 0.78576 0.78534 0.78304 0.77870 0.77215 0.76322 0.75172 0.73742 0.72010 0.69955 0.67549 0.64758 0.61529 0.57773 0.53339 0.48027 0.41627 0.34041 0.25478 0.16673 0.08920 0.03532 0.00888 0.00110 0.00005 0.00001 0.00001 0.00001 0.00001 0.00001 0.00001 0.00001 0.00001 0.00001 0.00001 0.00001 0.00001 0.00001 0.00001 0.00001 0.00001 0.00001 0.00001
0.49898 0.51095 0.52261 0.53394 0.54490 0.55551 0.56577 0.57569 0.58530 0.59463 0.60370 0.61255 0.62118 0.62963 0.63791 0.64601 0.65394 0.66168 0.66920 0.67645 0.68335 0.68987 0.69562 0.69987 0.70213 0.70240 0.70060 0.69665 0.69050 0.68206 0.67124 0.65790 0.64185 0.62274 0.59998 0.57273 0.53984 0.49979 0.45087 0.39144 0.32083 0.24108 0.15896 0.08623 0.03498 0.00916 0.00122 0.00006 0.00001 0.00001 0.00001 0.00001 0.00001 0.00001 0.00001 0.00001 0.00001 0.00001 0.00001 0.00001 0.00001 0.00001 0.00001 0.00001 0.00001 0.00001 0.00001
0.34282 0.35900 0.37502 0.39076 0.40613 0.42106 0.43553 0.44951 0.46301 0.47603 0.48860 0.50074 0.51246 0.52380 0.53475 0.54532 0.55548 0.56521 0.57447 0.58325 0.59151 0.59934 0.60642 0.61207 0.61588 0.61791 0.61809 0.61630 0.61235 0.60603 0.59706 0.58511 0.56972 0.55033 0.52618 0.49626 0.45927 0.41371 0.35821 0.29247 0.21875 0.14359 0.07767 0.03155 0.00834 0.00113 0.00006 0.00001 0.00001 0.00001 0.00001 0.00001 0.00001 0.00001 0.00001 0.00001 0.00001 0.00001 0.00001 0.00001 0.00001 0.00001 0.00001 0.00001 0.00001 0.00001 0.00001
0.19720 0.21622 0.23543 0.25462 0.27359 0.29221 0.31036 0.32795 0.34492 0.36124 0.37690 0.39191 0.40627 0.42003 0.43323 0.44594 0.45820 0.47011 0.48171 0.49303 0.50405 0.51475 0.52470 0.53307 0.53925 0.54325 0.54492 0.54412 0.54069 0.53444 0.52508 0.51222 0.49531 0.47361 0.44615 0.41171 0.36902 0.31710 0.25616 0.18895 0.12194 0.06467 0.02570 0.00664 0.00088 0.00005 0.00001 0.00001 0.00001 0.00001 0.00001 0.00001 0.00001 0.00001 0.00001 0.00001 0.00001 0.00001 0.00001 0.00001 0.00001 0.00001 0.00001 0.00001 0.00001 0.00001 0.00001
0.08742 0.10462 0.12288 0.14189 0.16134 0.18093 0.20044 0.21968 0.23852 0.25688 0.27472 0.29201 0.30878 0.32507 0.34093 0.35637 0.37140 0.38602 0.40017 0.41382 0.42684 0.43923 0.45051 0.45981 0.46654 0.47077 0.47242 0.47135 0.46739 0.46027 0.44957 0.43475 0.41507 0.38962 0.35735 0.31727 0.26894 0.21326 0.15352 0.09607 0.04907 0.01863 0.00455 0.00057 0.00003 0.00001 0.00001 0.00001 0.00001 0.00001 0.00001 0.00001 0.00001 0.00001 0.00001 0.00001 0.00001 0.00001 0.00001 0.00001 0.00001 0.00001 0.00001 0.00001 0.00001 0.00001 0.00001
0.02505 0.03540 0.04778 0.06197 0.07770 0.09464 0.11244 0.13080 0.14945 0.16818 0.18685 0.20534 0.22355 0.24140 0.25880 0.27573 0.29214 0.30801 0.32331 0.33797 0.35189 0.36503 0.37687 0.38642 0.39309 0.39698 0.39801 0.39603 0.39079 0.38187 0.36873 0.35070 0.32696 0.29672 0.25944 0.21531 0.16597 0.11519 0.06883 0.03319 0.01172 0.00261 0.00029 0.00002 0.00001 0.00001 0.00001 0.00001 0.00001 0.00001 0.00001 0.00001 0.00001 0.00001 0.00001 0.00001 0.00001 0.00001 0.00001 0.00001 0.00001 0.00001 0.00001 0.00001 0.00001 0.00001 0.00001
0.00283 0.00585 0.01060 0.01736 0.02620 0.03706 0.04975 0.06398 0.07946 0.09588 0.11295 0.13038 0.14798 0.16555 0.18296 0.20008 0.21683 0.23310 0.24880 0.26382 0.27800 0.29126 0.30297 0.31207 0.31797 0.32081 0.32049 0.31677 0.30930 0.29757 0.28102 0.25905 0.23125 0.19762 0.15906 0.11781 0.07770 0.04355 0.01937 0.00618 0.00121 0.00012 0.00001 0.00001 0.00001 0.00001 0.00001 0.00001 0.00001 0.00001 0.00001 0.00001 0.00001 0.00001 0.00001 0.00001 0.00001 0.00001 0.00001 0.00001 0.00001 0.00001 0.00001 0.00001 0.00001 0.00001 0.00001
0.00004 0.00018 0.00066 0.00188 0.00428 0.00828 0.01412 0.02189 0.03151 0.04280 0.05551 0.06938 0.08411 0.09945 0.11514 0.13096 0.14670 0.16219 0.17723 0.19163 0.20514 0.21758 0.22825 0.23604 0.24037 0.24142 0.23901 0.23286 0.22261 0.20787 0.18838 0.16418 0.13586 0.10484 0.07358 0.04534 0.02333 0.00933 0.00260 0.00043 0.00004 0.00001 0.00001 0.00001 0.00001 0.00001 0.00001 0.00001 0.00001 0.00001 0.00001 0.00001 0.00001 0.00001 0.00001 0.00001 0.00001 0.00001 0.00001 0.00001 0.00001 0.00001 0.00001 0.00001 0.00001 0.00001 0.00001
0.00001 0.00001 0.00001 0.00003 0.00015 0.00055 0.00161 0.00371 0.00720 0.01226 0.01894 0.02719 0.03686 0.04774 0.05957 0.07208 0.08499 0.09801 0.11087 0.12326 0.13483 0.14529 0.15386 0.15949 0.16169 0.16059 0.15604 0.14784 0.13588 0.12026 0.10145 0.08041 0.05870 0.03841 0.02167 0.00999 0.00348 0.00082 0.00011 0.00002 0.00001 0.00001 0.00001 0.00001 0.00001 0.00001 0.00001 0.00001 0.00001 0.00001 0.00001 0.00001 0.00001 0.00001 0.00001 0.00001 0.00001 0.00001 0.00001 0.00001 0.00001 0.00001 0.00001 0.00001 0.00001 0.00001 0.00001
0.00001 0.00001 0.00001 0.00001 0.00001 0.00001 0.00004 0.00015 0.00055 0.00149 0.00327 0.00613 0.01019 0.01549 0.02197 0.02947 0.03775 0.04656 0.05556 0.06442 0.07270 0.08005 0.08574 0.08888 0.08913 0.08661 0.08129 0.07329 0.06297 0.05095 0.03823 0.02601 0.01557 0.00786 0.00315 0.00092 0.00018 0.00003 0.00001 0.00001 0.00001 0.00001 0.00001 0.00001 0.00001 0.00001 0.00001 0.00001 0.00001 0.00001 0.00001 0.00001 0.00001 0.00001 0.00001 0.00001 0.00001 0.00001 0.00001 0.00001 0.00001 0.00001 0.00001 0.00001 0.00001 0.00001 0.00001
0.00001 0.00001 0.00001 0.00001 0.00001 0.00001 0.00001 0.00001 0.00001 0.00004 0.00016 0.00049 0.00122 0.00251 0.00449 0.00722 0.01067 0.01472 0.01918 0.02377 0.02818 0.03205 0.03486 0.03605 0.03543 0.03313 0.02933 0.02438 0.01878 0.01318 0.00822 0.00441 0.00194 0.00065 0.00016 0.00003 0.00001 0.00001 0.00001 0.00001 0.00001 0.00001 0.00001 0.00001 0.00001 0.00001 0.00001 0.00001 0.00001 0.00001 0.00001 0.00001 0.00001 0.00001 0.00001 0.00001 0.00001 0.00001 0.00001 0.00001 0.00001 0.00001 0.00001 0.00001 0.00001 0.00001 0.00001
0.00001 0.00001 0.00001 0.00001 0.00001 0.00001 0.00001 0.00001 0.00001 0.00001 0.00001 0.00002 0.00004 0.00012 0.00033 0.00073 0.00140 0.00235 0.00357 0.00496 0.00639 0.00767 0.00856 0.00882 0.00839 0.00737 0.00595 0.00435 0.00283 0.00159 0.00075 0.00028 0.00008 0.00002 0.00001 0.00001 0.00001 0.00001 0.00001 0.00001 0.00001 0.00001 0.00001 0.00001 0.00001 0.00001 0.00001 0.00001 0.00001 0.00001 0.00001 0.00001 0.00001 0.00001 0.00001 0.00001 0.00001 0.00001 0.00001 0.00001 0.00001 0.00001 0.00001 0.00001 0.00001 0.00001 0.00001
