tests/data/gray99/saval2D/outputs/resuh9.asc
north:     17.44
south:      0.00
east:      60.51
west:       0.00
rows:   68
cols:  236
[rows 0 to 28 of 68, columns 0 to 66 of 236]
0.00001 0.00001 0.00001 0.00001 0.00001 0.00001 0.00001 0.00001 0.00001 0.00001 0.00001 0.00001 0.00001 0.00001 0.00001 0.00001 0.00001 0.00001 0.00001 0.00001 0.00001 0.00001 0.00001 0.00001 0.00001 0.00001 0.00001 0.00001 0.00001 0.00001 0.00001 0.00001 0.00001 0.00001 0.00001 0.00001 0.00001 0.00001 0.00001 0.00001 0.00001 0.00001 0.00001 0.00001 0.00001 0.00001 0.00001 0.00001 0.00001 0.00001 0.00001 0.00001 0.00001 0.00001 0.00001 0.00001 0.00001 0.00001 0.00001 0.00001 0.00001 0.00001 0.00001 0.00001 0.00001 0.00001 0.00001
0.00001 0.00001 0.00001 0.00001 0.00001 0.00001 0.00001 0.00001 0.00001 0.00001 0.00001 0.00001 0.00001 0.00001 0.00001 0.00001 0.00001 0.00001 0.00001 0.00001 0.00001 0.00001 0.00001 0.00001 0.00001 0.00001 0.00001 0.00001 0.00001 0.00001 0.00001 0.00001 0.00001 0.00001 0.00001 0.00001 0.00001 0.00001 0.00001 0.00001 0.00001 0.00001 0.00001 0.00001 0.00001 0.00001 0.00001 0.00001 0.00001 0.00001 0.00001 0.00001 0.00001 0.00001 0.00001 0.00001 0.00001 0.00001 0.00001 0.00001 0.00001 0.00001 0.00001 0.00001 0.00001 0.00001 0.00001
0.00001 0.00001 0.00001 0.00001 0.00001 0.00001 0.00001 0.00001 0.00001 0.00001 0.00001 0.00001 0.00001 0.00001 0.00001 0.00001 0.00001 0.00001 0.00001 0.00001 0.00001 0.00001 0.00001 0.00001 0.00001 0.00001 0.00001 0.00001 0.00001 0.00001 0.00001 0.00001 0.00001 0.00001 0.00001 0.00001 0.00001 0.00001 0.00001 0.00001 0.00001 0.00001 0.00001 0.00001 0.00001 0.00001 0.00001 0.00001 0.00001 0.00001 0.00001 0.00001 0.00001 0.00001 0.00001 0.00001 0.00001 0.00001 0.00001 0.00001 0.00001 0.00001 0.00001 0.00001 0.00001 0.00001 0.00001
0.00001 0.00001 0.00001 0.00001 0.00001 0.00001 0.00001 0.00001 0.00001 0.00001 0.00001 0.00001 0.00001 0.00001 0.00001 0.00001 0.00001 0.00001 0.00001 0.00001 0.00001 0.00001 0.00001 0.00001 0.00001 0.00001 0.00001 0.00001 0.00001 0.00001 0.00001 0.00001 0.00001 0.00001 0.00001 0.00001 0.00001 0.00001 0.00001 0.00001 0.00001 0.00001 0.00001 0.00001 0.00001 0.00001 0.00001 0.00001 0.00001 0.00001 0.00001 0.00001 0.00001 0.00001 0.00001 0.00001 0.00001 0.00001 0.00001 0.00001 0.00001 0.00001 0.00001 0.00001 0.00001 0.00001 0.00001
0.00001 0.00001 0.00001 0.00001 0.00001 0.00001 0.00001 0.00001 0.00001 0.00001 0.00001 0.00001 0.00001 0.00001 0.00001 0.00001 0.00001 0.00001 0.00001 0.00001 0.00001 0.00001 0.00001 0.00001 0.00001 0.00001 0.00001 0.00001 0.00002 0.00004 0.00006 0.00008 0.00010 0.00012 0.00013 0.00013 0.00012 0.00009 0.00007 0.00004 0.00002 0.00001 0.00001 0.00001 0.00001 0.00001 0.00001 0.00001 0.00001 0.00001 0.00001 0.00001 0.00001 0.00001 0.00001 0.00001 0.00001 0.00001 0.00001 0.00001 0.00001 0.00001 0.00001 0.00001 0.00001 0.00001 0.00001
0.00001 0.00001 0.00001 0.00001 0.00001 0.00001 0.00001 0.00001 0.00001 0.00001 0.00001 0.00001 0.00001 0.00001 0.00001 0.00001 0.00001 0.00001 0.00001 0.00001 0.00001 0.00001 0.00001 0.00002 0.00007 0.00013 0.00020 0.00026 0.00031 0.00036 0.00040 0.00044 0.00048 0.00052 0.00054 0.00056 0.00057 0.00058 0.00057 0.00057 0.00056 0.00055 0.00052 0.00047 0.00039 0.00027 0.00013 0.00004 0.00001 0.00001 0.00001 0.00001 0.00001 0.00001 0.00001 0.00001 0.00001 0.00001 0.00001 0.00001 0.00001 0.00001 0.00001 0.00001 0.00001 0.00001 0.00001
0.00001 0.00001 0.00001 0.00001 0.00001 0.00001 0.00001 0.00001 0.00001 0.00001 0.00001 0.00001 0.00001 0.00001 0.00001 0.00001 0.00001 0.00001 0.00001 0.00001 0.00001 0.00006 0.00014 0.00022 0.00031 0.00040 0.00051 0.00061 0.00070 0.00079 0.00086 0.00094 0.00100 0.00106 0.00111 0.00115 0.00119 0.00121 0.00123 0.00124 0.00124 0.00123 0.00120 0.00115 0.00106 0.00096 0.00086 0.00080 0.00076 0.00073 0.00067 0.00055 0.00033 0.00011 0.00002 0.00001 0.00001 0.00001 0.00001 0.00001 0.00001 0.00001 0.00001 0.00001 0.00001 0.00001 0.00001
0.00001 0.00001 0.00001 0.00001 0.00001 0.00001 0.00001 0.00001 0.00001 0.00001 0.00001 0.00001 0.00001 0.00001 0.00001 0.00001 0.00001 0.00001 0.00001 0.00007 0.00017 0.00027 0.00039 0.00051 0.00064 0.00078 0.00092 0.00106 0.00120 0.00133 0.00145 0.00156 0.00166 0.00175 0.00183 0.00190 0.00196 0.00201 0.00205 0.00208 0.00210 0.00211 0.00209 0.00205 0.00198 0.00188 0.00180 0.00173 0.00168 0.00163 0.00155 0.00141 0.00122 0.00105 0.00095 0.00090 0.00084 0.00072 0.00050 0.00021 0.00004 0.00001 0.00001 0.00001 0.00001 0.00001 0.00001
0.00001 0.00001 0.00001 0.00001 0.00001 0.00001 0.00001 0.00001 0.00001 0.00001 0.00001 0.00001 0.00001 0.00001 0.00001 0.00001 0.00001 0.00003 0.00014 0.00025 0.00040 0.00055 0.00071 0.00089 0.00107 0.00125 0.00144 0.00163 0.00181 0.00199 0.00215 0.00230 0.00245 0.00258 0.00270 0.00280 0.00290 0.00298 0.00305 0.00311 0.00315 0.00318 0.00318 0.00316 0.00311 0.00304 0.00297 0.00290 0.00285 0.00279 0.00271 0.00258 0.00240 0.00222 0.00210 0.00200 0.00191 0.00176 0.00153 0.00129 0.00113 0.00104 0.00095 0.00080 0.00053 0.00020 0.00004
0.00001 0.00001 0.00001 0.00001 0.00001 0.00001 0.00001 0.00001 0.00001 0.00001 0.00001 0.00001 0.00001 0.00001 0.00001 0.00001 0.00007 0.00018 0.00033 0.00050 0.00069 0.00090 0.00112 0.00135 0.00158 0.00182 0.00206 0.00230 0.00253 0.00276 0.00297 0.00317 0.00336 0.00354 0.00371 0.00386 0.00399 0.00411 0.00422 0.00431 0.00439 0.00444 0.00448 0.00449 0.00447 0.00443 0.00438 0.00432 0.00427 0.00422 0.00414 0.00403 0.00386 0.00370 0.00355 0.00343 0.00331 0.00316 0.00293 0.00269 0.00249 0.00235 0.00221 0.00201 0.00172 0.00145 0.00127
0.00001 0.00001 0.00001 0.00001 0.00001 0.00001 0.00001 0.00001 0.00001 0.00001 0.00001 0.00001 0.00001 0.00001 0.00001 0.00010 0.00023 0.00039 0.00059 0.00081 0.00106 0.00132 0.00160 0.00188 0.00217 0.00247 0.00277 0.00306 0.00335 0.00364 0.00391 0.00417 0.00441 0.00464 0.00486 0.00506 0.00524 0.00541 0.00556 0.00570 0.00581 0.00591 0.00598 0.00603 0.00605 0.00604 0.00602 0.00599 0.00596 0.00592 0.00586 0.00576 0.00562 0.00547 0.00532 0.00519 0.00506 0.00490 0.00469 0.00445 0.00423 0.00404 0.00386 0.00364 0.00336 0.00307 0.00283
0.00001 0.00001 0.00001 0.00001 0.00001 0.00001 0.00001 0.00001 0.00001 0.00001 0.00001 0.00001 0.00001 0.00001 0.00011 0.00026 0.00043 0.00065 0.00090 0.00118 0.00148 0.00180 0.00214 0.00249 0.00284 0.00320 0.00356 0.00392 0.00428 0.00462 0.00496 0.00528 0.00559 0.00588 0.00616 0.00642 0.00666 0.00688 0.00708 0.00726 0.00743 0.00757 0.00769 0.00779 0.00785 0.00789 0.00791 0.00791 0.00790 0.00789 0.00785 0.00778 0.00768 0.00755 0.00742 0.00728 0.00715 0.00699 0.00680 0.00658 0.00635 0.00614 0.00593 0.00570 0.00542 0.00512 0.00485
0.00001 0.00001 0.00001 0.00001 0.00001 0.00001 0.00001 0.00001 0.00001 0.00001 0.00001 0.00001 0.00001 0.00011 0.00026 0.00046 0.00069 0.00096 0.00127 0.00161 0.00197 0.00235 0.00275 0.00317 0.00359 0.00402 0.00445 0.00488 0.00530 0.00572 0.00613 0.00652 0.00690 0.00726 0.00760 0.00793 0.00823 0.00852 0.00878 0.00902 0.00925 0.00944 0.00962 0.00977 0.00989 0.00998 0.01005 0.01009 0.01012 0.01014 0.01014 0.01011 0.01004 0.00995 0.00984 0.00973 0.00960 0.00946 0.00929 0.00909 0.00887 0.00866 0.00844 0.00820 0.00793 0.00764 0.00735
0.00001 0.00001 0.00001 0.00001 0.00001 0.00001 0.00001 0.00001 0.00001 0.00001 0.00001 0.00001 0.00011 0.00026 0.00046 0.00070 0.00099 0.00132 0.00169 0.00209 0.00251 0.00296 0.00343 0.00391 0.00441 0.00491 0.00542 0.00592 0.00642 0.00692 0.00741 0.00788 0.00834 0.00878 0.00920 0.00960 0.00998 0.01033 0.01067 0.01098 0.01127 0.01153 0.01177 0.01198 0.01217 0.01232 0.01245 0.01255 0.01263 0.01269 0.01274 0.01275 0.01273 0.01269 0.01262 0.01253 0.01243 0.01232 0.01218 0.01200 0.01181 0.01161 0.01140 0.01117 0.01092 0.01063 0.01034
0.00001 0.00001 0.00001 0.00001 0.00001 0.00001 0.00001 0.00001 0.00001 0.00001 0.00001 0.00008 0.00023 0.00044 0.00069 0.00099 0.00134 0.00173 0.00216 0.00262 0.00311 0.00363 0.00417 0.00473 0.00530 0.00589 0.00647 0.00706 0.00765 0.00823 0.00880 0.00936 0.00991 0.01043 0.01094 0.01143 0.01189 0.01233 0.01275 0.01314 0.01351 0.01385 0.01416 0.01445 0.01470 0.01493 0.01513 0.01529 0.01544 0.01556 0.01566 0.01573 0.01577 0.01578 0.01576 0.01572 0.01567 0.01559 0.01548 0.01535 0.01520 0.01502 0.01484 0.01463 0.01440 0.01415 0.01387
0.00001 0.00001 0.00001 0.00001 0.00001 0.00001 0.00001 0.00001 0.00001 0.00001 0.00005 0.00020 0.00040 0.00065 0.00096 0.00132 0.00173 0.00218 0.00267 0.00320 0.00376 0.00436 0.00498 0.00562 0.00627 0.00694 0.00762 0.00830 0.00897 0.00965 0.01032 0.01097 0.01162 0.01224 0.01285 0.01343 0.01399 0.01453 0.01503 0.01552 0.01597 0.01640 0.01680 0.01718 0.01752 0.01783 0.01810 0.01835 0.01857 0.01877 0.01893 0.01907 0.01918 0.01926 0.01931 0.01933 0.01933 0.01930 0.01925 0.01917 0.01907 0.01894 0.01879 0.01863 0.01843 0.01822 0.01798
0.00001 0.00001 0.00001 0.00001 0.00001 0.00001 0.00001 0.00001 0.00001 0.00001 0.00015 0.00035 0.00060 0.00091 0.00127 0.00169 0.00215 0.00267 0.00323 0.00383 0.00447 0.00514 0.00584 0.00657 0.00732 0.00808 0.00885 0.00963 0.01041 0.01119 0.01196 0.01272 0.01347 0.01420 0.01492 0.01561 0.01628 0.01692 0.01754 0.01813 0.01869 0.01922 0.01972 0.02019 0.02063 0.02103 0.02140 0.02174 0.02205 0.02233 0.02259 0.02281 0.02300 0.02316 0.02328 0.02338 0.02345 0.02350 0.02351 0.02350 0.02346 0.02340 0.02331 0.02320 0.02306 0.02290 0.02271
0.00001 0.00001 0.00001 0.00001 0.00001 0.00001 0.00001 0.00001 0.00001 0.00012 0.00029 0.00053 0.00083 0.00119 0.00161 0.00209 0.00262 0.00320 0.00383 0.00451 0.00523 0.00599 0.00678 0.00760 0.00844 0.00930 0.01018 0.01106 0.01195 0.01284 0.01373 0.01461 0.01548 0.01633 0.01717 0.01798 0.01877 0.01954 0.02027 0.02098 0.02166 0.02231 0.02292 0.02351 0.02406 0.02457 0.02506 0.02551 0.02592 0.02630 0.02666 0.02698 0.02727 0.02752 0.02774 0.02793 0.02809 0.02822 0.02833 0.02840 0.02844 0.02846 0.02845 0.02841 0.02835 0.02826 0.02815
0.00001 0.00001 0.00001 0.00001 0.00001 0.00001 0.00001 0.00001 0.00007 0.00023 0.00046 0.00075 0.00110 0.00152 0.00199 0.00253 0.00313 0.00378 0.00449 0.00524 0.00605 0.00689 0.00778 0.00869 0.00964 0.01061 0.01160 0.01260 0.01361 0.01463 0.01564 0.01665 0.01765 0.01864 0.01961 0.02056 0.02149 0.02239 0.02326 0.02411 0.02492 0.02570 0.02645 0.02717 0.02785 0.02849 0.02910 0.02968 0.03021 0.03072 0.03119 0.03163 0.03203 0.03240 0.03274 0.03304 0.03331 0.03355 0.03376 0.03393 0.03408 0.03420 0.03429 0.03435 0.03438 0.03439 0.03437
0.00001 0.00001 0.00001 0.00001 0.00001 0.00001 0.00001 0.00002 0.00016 0.00037 0.00064 0.00098 0.00139 0.00187 0.00240 0.00301 0.00367 0.00440 0.00518 0.00603 0.00692 0.00786 0.00884 0.00987 0.01093 0.01201 0.01313 0.01426 0.01540 0.01655 0.01771 0.01886 0.02001 0.02114 0.02227 0.02337 0.02445 0.02551 0.02654 0.02754 0.02850 0.02944 0.03034 0.03121 0.03204 0.03283 0.03359 0.03431 0.03499 0.03564 0.03625 0.03683 0.03737 0.03787 0.03834 0.03878 0.03918 0.03955 0.03989 0.04019 0.04047 0.04071 0.04093 0.04111 0.04127 0.04140 0.04151
0.00001 0.00001 0.00001 0.00001 0.00001 0.00001 0.00001 0.00011 0.00028 0.00053 0.00086 0.00125 0.00171 0.00224 0.00285 0.00352 0.00426 0.00506 0.00593 0.00686 0.00785 0.00889 0.00999 0.01112 0.01230 0.01352 0.01476 0.01603 0.01732 0.01863 0.01994 0.02125 0.02256 0.02386 0.02516 0.02643 0.02769 0.02892 0.03013 0.03130 0.03245 0.03356 0.03464 0.03568 0.03668 0.03765 0.03858 0.03947 0.04032 0.04114 0.04191 0.04265 0.04336 0.04403 0.04466 0.04526 0.04582 0.04634 0.04684 0.04730 0.04774 0.04814 0.04851 0.04885 0.04917 0.04946 0.04972
0.00001 0.00001 0.00001 0.00001 0.00001 0.00001 0.00004 0.00020 0.00042 0.00072 0.00109 0.00154 0.00206 0.00265 0.00332 0.00406 0.00488 0.00577 0.00673 0.00775 0.00884 0.00999 0.01120 0.01247 0.01378 0.01513 0.01652 0.01795 0.01940 0.02087 0.02235 0.02384 0.02534 0.02683 0.02831 0.02978 0.03124 0.03267 0.03408 0.03546 0.03681 0.03812 0.03941 0.04065 0.04186 0.04303 0.04416 0.04525 0.04630 0.04732 0.04829 0.04923 0.05013 0.05099 0.05182 0.05261 0.05337 0.05409 0.05478 0.05544 0.05607 0.05667 0.05724 0.05778 0.05830 0.05879 0.05926
0.00001 0.00001 0.00001 0.00001 0.00001 0.00001 0.00012 0.00031 0.00058 0.00092 0.00134 0.00184 0.00242 0.00308 0.00382 0.00464 0.00554 0.00652 0.00757 0.00870 0.00990 0.01117 0.01250 0.01390 0.01536 0.01686 0.01842 0.02001 0.02164 0.02329 0.02497 0.02666 0.02836 0.03007 0.03177 0.03347 0.03515 0.03681 0.03845 0.04007 0.04166 0.04321 0.04473 0.04622 0.04767 0.04908 0.05045 0.05178 0.05307 0.05433 0.05554 0.05672 0.05785 0.05896 0.06002 0.06106 0.06205 0.06302 0.06396 0.06486 0.06574 0.06659 0.06742 0.06822 0.06900 0.06977 0.07052
0.00001 0.00001 0.00001 0.00001 0.00001 0.00003 0.00019 0.00043 0.00074 0.00113 0.00161 0.00217 0.00281 0.00354 0.00435 0.00525 0.00624 0.00731 0.00846 0.00970 0.01102 0.01242 0.01389 0.01544 0.01705 0.01872 0.02046 0.02224 0.02406 0.02593 0.02782 0.02974 0.03168 0.03363 0.03558 0.03754 0.03948 0.04142 0.04333 0.04523 0.04710 0.04894 0.05074 0.05252 0.05426 0.05596 0.05762 0.05924 0.06083 0.06238 0.06389 0.06536 0.06680 0.06821 0.06958 0.07092 0.07223 0.07351 0.07477 0.07600 0.07721 0.08024 0.08909 0.10272 0.12018 0.14079 0.16408
0.00001 0.00001 0.00001 0.00001 0.00001 0.00009 0.00028 0.00056 0.00091 0.00136 0.00189 0.00251 0.00321 0.00401 0.00491 0.00589 0.00697 0.00814 0.00941 0.01077 0.01222 0.01375 0.01538 0.01708 0.01887 0.02073 0.02266 0.02466 0.02671 0.02881 0.03095 0.03313 0.03535 0.03758 0.03983 0.04208 0.04434 0.04660 0.04884 0.05107 0.05328 0.05547 0.05763 0.05976 0.06186 0.06392 0.06595 0.06795 0.06992 0.07185 0.07374 0.07561 0.07745 0.07926 0.08120 0.08429 0.09108 0.10162 0.11544 0.13223 0.15175 0.17229 0.19049 0.20776 0.22484 0.24208 0.25962
0.00001 0.00001 0.00001 0.00001 0.00001 0.00015 0.00037 0.00069 0.00109 0.00158 0.00217 0.00285 0.00363 0.00450 0.00548 0.00655 0.00773 0.00902 0.01040 0.01189 0.01348 0.01517 0.01696 0.01885 0.02083 0.02290 0.02506 0.02729 0.02960 0.03197 0.03441 0.03690 0.03943 0.04200 0.04460 0.04723 0.04987 0.05252 0.05517 0.05782 0.06046 0.06310 0.06571 0.06831 0.07090 0.07346 0.07601 0.07860 0.08153 0.08581 0.09205 0.10034 0.11075 0.12336 0.13812 0.15428 0.16981 0.18500 0.20032 0.21598 0.23207 0.24839 0.26455 0.28055 0.29663 0.31296 0.32966
0.00001 0.00001 0.00001 0.00001 0.00003 0.00021 0.00047 0.00082 0.00127 0.00181 0.00245 0.00320 0.00404 0.00500 0.00606 0.00723 0.00852 0.00992 0.01144 0.01307 0.01481 0.01667 0.01865 0.02074 0.02294 0.02525 0.02767 0.03018 0.03279 0.03549 0.03827 0.04112 0.04405 0.04704 0.05009 0.05318 0.05632 0.05950 0.06282 0.06633 0.07011 0.07427 0.07891 0.08419 0.09025 0.09728 0.10545 0.11489 0.12555 0.13677 0.14831 0.16033 0.17292 0.18609 0.19983 0.21403 0.22852 0.24324 0.25830 0.27377 0.28971 0.30604 0.32253 0.33908 0.35570 0.37243 0.38935
0.00001 0.00001 0.00001 0.00001 0.00008 0.00028 0.00058 0.00097 0.00147 0.00207 0.00277 0.00359 0.00452 0.00557 0.00674 0.00803 0.00945 0.01101 0.01269 0.01452 0.01648 0.01858 0.02083 0.02322 0.02575 0.02844 0.03127 0.03426 0.03740 0.04070 0.04417 0.04782 0.05166 0.05572 0.06001 0.06459 0.06950 0.07478 0.08044 0.08651 0.09304 0.10008 0.10767 0.11584 0.12462 0.13403 0.14407 0.15475 0.16605 0.17790 0.19027 0.20315 0.21655 0.23047 0.24491 0.25978 0.27497 0.29042 0.30613 0.32214 0.33846 0.35511 0.37198 0.38899 0.40610 0.42329 0.44056
0.00001 0.00001 0.00001 0.00001 0.00014 0.00037 0.00070 0.00114 0.00168 0.00233 0.00310 0.00398 0.00500 0.00614 0.00742 0.00884 0.01041 0.01212 0.01400 0.01603 0.01823 0.02061 0.02317 0.02591 0.02885 0.03198 0.03533 0.03890 0.04271 0.04676 0.05107 0.05565 0.06054 0.06575 0.07130 0.07723 0.08356 0.09031 0.09752 0.10521 0.11341 0.12212 0.13136 0.14116 0.15151 0.16241 0.17385 0.18585 0.19836 0.21135 0.22479 0.23865 0.25294 0.26765 0.28277 0.29827 0.31408 0.33014 0.34642 0.36292 0.37964 0.39659 0.41374 0.43104 0.44845 0.46594 0.48349
