tests/data/gray99/saval2D/outputs/resuh9.asc
north:     17.44
south:      0.00
east:      60.51
west:       0.00
rows:   68
cols:  236
[rows 0 to 28 of 68, columns 67 to 133 of 236]
0.00001 0.00001 0.00001 0.00001 0.00001 0.00001 0.00001 0.00001 0.00001 0.00001 0.00001 0.00001 0.00001 0.00001 0.00001 0.00001 0.00001 0.00001 0.00001 0.00001 0.00001 0.00001 0.00001 0.00001 0.00001 0.00001 0.00001 0.00001 0.00001 0.00001 0.00001 0.00001 0.00001 0.00001 0.00001 0.00001 0.00001 0.00001 0.00001 0.00001 0.00001 0.00001 0.00001 0.00001 0.00001 0.00001 0.00001 0.00001 0.00001 0.00001 0.00001 0.00001 0.00001 0.00001 0.00001 0.00001 0.00001 0.00001 0.00001 0.00001 0.00001 0.00001 0.00001 0.00001 0.00001 0.00001 0.00001
0.00001 0.00001 0.00001 0.00001 0.00001 0.00001 0.00001 0.00001 0.00001 0.00001 0.00001 0.00001 0.00001 0.00001 0.00001 0.00001 0.00001 0.00001 0.00001 0.00001 0.00001 0.00001 0.00001 0.00001 0.00001 0.00001 0.00001 0.00001 0.00001 0.00001 0.00001 0.00001 0.00001 0.00001 0.00001 0.00001 0.00001 0.00001 0.00001 0.00001 0.00001 0.00001 0.00001 0.00001 0.00001 0.00001 0.00001 0.00001 0.00001 0.00001 0.00001 0.00001 0.00001 0.00001 0.00001 0.00001 0.00001 0.00001 0.00001 0.00001 0.00001 0.00001 0.00001 0.00001 0.00001 0.00001 0.00001
0.00001 0.00001 0.00001 0.00001 0.00001 0.00001 0.00001 0.00001 0.00001 0.00001 0.00001 0.00001 0.00001 0.00001 0.00001 0.00001 0.00001 0.00001 0.00001 0.00001 0.00001 0.00001 0.00001 0.00001 0.00001 0.00001 0.00001 0.00001 0.00001 0.00001 0.00001 0.00001 0.00001 0.00001 0.00001 0.00001 0.00001 0.00001 0.00001 0.00001 0.00001 0.00001 0.00001 0.00001 0.00001 0.00001 0.00001 0.00001 0.00001 0.00001 0.00001 0.00001 0.00001 0.00001 0.00001 0.00001 0.00001 0.00001 0.00001 0.00001 0.00001 0.00001 0.00001 0.00001 0.00001 0.00001 0.00001
0.00001 0.00001 0.00001 0.00001 0.00001 0.00001 0.00001 0.00001 0.00001 0.00001 0.00001 0.00001 0.00001 0.00001 0.00001 0.00001 0.00001 0.00001 0.00001 0.00001 0.00001 0.00001 0.00001 0.00001 0.00001 0.00001 0.00001 0.00001 0.00001 0.00001 0.00001 0.00001 0.00001 0.00001 0.00001 0.00001 0.00001 0.00001 0.00001 0.00001 0.00001 0.00001 0.00001 0.00001 0.00001 0.00001 0.00001 0.00001 0.00001 0.00001 0.00001 0.00001 0.00001 0.00001 0.00001 0.00001 0.00001 0.00001 0.00001 0.00001 0.00001 0.00001 0.00001 0.00001 0.00001 0.00001 0.00001
0.00001 0.00001 0.00001 0.00001 0.00001 0.00001 0.00001 0.00001 0.00001 0.00001 0.00001 0.00001 0.00001 0.00001 0.00001 0.00001 0.00001 0.00001 0.00001 0.00001 0.00001 0.00001 0.00001 0.00001 0.00001 0.00001 0.00001 0.00001 0.00001 0.00001 0.00001 0.00001 0.00001 0.00001 0.00001 0.00001 0.00001 0.00001 0.00001 0.00001 0.00001 0.00001 0.00001 0.00001 0.00001 0.00001 0.00001 0.00001 0.00001 0.00001 0.00001 0.00001 0.00001 0.00001 0.00001 0.00001 0.00001 0.00001 0.00001 0.00001 0.00001 0.00001 0.00001 0.00001 0.00001 0.00001 0.00001
0.00001 0.00001 0.00001 0.00001 0.00001 0.00001 0.00001 0.00001 0.00001 0.00001 0.00001 0.00001 0.00001 0.00001 0.00001 0.00001 0.00001 0.00001 0.00001 0.00001 0.00001 0.00001 0.00001 0.00001 0.00001 0.00001 0.00001 0.00001 0.00001 0.00001 0.00001 0.00001 0.00001 0.00001 0.00001 0.00001 0.00001 0.00001 0.00001 0.00001 0.00001 0.00001 0.00001 0.00001 0.00001 0.00001 0.00001 0.00001 0.00001 0.00001 0.00001 0.00001 0.00001 0.00001 0.00001 0.00001 0.00001 0.00001 0.00001 0.00001 0.00001 0.00001 0.00001 0.00001 0.00001 0.00001 0.00001
0.00001 0.00001 0.00001 0.00001 0.00001 0.00001 0.00001 0.00001 0.00001 0.00001 0.00001 0.00001 0.00001 0.00001 0.00001 0.00001 0.00001 0.00001 0.00001 0.00001 0.00001 0.00001 0.00001 0.00001 0.00001 0.00001 0.00001 0.00001 0.00001 0.00001 0.00001 0.00001 0.00001 0.00001 0.00001 0.00001 0.00001 0.00001 0.00001 0.00001 0.00001 0.00001 0.00001 0.00001 0.00001 0.00001 0.00001 0.00001 0.00001 0.00001 0.00001 0.00001 0.00001 0.00001 0.00001 0.00001 0.00001 0.00001 0.00001 0.00001 0.00001 0.00001 0.00001 0.00001 0.00001 0.00001 0.00001
0.00001 0.00001 0.00001 0.00001 0.00001 0.00001 0.00001 0.00001 0.00001 0.00001 0.00001 0.00001 0.00001 0.00001 0.00001 0.00001 0.00001 0.00001 0.00001 0.00001 0.00001 0.00001 0.00001 0.00001 0.00001 0.00001 0.00001 0.00001 0.00001 0.00001 0.00001 0.00001 0.00001 0.00001 0.00001 0.00001 0.00001 0.00001 0.00001 0.00001 0.00001 0.00001 0.00001 0.00001 0.00001 0.00001 0.00001 0.00001 0.00001 0.00001 0.00001 0.00001 0.00001 0.00001 0.00001 0.00001 0.00001 0.00001 0.00001 0.00001 0.00001 0.00001 0.00001 0.00001 0.00001 0.00001 0.00001
0.00001 0.00001 0.00001 0.00001 0.00001 0.00001 0.00001 0.00001 0.00001 0.00001 0.00001 0.00001 0.00001 0.00001 0.00001 0.00001 0.00001 0.00001 0.00001 0.00001 0.00001 0.00001 0.00001 0.00001 0.00001 0.00001 0.00001 0.00001 0.00001 0.00001 0.00001 0.00001 0.00001 0.00001 0.00001 0.00001 0.00001 0.00001 0.00001 0.00001 0.00001 0.00001 0.00001 0.00001 0.00001 0.00001 0.00001 0.00001 0.00001 0.00001 0.00001 0.00001 0.00001 0.00001 0.00001 0.00001 0.00001 0.00001 0.00001 0.00001 0.00001 0.00001 0.00001 0.00001 0.00001 0.00001 0.00001
0.00115 0.00101 0.00077 0.00040 0.00010 0.00002 0.00001 0.00001 0.00001 0.00001 0.00001 0.00001 0.00001 0.00001 0.00001 0.00001 0.00001 0.00001 0.00001 0.00001 0.00001 0.00001 0.00001 0.00001 0.00001 0.00001 0.00001 0.00001 0.00001 0.00001 0.00001 0.00001 0.00001 0.00001 0.00001 0.00001 0.00001 0.00001 0.00001 0.00001 0.00001 0.00001 0.00001 0.00001 0.00001 0.00001 0.00001 0.00001 0.00001 0.00001 0.00001 0.00001 0.00001 0.00001 0.00001 0.00001 0.00001 0.00001 0.00001 0.00001 0.00001 0.00001 0.00001 0.00001 0.00001 0.00001 0.00001
0.00264 0.00243 0.00214 0.00180 0.00153 0.00136 0.00121 0.00097 0.00058 0.00019 0.00003 0.00001 0.00001 0.00001 0.00001 0.00001 0.00001 0.00001 0.00001 0.00001 0.00001 0.00001 0.00001 0.00001 0.00001 0.00001 0.00001 0.00001 0.00001 0.00001 0.00001 0.00001 0.00001 0.00001 0.00001 0.00001 0.00001 0.00001 0.00001 0.00001 0.00001 0.00001 0.00001 0.00001 0.00001 0.00001 0.00001 0.00001 0.00001 0.00001 0.00001 0.00001 0.00001 0.00001 0.00001 0.00001 0.00001 0.00001 0.00001 0.00001 0.00001 0.00001 0.00001 0.00001 0.00001 0.00001 0.00001
0.00461 0.00435 0.00404 0.00369 0.00338 0.00312 0.00288 0.00257 0.00218 0.00184 0.00161 0.00144 0.00120 0.00080 0.00032 0.00006 0.00001 0.00001 0.00001 0.00001 0.00001 0.00001 0.00001 0.00001 0.00001 0.00001 0.00001 0.00001 0.00001 0.00001 0.00001 0.00001 0.00001 0.00001 0.00001 0.00001 0.00001 0.00001 0.00001 0.00001 0.00001 0.00001 0.00001 0.00001 0.00001 0.00001 0.00001 0.00001 0.00001 0.00001 0.00001 0.00001 0.00001 0.00001 0.00001 0.00001 0.00001 0.00001 0.00001 0.00001 0.00001 0.00001 0.00001 0.00001 0.00001 0.00001 0.00001
0.00707 0.00679 0.00646 0.00611 0.00576 0.00544 0.00514 0.00479 0.00439 0.00400 0.00369 0.00341 0.00308 0.00265 0.00223 0.00194 0.00174 0.00151 0.00114 0.00059 0.00015 0.00002 0.00001 0.00001 0.00001 0.00001 0.00001 0.00001 0.00001 0.00001 0.00001 0.00001 0.00001 0.00001 0.00001 0.00001 0.00001 0.00001 0.00001 0.00001 0.00001 0.00001 0.00001 0.00001 0.00001 0.00001 0.00001 0.00001 0.00001 0.00001 0.00001 0.00001 0.00001 0.00001 0.00001 0.00001 0.00001 0.00001 0.00001 0.00001 0.00001 0.00001 0.00001 0.00001 0.00001 0.00001 0.00001
0.01005 0.00976 0.00943 0.00908 0.00871 0.00837 0.00802 0.00765 0.00724 0.00682 0.00644 0.00609 0.00570 0.00525 0.00480 0.00441 0.00409 0.00376 0.00332 0.00281 0.00241 0.00216 0.00195 0.00167 0.00119 0.00056 0.00013 0.00002 0.00001 0.00001 0.00001 0.00001 0.00001 0.00001 0.00001 0.00001 0.00001 0.00001 0.00001 0.00001 0.00001 0.00001 0.00001 0.00001 0.00001 0.00001 0.00001 0.00001 0.00001 0.00001 0.00001 0.00001 0.00001 0.00001 0.00001 0.00001 0.00001 0.00001 0.00001 0.00001 0.00001 0.00001 0.00001 0.00001 0.00001 0.00003 0.00014
0.01359 0.01330 0.01298 0.01264 0.01228 0.01192 0.01156 0.01118 0.01076 0.01034 0.00992 0.00952 0.00910 0.00864 0.00816 0.00772 0.00731 0.00690 0.00642 0.00591 0.00544 0.00505 0.00471 0.00432 0.00381 0.00325 0.00284 0.00258 0.00238 0.00213 0.00173 0.00115 0.00057 0.00024 0.00012 0.00007 0.00005 0.00004 0.00003 0.00002 0.00002 0.00001 0.00001 0.00001 0.00001 0.00001 0.00001 0.00001 0.00001 0.00001 0.00001 0.00001 0.00001 0.00001 0.00001 0.00001 0.00001 0.00001 0.00001 0.00001 0.00002 0.00005 0.00016 0.00050 0.00136 0.00311 0.00617
0.01772 0.01745 0.01716 0.01685 0.01651 0.01616 0.01581 0.01543 0.01503 0.01462 0.01419 0.01377 0.01334 0.01288 0.01240 0.01192 0.01147 0.01101 0.01052 0.00999 0.00948 0.00901 0.00858 0.00812 0.00759 0.00703 0.00653 0.00613 0.00578 0.00541 0.00494 0.00436 0.00383 0.00346 0.00321 0.00302 0.00282 0.00256 0.00220 0.00180 0.00143 0.00114 0.00095 0.00082 0.00073 0.00066 0.00060 0.00055 0.00053 0.00052 0.00052 0.00054 0.00058 0.00063 0.00069 0.00076 0.00087 0.00106 0.00144 0.00222 0.00357 0.00578 0.00918 0.01407 0.02074 0.02940 0.04010
0.02251 0.02228 0.02203 0.02176 0.02147 0.02116 0.02083 0.02049 0.02012 0.01973 0.01933 0.01893 0.01851 0.01806 0.01760 0.01713 0.01667 0.01620 0.01571 0.01519 0.01467 0.01417 0.01369 0.01320 0.01266 0.01210 0.01156 0.01108 0.01064 0.01020 0.00970 0.00913 0.00858 0.00811 0.00774 0.00743 0.00713 0.00679 0.00637 0.00592 0.00550 0.00529 0.00535 0.00562 0.00605 0.00664 0.00737 0.00820 0.00914 0.01018 0.01136 0.01270 0.01427 0.01615 0.01848 0.02125 0.02443 0.02809 0.03254 0.03820 0.04536 0.05421 0.06481 0.07717 0.09121 0.10679 0.12369
0.02801 0.02785 0.02767 0.02746 0.02723 0.02698 0.02672 0.02643 0.02612 0.02579 0.02544 0.02508 0.02470 0.02431 0.02389 0.02346 0.02303 0.02259 0.02214 0.02166 0.02117 0.02069 0.02021 0.01973 0.01923 0.01870 0.01817 0.01768 0.01721 0.01676 0.01627 0.01574 0.01521 0.01478 0.01525 0.01642 0.01817 0.02043 0.02317 0.02637 0.03003 0.03403 0.03832 0.04293 0.04786 0.05311 0.05871 0.06472 0.07118 0.07806 0.08530 0.09281 0.10054 0.10839 0.11630 0.12423 0.13212 0.14028 0.14910 0.15881 0.16967 0.18180 0.19520 0.20976 0.22534 0.24172 0.25868
0.03433 0.03426 0.03417 0.03406 0.03392 0.03376 0.03358 0.03338 0.03315 0.03291 0.03265 0.03237 0.03208 0.03177 0.03144 0.03109 0.03074 0.03037 0.03000 0.02960 0.02919 0.02878 0.02838 0.02797 0.02754 0.02710 0.02742 0.02985 0.03380 0.03887 0.04493 0.05196 0.05990 0.06864 0.07736 0.08624 0.09533 0.10459 0.11399 0.12358 0.13340 0.14350 0.15386 0.16445 0.17520 0.18602 0.19684 0.20760 0.21828 0.22888 0.23940 0.24980 0.26005 0.27010 0.27987 0.28944 0.29893 0.30896 0.31947 0.33043 0.34186 0.35380 0.36622 0.37905 0.39220 0.40556 0.41900
0.04159 0.04164 0.04168 0.04168 0.04167 0.04163 0.04158 0.04150 0.04140 0.04129 0.04115 0.04100 0.04084 0.04066 0.04046 0.04025 0.04003 0.03980 0.03956 0.04106 0.04632 0.05413 0.06380 0.07473 0.08705 0.10066 0.11466 0.12769 0.14040 0.15308 0.16574 0.17837 0.19100 0.20364 0.21633 0.22902 0.24169 0.25430 0.26681 0.27920 0.29147 0.30366 0.31580 0.32792 0.34001 0.35205 0.36397 0.37572 0.38722 0.39843 0.40930 0.41982 0.42996 0.43971 0.44910 0.45840 0.46823 0.47889 0.49001 0.50137 0.51284 0.52427 0.53557 0.54666 0.55746 0.56793 0.57803
0.04996 0.05018 0.05037 0.05055 0.05070 0.05083 0.05094 0.05104 0.05112 0.05118 0.05123 0.05126 0.05129 0.05927 0.07011 0.08371 0.09963 0.11654 0.13501 0.15315 0.16909 0.18413 0.19890 0.21372 0.22847 0.24316 0.25782 0.27239 0.28680 0.30105 0.31512 0.32901 0.34273 0.35629 0.36973 0.38306 0.39627 0.40938 0.42234 0.43514 0.44774 0.46013 0.47232 0.48433 0.49614 0.50778 0.51923 0.53046 0.54143 0.55211 0.56245 0.57242 0.58199 0.59113 0.59997 0.60910 0.61934 0.63042 0.64190 0.65351 0.66500 0.67617 0.68684 0.69692 0.70632 0.71501 0.72296
0.05971 0.06014 0.06055 0.06094 0.06132 0.06168 0.06625 0.07636 0.09094 0.10881 0.12912 0.15147 0.17525 0.19206 0.20795 0.22351 0.23900 0.25501 0.27118 0.28745 0.30356 0.31942 0.33500 0.35036 0.36551 0.38048 0.39529 0.40996 0.42447 0.43882 0.45300 0.46699 0.48079 0.49439 0.50779 0.52101 0.53404 0.54690 0.55959 0.57209 0.58439 0.59648 0.60834 0.61997 0.63136 0.64252 0.65344 0.66411 0.67451 0.68462 0.69440 0.70383 0.71288 0.72153 0.73001 0.73938 0.75007 0.76145 0.77313 0.78482 0.79627 0.80726 0.81759 0.82713 0.83579 0.84352 0.85032
0.07518 0.08600 0.10152 0.12066 0.14270 0.16716 0.18947 0.20897 0.22687 0.24382 0.25993 0.27580 0.29214 0.30895 0.32580 0.34235 0.35862 0.37472 0.39071 0.40661 0.42241 0.43809 0.45363 0.46900 0.48420 0.49923 0.51408 0.52875 0.54324 0.55756 0.57169 0.58562 0.59935 0.61286 0.62615 0.63922 0.65207 0.66471 0.67713 0.68933 0.70132 0.71308 0.72460 0.73589 0.74693 0.75771 0.76822 0.77847 0.78843 0.79809 0.80743 0.81643 0.82506 0.83335 0.84171 0.85150 0.86248 0.87396 0.88564 0.89725 0.90855 0.91931 0.92937 0.93858 0.94685 0.95413 0.96038
0.18613 0.20548 0.22363 0.24139 0.25914 0.27704 0.29496 0.31208 0.32831 0.34397 0.35978 0.37611 0.39269 0.40938 0.42607 0.44267 0.45914 0.47546 0.49165 0.50769 0.52360 0.53936 0.55496 0.57040 0.58566 0.60073 0.61561 0.63029 0.64477 0.65905 0.67312 0.68697 0.70062 0.71404 0.72723 0.74019 0.75290 0.76538 0.77760 0.78959 0.80133 0.81283 0.82408 0.83507 0.84581 0.85628 0.86647 0.87638 0.88600 0.89532 0.90432 0.91298 0.92130 0.92931 0.93775 0.94787 0.95891 0.97031 0.98181 0.99317 1.00418 1.01466 1.02444 1.03340 1.04145 1.04852 1.05459
0.27719 0.29425 0.31091 0.32742 0.34396 0.36066 0.37753 0.39434 0.41104 0.42776 0.44464 0.46155 0.47843 0.49526 0.51203 0.52871 0.54528 0.56173 0.57803 0.59419 0.61020 0.62605 0.64173 0.65722 0.67254 0.68765 0.70256 0.71725 0.73172 0.74596 0.75998 0.77376 0.78732 0.80063 0.81371 0.82654 0.83912 0.85145 0.86352 0.87532 0.88687 0.89816 0.90918 0.91994 0.93042 0.94063 0.95056 0.96020 0.96954 0.97858 0.98730 0.99570 1.00376 1.01155 1.02020 1.03043 1.04133 1.05247 1.06363 1.07462 1.08526 1.09539 1.10488 1.11361 1.12152 1.12853 1.13461
0.34666 0.36374 0.38081 0.39782 0.41482 0.43183 0.44889 0.46600 0.48316 0.50038 0.51760 0.53477 0.55188 0.56889 0.58581 0.60262 0.61930 0.63584 0.65223 0.66845 0.68451 0.70039 0.71609 0.73160 0.74691 0.76201 0.77690 0.79157 0.80600 0.82020 0.83416 0.84787 0.86134 0.87455 0.88751 0.90021 0.91266 0.92484 0.93675 0.94840 0.95978 0.97088 0.98171 0.99226 1.00254 1.01253 1.02223 1.03164 1.04076 1.04957 1.05806 1.06623 1.07408 1.08173 1.09055 1.10069 1.11129 1.12204 1.13276 1.14330 1.15351 1.16326 1.17245 1.18099 1.18879 1.19581 1.20200
0.40646 0.42373 0.44109 0.45848 0.47587 0.49326 0.51064 0.52803 0.54547 0.56291 0.58030 0.59760 0.61481 0.63192 0.64892 0.66579 0.68253 0.69911 0.71553 0.73178 0.74785 0.76373 0.77941 0.79489 0.81016 0.82522 0.84005 0.85465 0.86902 0.88315 0.89703 0.91066 0.92403 0.93714 0.94998 0.96256 0.97487 0.98692 0.99869 1.01019 1.02141 1.03235 1.04301 1.05338 1.06348 1.07328 1.08279 1.09202 1.10094 1.10955 1.11786 1.12584 1.13352 1.14109 1.14996 1.15984 1.17004 1.18032 1.19055 1.20060 1.21037 1.21975 1.22865 1.23700 1.24474 1.25180 1.25815
0.45793 0.47539 0.49293 0.51050 0.52809 0.54568 0.56325 0.58082 0.59838 0.61595 0.63344 0.65083 0.66808 0.68522 0.70223 0.71911 0.73583 0.75241 0.76881 0.78504 0.80108 0.81693 0.83257 0.84799 0.86320 0.87819 0.89295 0.90747 0.92176 0.93580 0.94958 0.96311 0.97638 0.98938 1.00212 1.01458 1.02677 1.03869 1.05033 1.06169 1.07277 1.08357 1.09408 1.10430 1.11424 1.12389 1.13325 1.14231 1.15107 1.15952 1.16767 1.17550 1.18303 1.19056 1.19934 1.20887 1.21860 1.22838 1.23811 1.24769 1.25704 1.26607 1.27471 1.28291 1.29060 1.29773 1.30426
0.50109 0.51873 0.53639 0.55408 0.57176 0.58944 0.60709 0.62471 0.64231 0.65989 0.67741 0.69484 0.71213 0.72926 0.74625 0.76310 0.77979 0.79632 0.81267 0.82885 0.84483 0.86062 0.87619 0.89155 0.90669 0.92160 0.93628 0.95072 0.96491 0.97886 0.99255 1.00598 1.01915 1.03205 1.04468 1.05704 1.06912 1.08092 1.09245 1.10369 1.11465 1.12532 1.13570 1.14580 1.15561 1.16513 1.17436 1.18328 1.19191 1.20024 1.20826 1.21596 1.22338 1.23088 1.23946 1.24858 1.25785 1.26715 1.27641 1.28556 1.29453 1.30325 1.31167 1.31974 1.32740 1.33461 1.34133
