tests/data/gray99/saval2D/outputs/resuqu10.asc
north:     17.44
south:      0.00
east:      60.51
west:       0.00
rows:   68
cols:  236
[rows 29 to 57 of 68, columns 0 to 65 of 236]
0.00000 0.00000 0.00000 0.00000 0.00002 0.00007 0.00017 0.00033 0.00057 0.00091 0.00136 0.00197 0.00273 0.00369 0.00488 0.00631 0.00802 0.01005 0.01244 0.01521 0.01842 0.02210 0.02630 0.03107 0.03646 0.04252 0.04932 0.05691 0.06535 0.07472 0.08510 0.09655 0.10916 0.12301 0.13821 0.15483 0.17299 0.19279 0.21433 0.23772 0.26308 0.29052 0.32013 0.35205 0.38636 0.42319 0.46263 0.50479 0.54975 0.59761 0.64844 0.70231 0.75925 0.81931 0.88251 0.94890 1.01852 1.09142 1.16760 1.24706 1.32974 1.41563 1.50470 1.59696 1.69239 1.79093
0.00000 0.00000 0.00000 0.00000 0.00003 0.00009 0.00021 0.00039 0.00067 0.00105 0.00157 0.00224 0.00311 0.00419 0.00552 0.00713 0.00907 0.01137 0.01409 0.01726 0.02095 0.02520 0.03008 0.03564 0.04196 0.04911 0.05716 0.06620 0.07630 0.08756 0.10006 0.11392 0.12922 0.14606 0.16456 0.18481 0.20692 0.23101 0.25717 0.28550 0.31612 0.34911 0.38457 0.42258 0.46322 0.50657 0.55270 0.60168 0.65356 0.70840 0.76624 0.82712 0.89104 0.95802 1.02806 1.10117 1.17737 1.25666 1.33905 1.42452 1.51302 1.60454 1.69904 1.79650 1.89690 2.00020
0.00000 0.00000 0.00000 0.00000 0.00004 0.00011 0.00024 0.00045 0.00076 0.00118 0.00175 0.00249 0.00344 0.00462 0.00608 0.00785 0.00999 0.01253 0.01553 0.01905 0.02315 0.02790 0.03335 0.03960 0.04672 0.05479 0.06391 0.07416 0.08564 0.09846 0.11272 0.12853 0.14600 0.16523 0.18633 0.20942 0.23461 0.26199 0.29167 0.32376 0.35834 0.39549 0.43528 0.47780 0.52309 0.57121 0.62221 0.67613 0.73301 0.79287 0.85574 0.92160 0.99048 1.06234 1.13719 1.21502 1.29581 1.37955 1.46623 1.55584 1.64834 1.74370 1.84188 1.94287 2.04663 2.15314
0.00000 0.00000 0.00000 0.00001 0.00005 0.00013 0.00027 0.00050 0.00083 0.00128 0.00189 0.00268 0.00368 0.00494 0.00649 0.00837 0.01064 0.01335 0.01655 0.02030 0.02468 0.02976 0.03560 0.04231 0.04995 0.05863 0.06843 0.07947 0.09185 0.10567 0.12104 0.13807 0.15688 0.17759 0.20030 0.22514 0.25220 0.28158 0.31340 0.34773 0.38466 0.42428 0.46664 0.51181 0.55983 0.61076 0.66462 0.72142 0.78119 0.84395 0.90968 0.97840 1.05009 1.12474 1.20232 1.28280 1.36617 1.45239 1.54145 1.63334 1.72803 1.82551 1.92573 2.02867 2.13428 2.24253
0.00000 0.00000 0.00000 0.00001 0.00005 0.00014 0.00029 0.00052 0.00086 0.00133 0.00195 0.00276 0.00379 0.00508 0.00666 0.00859 0.01091 0.01367 0.01695 0.02079 0.02526 0.03045 0.03642 0.04327 0.05107 0.05993 0.06994 0.08121 0.09384 0.10794 0.12362 0.14098 0.16016 0.18125 0.20438 0.22966 0.25719 0.28708 0.31941 0.35429 0.39178 0.43198 0.47493 0.52071 0.56935 0.62090 0.67538 0.73281 0.79319 0.85655 0.92288 0.99217 1.06441 1.13959 1.21768 1.29865 1.38249 1.46918 1.55869 1.65102 1.74613 1.84400 1.94461 2.04792 2.15390 2.26251
0.00000 0.00000 0.00000 0.00001 0.00005 0.00014 0.00028 0.00051 0.00085 0.00131 0.00192 0.00272 0.00374 0.00501 0.00657 0.00846 0.01074 0.01345 0.01666 0.02041 0.02478 0.02983 0.03564 0.04230 0.04987 0.05846 0.06815 0.07904 0.09123 0.10483 0.11995 0.13669 0.15517 0.17550 0.19777 0.22211 0.24862 0.27740 0.30854 0.34215 0.37830 0.41708 0.45853 0.50274 0.54974 0.59959 0.65232 0.70797 0.76656 0.82809 0.89258 0.96002 1.03040 1.10372 1.17997 1.25916 1.34127 1.42629 1.51421 1.60499 1.69862 1.79505 1.89428 1.99629 2.10103 2.20850
0.00000 0.00000 0.00000 0.00001 0.00004 0.00012 0.00026 0.00048 0.00080 0.00123 0.00182 0.00258 0.00355 0.00475 0.00623 0.00802 0.01018 0.01273 0.01574 0.01926 0.02334 0.02804 0.03344 0.03959 0.04659 0.05449 0.06340 0.07338 0.08455 0.09698 0.11078 0.12604 0.14288 0.16139 0.18168 0.20386 0.22802 0.25426 0.28270 0.31341 0.34650 0.38204 0.42012 0.46080 0.50416 0.55026 0.59915 0.65088 0.70549 0.76301 0.82346 0.88685 0.95321 1.02254 1.09488 1.17024 1.24862 1.33003 1.41445 1.50185 1.59221 1.68552 1.78176 1.88092 1.98296 2.08784
0.00000 0.00000 0.00000 0.00000 0.00004 0.00011 0.00023 0.00043 0.00072 0.00112 0.00166 0.00236 0.00325 0.00436 0.00572 0.00736 0.00933 0.01165 0.01437 0.01754 0.02120 0.02540 0.03020 0.03566 0.04182 0.04877 0.05655 0.06525 0.07494 0.08570 0.09761 0.11075 0.12522 0.14111 0.15850 0.17751 0.19822 0.22073 0.24514 0.27156 0.30009 0.33081 0.36383 0.39924 0.43712 0.47758 0.52068 0.56651 0.61512 0.66658 0.72092 0.77820 0.83848 0.90179 0.96821 1.03777 1.11050 1.18641 1.26546 1.34765 1.43297 1.52144 1.61304 1.70777 1.80558 1.90642
0.00000 0.00000 0.00000 0.00000 0.00003 0.00009 0.00020 0.00037 0.00063 0.00099 0.00148 0.00211 0.00291 0.00390 0.00512 0.00658 0.00832 0.01037 0.01277 0.01554 0.01872 0.02235 0.02648 0.03114 0.03637 0.04223 0.04876 0.05600 0.06403 0.07288 0.08262 0.09331 0.10501 0.11780 0.13176 0.14696 0.16348 0.18142 0.20088 0.22196 0.24476 0.26941 0.29600 0.32467 0.35553 0.38870 0.42431 0.46247 0.50326 0.54678 0.59312 0.64237 0.69463 0.75001 0.80859 0.87046 0.93565 1.00416 1.07596 1.15107 1.22954 1.31141 1.39669 1.48533 1.57728 1.67246
0.00000 0.00000 0.00000 0.00000 0.00002 0.00007 0.00016 0.00032 0.00054 0.00086 0.00129 0.00185 0.00255 0.00342 0.00449 0.00576 0.00728 0.00905 0.01111 0.01349 0.01620 0.01927 0.02274 0.02663 0.03097 0.03579 0.04111 0.04696 0.05338 0.06039 0.06802 0.07631 0.08528 0.09499 0.10547 0.11676 0.12894 0.14206 0.15620 0.17147 0.18795 0.20578 0.22508 0.24601 0.26871 0.29336 0.32012 0.34915 0.38056 0.41451 0.45116 0.49066 0.53315 0.57881 0.62776 0.68011 0.73590 0.79511 0.85776 0.92391 0.99368 1.06715 1.14431 1.22507 1.30934 1.39708
0.00000 0.00000 0.00000 0.00000 0.00001 0.00005 0.00013 0.00026 0.00045 0.00073 0.00110 0.00158 0.00219 0.00295 0.00386 0.00496 0.00626 0.00777 0.00952 0.01153 0.01381 0.01638 0.01926 0.02247 0.02602 0.02992 0.03418 0.03883 0.04386 0.04928 0.05509 0.06130 0.06791 0.07492 0.08233 0.09014 0.09837 0.10704 0.11617 0.12582 0.13606 0.14700 0.15877 0.17156 0.18560 0.20118 0.21860 0.23778 0.25890 0.28224 0.30802 0.33649 0.36786 0.40232 0.44008 0.48127 0.52595 0.57409 0.62575 0.68112 0.74036 0.80358 0.87072 0.94165 1.01624 1.09454
0.00000 0.00000 0.00000 0.00000 0.00001 0.00004 0.00010 0.00021 0.00037 0.00061 0.00092 0.00134 0.00186 0.00251 0.00329 0.00423 0.00534 0.00664 0.00813 0.00983 0.01177 0.01394 0.01636 0.01905 0.02201 0.02525 0.02877 0.03257 0.03666 0.04104 0.04569 0.05061 0.05578 0.06120 0.06684 0.07267 0.07869 0.08487 0.09117 0.09759 0.10408 0.11063 0.11722 0.12382 0.13042 0.13700 0.14361 0.15077 0.15888 0.16833 0.17963 0.19334 0.21008 0.23051 0.25529 0.28487 0.31882 0.35554 0.39542 0.43891 0.48631 0.53775 0.59317 0.65241 0.71538 0.78229
0.00000 0.00000 0.00000 0.00000 0.00000 0.00003 0.00008 0.00016 0.00030 0.00050 0.00076 0.00112 0.00156 0.00212 0.00279 0.00360 0.00455 0.00567 0.00695 0.00841 0.01007 0.01193 0.01400 0.01629 0.01880 0.02154 0.02451 0.02771 0.03113 0.03477 0.03862 0.04268 0.04691 0.05132 0.05588 0.06057 0.06537 0.07026 0.07522 0.08022 0.08525 0.09029 0.09532 0.10033 0.10529 0.11021 0.11506 0.11984 0.12455 0.12916 0.13369 0.13813 0.14247 0.14671 0.15090 0.15543 0.16191 0.17331 0.19054 0.21413 0.24463 0.28234 0.32660 0.37464 0.42520 0.47949
0.00000 0.00000 0.00000 0.00000 0.00000 0.00002 0.00005 0.00012 0.00023 0.00039 0.00061 0.00091 0.00129 0.00176 0.00233 0.00302 0.00383 0.00479 0.00588 0.00713 0.00855 0.01014 0.01190 0.01385 0.01598 0.01829 0.02080 0.02348 0.02634 0.02938 0.03257 0.03591 0.03938 0.04297 0.04667 0.05044 0.05428 0.05817 0.06209 0.06601 0.06994 0.07384 0.07771 0.08154 0.08531 0.08903 0.09267 0.09625 0.09974 0.10315 0.10647 0.10970 0.11283 0.11587 0.11881 0.12164 0.12438 0.12702 0.12955 0.13198 0.13436 0.13717 0.14246 0.15471 0.17658 0.20763
0.00000 0.00000 0.00000 0.00000 0.00000 0.00001 0.00003 0.00008 0.00017 0.00030 0.00048 0.00072 0.00104 0.00143 0.00191 0.00250 0.00319 0.00400 0.00493 0.00599 0.00720 0.00855 0.01005 0.01170 0.01350 0.01546 0.01756 0.01981 0.02220 0.02472 0.02737 0.03012 0.03296 0.03589 0.03888 0.04191 0.04498 0.04807 0.05116 0.05425 0.05731 0.06033 0.06332 0.06626 0.06914 0.07196 0.07471 0.07739 0.08000 0.08253 0.08498 0.08734 0.08962 0.09180 0.09390 0.09590 0.09781 0.09963 0.10135 0.10297 0.10450 0.10593 0.10727 0.10852 0.10968 0.11075
0.00000 0.00000 0.00000 0.00000 0.00000 0.00000 0.00002 0.00005 0.00012 0.00022 0.00036 0.00056 0.00082 0.00114 0.00155 0.00203 0.00262 0.00330 0.00409 0.00499 0.00601 0.00715 0.00842 0.00982 0.01134 0.01298 0.01475 0.01663 0.01862 0.02071 0.02289 0.02515 0.02747 0.02984 0.03226 0.03469 0.03714 0.03959 0.04202 0.04443 0.04682 0.04916 0.05146 0.05371 0.05591 0.05805 0.06013 0.06214 0.06409 0.06597 0.06777 0.06949 0.07114 0.07271 0.07419 0.07559 0.07691 0.07814 0.07928 0.08033 0.08130 0.08218 0.08298 0.08369 0.08432 0.08487
0.00000 0.00000 0.00000 0.00000 0.00000 0.00000 0.00001 0.00003 0.00008 0.00015 0.00026 0.00042 0.00063 0.00089 0.00123 0.00163 0.00212 0.00269 0.00335 0.00411 0.00497 0.00594 0.00701 0.00818 0.00946 0.01083 0.01231 0.01388 0.01553 0.01725 0.01904 0.02088 0.02277 0.02469 0.02662 0.02856 0.03050 0.03243 0.03434 0.03622 0.03807 0.03988 0.04164 0.04337 0.04504 0.04666 0.04822 0.04973 0.05118 0.05256 0.05388 0.05513 0.05631 0.05741 0.05844 0.05940 0.06028 0.06108 0.06181 0.06246 0.06303 0.06352 0.06394 0.06429 0.06456 0.06476
0.00000 0.00000 0.00000 0.00000 0.00000 0.00000 0.00000 0.00001 0.00005 0.00010 0.00018 0.00030 0.00047 0.00068 0.00095 0.00129 0.00169 0.00217 0.00272 0.00335 0.00408 0.00488 0.00578 0.00676 0.00783 0.00897 0.01020 0.01149 0.01285 0.01427 0.01573 0.01722 0.01874 0.02028 0.02182 0.02336 0.02489 0.02640 0.02789 0.02934 0.03077 0.03216 0.03351 0.03482 0.03609 0.03731 0.03848 0.03960 0.04067 0.04167 0.04262 0.04351 0.04434 0.04510 0.04579 0.04642 0.04698 0.04747 0.04790 0.04826 0.04855 0.04877 0.04893 0.04902 0.04905 0.04902
0.00000 0.00000 0.00000 0.00000 0.00000 0.00000 0.00000 0.00001 0.00002 0.00006 0.00012 0.00021 0.00034 0.00051 0.00073 0.00100 0.00133 0.00172 0.00217 0.00270 0.00330 0.00397 0.00472 0.00553 0.00642 0.00737 0.00838 0.00944 0.01055 0.01171 0.01289 0.01409 0.01531 0.01653 0.01775 0.01896 0.02015 0.02132 0.02247 0.02360 0.02469 0.02575 0.02677 0.02776 0.02872 0.02963 0.03050 0.03132 0.03210 0.03282 0.03349 0.03411 0.03467 0.03517 0.03562 0.03600 0.03633 0.03660 0.03681 0.03696 0.03705 0.03709 0.03707 0.03700 0.03688 0.03670
0.00000 0.00000 0.00000 0.00000 0.00000 0.00000 0.00000 0.00000 0.00001 0.00003 0.00007 0.00014 0.00023 0.00037 0.00054 0.00075 0.00102 0.00134 0.00171 0.00215 0.00264 0.00319 0.00381 0.00448 0.00521 0.00599 0.00681 0.00768 0.00858 0.00951 0.01046 0.01142 0.01238 0.01334 0.01430 0.01524 0.01616 0.01707 0.01795 0.01880 0.01964 0.02044 0.02121 0.02196 0.02267 0.02334 0.02398 0.02457 0.02513 0.02563 0.02609 0.02650 0.02686 0.02717 0.02743 0.02764 0.02780 0.02791 0.02797 0.02798 0.02794 0.02785 0.02772 0.02755 0.02733 0.02707
0.00000 -0.00000 0.00000 0.00000 0.00000 0.00000 0.00000 0.00000 0.00000 0.00001 0.00004 0.00008 0.00015 0.00025 0.00038 0.00055 0.00077 0.00102 0.00133 0.00168 0.00208 0.00253 0.00303 0.00358 0.00417 0.00481 0.00548 0.00618 0.00690 0.00764 0.00839 0.00915 0.00990 0.01065 0.01139 0.01211 0.01282 0.01351 0.01418 0.01483 0.01546 0.01606 0.01664 0.01719 0.01772 0.01821 0.01867 0.01909 0.01947 0.01981 0.02010 0.02036 0.02057 0.02074 0.02087 0.02095 0.02099 0.02099 0.02095 0.02087 0.02075 0.02059 0.02039 0.02016 0.01990 0.01960
0.00000 -0.00000 0.00000 0.00000 0.00000 0.00000 0.00000 0.00000 0.00000 0.00000 0.00002 0.00005 0.00009 0.00017 0.00026 0.00040 0.00056 0.00076 0.00100 0.00129 0.00161 0.00197 0.00238 0.00282 0.00330 0.00381 0.00434 0.00490 0.00547 0.00605 0.00664 0.00723 0.00781 0.00839 0.00895 0.00951 0.01004 0.01056 0.01107 0.01156 0.01203 0.01248 0.01290 0.01331 0.01369 0.01404 0.01436 0.01464 0.01489 0.01511 0.01528 0.01543 0.01554 0.01561 0.01564 0.01564 0.01560 0.01553 0.01542 0.01529 0.01512 0.01492 0.01469 0.01444 0.01416 0.01385
0.00000 -0.00000 -0.00000 0.00000 0.00000 0.00000 0.00000 0.00000 0.00000 0.00000 0.00001 0.00002 0.00005 0.00010 0.00017 0.00027 0.00040 0.00055 0.00074 0.00096 0.00122 0.00151 0.00183 0.00218 0.00256 0.00297 0.00339 0.00382 0.00427 0.00472 0.00518 0.00563 0.00607 0.00651 0.00693 0.00735 0.00775 0.00814 0.00852 0.00888 0.00923 0.00956 0.00987 0.01016 0.01043 0.01067 0.01089 0.01107 0.01122 0.01134 0.01143 0.01149 0.01153 0.01153 0.01150 0.01144 0.01135 0.01124 0.01110 0.01094 0.01075 0.01054 0.01031 0.01006 0.00979 0.00950
0.00000 -0.00000 -0.00000 0.00000 0.00000 0.00000 0.00000 0.00000 0.00000 0.00000 0.00000 0.00001 0.00002 0.00006 0.00010 0.00017 0.00027 0.00038 0.00053 0.00070 0.00090 0.00113 0.00138 0.00165 0.00195 0.00226 0.00259 0.00293 0.00327 0.00362 0.00396 0.00430 0.00463 0.00496 0.00527 0.00558 0.00588 0.00617 0.00645 0.00672 0.00697 0.00721 0.00743 0.00763 0.00781 0.00797 0.00811 0.00822 0.00829 0.00835 0.00838 0.00839 0.00837 0.00833 0.00826 0.00817 0.00806 0.00793 0.00778 0.00760 0.00741 0.00721 0.00700 0.00677 0.00652 0.00626
0.00000 -0.00000 -0.00000 -0.00000 0.00000 0.00000 0.00000 0.00000 0.00000 0.00000 0.00000 0.00000 0.00001 0.00003 0.00006 0.00010 0.00017 0.00026 0.00036 0.00049 0.00064 0.00082 0.00101 0.00122 0.00145 0.00169 0.00194 0.00219 0.00245 0.00271 0.00296 0.00321 0.00346 0.00370 0.00393 0.00416 0.00438 0.00459 0.00479 0.00498 0.00516 0.00533 0.00548 0.00562 0.00574 0.00584 0.00591 0.00596 0.00599 0.00600 0.00599 0.00596 0.00592 0.00585 0.00576 0.00565 0.00553 0.00540 0.00526 0.00509 0.00491 0.00473 0.00455 0.00434 0.00413 0.00392
0.00000 0.00000 -0.00000 -0.00000 0.00000 0.00000 0.00000 0.00000 0.00000 0.00000 0.00000 0.00000 0.00000 0.00001 0.00003 0.00006 0.00010 0.00016 0.00024 0.00033 0.00044 0.00057 0.00071 0.00087 0.00104 0.00122 0.00141 0.00159 0.00178 0.00197 0.00216 0.00234 0.00251 0.00269 0.00286 0.00302 0.00318 0.00333 0.00347 0.00361 0.00373 0.00385 0.00395 0.00403 0.00411 0.00416 0.00419 0.00420 0.00420 0.00417 0.00414 0.00410 0.00404 0.00396 0.00386 0.00375 0.00364 0.00353 0.00339 0.00324 0.00309 0.00294 0.00279 0.00262 0.00245 0.00227
0.00000 0.00000 -0.00000 -0.00000 -0.00000 0.00000 0.00000 0.00000 0.00000 0.00000 0.00000 0.00000 0.00000 0.00000 0.00001 0.00002 0.00005 0.00009 0.00014 0.00021 0.00029 0.00038 0.00048 0.00060 0.00072 0.00085 0.00098 0.00112 0.00125 0.00139 0.00152 0.00165 0.00177 0.00189 0.00201 0.00213 0.00224 0.00235 0.00245 0.00254 0.00262 0.00270 0.00276 0.00281 0.00285 0.00287 0.00287 0.00286 0.00283 0.00279 0.00275 0.00270 0.00264 0.00255 0.00246 0.00236 0.00227 0.00217 0.00205 0.00193 0.00180 0.00169 0.00157 0.00144 0.00131 0.00118
0.00000 0.00000 0.00000 -0.00000 -0.00000 0.00000 0.00000 0.00000 0.00000 0.00000 0.00000 0.00000 0.00000 0.00000 0.00000 0.00001 0.00002 0.00005 0.00008 0.00012 0.00017 0.00024 0.00031 0.00039 0.00048 0.00056 0.00066 0.00075 0.00084 0.00094 0.00103 0.00111 0.00120 0.00129 0.00137 0.00145 0.00153 0.00160 0.00167 0.00173 0.00178 0.00182 0.00185 0.00188 0.00190 0.00190 0.00188 0.00185 0.00181 0.00177 0.00173 0.00168 0.00162 0.00154 0.00146 0.00138 0.00131 0.00123 0.00113 0.00103 0.00094 0.00087 0.00078 0.00069 0.00059 0.00051
0.00000 -0.00000 -0.00000 -0.00000 -0.00000 -0.00000 0.00000 0.00000 0.00000 0.00000 0.00000 0.00000 0.00000 0.00000 0.00000 0.00000 0.00001 0.00002 0.00004 0.00006 0.00009 0.00014 0.00018 0.00024 0.00029 0.00035 0.00041 0.00047 0.00054 0.00060 0.00066 0.00072 0.00077 0.00083 0.00089 0.00094 0.00099 0.00104 0.00108 0.00112 0.00115 0.00117 0.00118 0.00119 0.00120 0.00118 0.00116 0.00112 0.00108 0.00104 0.00101 0.00097 0.00091 0.00084 0.00077 0.00072 0.00067 0.00061 0.00054 0.00047 0.00041 0.00037 0.00032 0.00025 0.00019 0.00015
