tests/data/gray99/saval2D/outputs/resuqu8.asc
north:     17.44
south:      0.00
east:      60.51
west:       0.00
rows:   68
cols:  236
[rows 29 to 57 of 68, columns 65 to 129 of 236]
6.98559 7.30088 7.61714 7.93393 8.25090 8.56770 8.88396 9.19929 9.51311 9.82494 10.13442 10.44111 10.74464 11.04469 11.34097 11.63321 11.92118 12.20464 12.48330 12.75690 13.02521 13.28795 13.54494 13.79597 14.04090 14.27956 14.51182 14.73754 14.95656 15.16876 15.37400 15.57215 15.76310 15.94675 16.12299 16.29172 16.45284 16.60622 16.75176 16.88936 17.01886 17.14018 17.25319 17.35777 17.45380 17.54117 17.61975 17.68944 17.75013 17.80172 17.84417 17.87741 17.90141 17.91614 17.92168 17.91997 17.91664 17.90713 17.89004 17.86507 17.83188 17.79013 17.73947 17.67955 17.61002
7.51362 7.83901 8.16510 8.49139 8.81747 9.14293 9.46738 9.79046 10.11177 10.43089 10.74731 11.06061 11.37041 11.67635 11.97813 12.27552 12.56825 12.85609 13.13880 13.41613 13.68784 13.95372 14.21354 14.46716 14.71439 14.95508 15.18910 15.41631 15.63658 15.84976 16.05575 16.25443 16.44569 16.62944 16.80558 16.97401 17.13463 17.28734 17.43201 17.56856 17.69689 17.81688 17.92842 18.03143 18.12577 18.21134 18.28802 18.35571 18.41432 18.46377 18.50400 18.53495 18.55659 18.56889 18.57186 18.56701 18.55739 18.54045 18.51563 18.48287 18.44203 18.39293 18.33535 18.26903 18.19368
7.88553 8.21785 8.55067 8.88350 9.21586 9.54730 9.87742 10.20582 10.53212 10.85592 11.17684 11.49449 11.80850 12.11851 12.42419 12.72524 13.02137 13.31233 13.59788 13.87780 14.15184 14.41982 14.68153 14.93680 15.18548 15.42743 15.66251 15.89059 16.11155 16.32525 16.53158 16.73043 16.92173 17.10536 17.28125 17.44930 17.60941 17.76148 17.90542 18.04110 18.16845 18.28738 18.39778 18.49956 18.59261 18.67683 18.75210 18.81832 18.87539 18.92325 18.96185 18.99112 19.01105 19.02159 19.02272 19.01528 19.00072 18.97815 18.94757 18.90907 18.86265 18.80825 18.74573 18.67488 18.59546
8.09175 8.42787 8.76436 9.10073 9.43650 9.77125 10.10450 10.43582 10.76479 11.09101 11.41412 11.73375 12.04956 12.36125 12.66853 12.97107 13.26857 13.56075 13.84736 14.12819 14.40301 14.67166 14.93402 15.18989 15.43909 15.68145 15.91680 16.14503 16.36600 16.57960 16.78579 16.98451 17.17563 17.35903 17.53459 17.70221 17.86179 18.01324 18.15648 18.29151 18.41824 18.53654 18.64628 18.74734 18.83960 18.92297 18.99733 19.06264 19.11890 19.16601 19.20386 19.23237 19.25147 19.26114 19.26131 19.25232 19.23482 19.20912 19.17541 19.13383 19.08444 19.02722 18.96209 18.88890 18.80743
8.10070 8.43688 8.77343 9.10986 9.44567 9.78036 10.11349 10.44462 10.77334 11.09926 11.42203 11.74129 12.05670 12.36795 12.67471 12.97670 13.27362 13.56521 13.85123 14.13147 14.40573 14.67383 14.93562 15.19092 15.43957 15.68141 15.91630 16.14411 16.36472 16.57804 16.78397 16.98243 17.17332 17.35654 17.53198 17.69954 17.85913 18.01067 18.15406 18.28925 18.41615 18.53464 18.64463 18.74599 18.83861 18.92239 18.99724 19.06306 19.11981 19.16739 19.20572 19.23474 19.25438 19.26462 19.26541 19.25685 19.23939 19.21355 19.17964 19.13785 19.08827 19.03091 18.96568 18.89245 18.81099
7.91269 8.24556 8.57891 8.91222 9.24495 9.57662 9.90677 10.23501 10.56095 10.88422 11.20446 11.52132 11.83443 12.14346 12.44807 12.74799 13.04295 13.33271 13.61704 13.89574 14.16860 14.43541 14.69601 14.95023 15.19791 15.43894 15.67317 15.90048 16.12076 16.33388 16.53973 16.73820 16.92921 17.11267 17.28849 17.45659 17.61687 17.76923 17.91356 18.04977 18.17774 18.29740 18.40864 18.51136 18.60546 18.69083 18.76734 18.83490 18.89338 18.94271 18.98282 19.01367 19.03521 19.04739 19.05020 19.04397 19.02941 19.00650 18.97546 18.93648 18.88961 18.83486 18.77213 18.70125 18.62200
7.55742 7.88384 8.21094 8.53815 8.86495 9.19086 9.51546 9.83837 10.15921 10.47764 10.79328 11.10576 11.41471 11.71976 12.02060 12.31694 12.60851 12.89508 13.17646 13.45241 13.72275 13.98727 14.24580 14.49816 14.74421 14.98379 15.21679 15.44307 15.66252 15.87503 16.08048 16.27877 16.46980 16.65347 16.82969 16.99837 17.15941 17.31269 17.45814 17.59563 17.72506 17.84632 17.95932 18.06392 18.16002 18.24749 18.32622 18.39608 18.45698 18.50882 18.55151 18.58500 18.60923 18.62416 18.62978 18.62701 18.61749 18.60001 18.57445 18.54087 18.49924 18.44949 18.39145 18.32495 18.24972
7.04485 7.36174 7.67954 7.99767 8.31565 8.63305 8.94951 9.26467 9.57819 9.88966 10.19869 10.50486 10.80777 11.10705 11.40238 11.69348 11.98013 12.26210 12.53920 12.81119 13.07790 13.33909 13.59457 13.84415 14.08770 14.32506 14.55612 14.78075 14.99883 15.21026 15.41490 15.61264 15.80339 15.98703 16.16348 16.33263 16.49438 16.64863 16.79526 16.93416 17.06522 17.18832 17.30333 17.41013 17.50859 17.59859 17.67998 17.75264 17.81646 17.87133 17.91715 17.95387 17.98141 17.99974 18.00889 18.01036 18.00758 17.99756 17.97961 17.95362 17.91940 17.87675 17.82543 17.76518 17.69571
6.38130 6.68529 6.99044 7.29630 7.60246 7.90860 8.21438 8.51947 8.82344 9.12584 9.42617 9.72396 10.01880 10.31034 10.59829 10.88242 11.16255 11.43847 11.70994 11.97675 12.23863 12.49535 12.74671 12.99252 13.23264 13.46693 13.69529 13.91759 14.13370 14.34349 14.54685 14.74364 14.93373 15.11706 15.29349 15.46294 15.62530 15.78046 15.92829 16.06867 16.20147 16.32655 16.44380 16.55306 16.65419 16.74704 16.83147 16.90735 16.97453 17.03290 17.08236 17.12284 17.15427 17.17659 17.18991 17.19605 17.20102 17.20005 17.19147 17.17493 17.15004 17.11644 17.07374 17.02158 16.95960
5.57034 5.85756 6.14634 6.43649 6.72780 7.01999 7.31267 7.60535 7.89746 8.18841 8.47761 8.76461 9.04903 9.33061 9.60918 9.88456 10.15656 10.42496 10.68948 10.94978 11.20557 11.45662 11.70270 11.94367 12.17940 12.40978 12.63470 12.85402 13.06756 13.27520 13.47679 13.67220 13.86132 14.04404 14.22027 14.38988 14.55277 14.70880 14.85786 14.99980 15.13449 15.26178 15.38150 15.49350 15.59763 15.69373 15.78160 15.86113 15.93216 15.99455 16.04819 16.09299 16.12892 16.15588 16.17405 16.18513 16.19821 16.20729 16.20941 16.20386 16.18998 16.16718 16.13492 16.09269 16.04001
4.61450 4.87932 5.14774 5.41883 5.69246 5.96812 6.24514 6.52270 6.79999 7.07635 7.35128 7.62447 7.89574 8.16501 8.43220 8.69714 8.95955 9.21901 9.47512 9.72749 9.97578 10.21978 10.45935 10.69440 10.92485 11.15058 11.37142 11.58717 11.79765 12.00268 12.20210 12.39581 12.58369 12.76566 12.94158 13.11134 13.27481 13.43184 13.58228 13.72601 13.86287 13.99268 14.11528 14.23047 14.33808 14.43792 14.52981 14.61357 14.68906 14.75612 14.81465 14.86451 14.90569 14.93808 14.96191 14.97841 14.99930 15.01892 15.03261 15.03922 15.03776 15.02738 15.00730 14.97685 14.93543
3.51866 3.75578 3.99803 4.24617 4.49919 4.75505 5.01261 5.27069 5.52858 5.78592 6.04260 6.29866 6.55419 6.80919 7.06343 7.31650 7.56779 7.81667 8.06257 8.30514 8.54415 8.77955 9.01135 9.23954 9.46399 9.68451 9.90079 10.11253 10.31950 10.52152 10.71847 10.91027 11.09685 11.27809 11.45385 11.62396 11.78825 11.94658 12.09880 12.24474 12.38427 12.51717 12.64327 12.76233 12.87415 12.97850 13.07520 13.16405 13.24488 13.31753 13.38187 13.43781 13.48527 13.52418 13.55474 13.57764 13.60568 13.63580 13.66153 13.68109 13.69319 13.69666 13.69047 13.67373 13.64569
2.29565 2.50220 2.71558 2.93571 3.15968 3.38712 3.61708 3.84917 4.08199 4.31594 4.55126 4.78816 5.02668 5.26627 5.50612 5.74524 5.98274 6.21796 6.45057 6.68055 6.90805 7.13326 7.35626 7.57694 7.79494 8.00978 8.22096 8.42811 8.63101 8.82955 9.02375 9.21357 9.39895 9.57971 9.75562 9.92647 10.09205 10.25218 10.40673 10.55557 10.69850 10.83533 10.96581 11.08969 11.20673 11.31668 11.41931 11.51441 11.60179 11.68128 11.75274 11.81606 11.87119 11.91808 11.95681 11.98779 12.02250 12.06268 12.10055 12.13353 12.16003 12.17857 12.18787 12.18680 12.17443
0.99634 1.15913 1.34144 1.52546 1.71200 1.90018 2.09094 2.28529 2.48532 2.69110 2.90256 3.11954 3.34045 3.56217 3.78329 4.00292 4.22078 4.43707 4.65227 4.86686 5.08124 5.29554 5.50938 5.72201 5.93254 6.14020 6.34451 6.54533 6.74272 6.93680 7.12771 7.31540 7.49965 7.68008 7.85630 8.02805 8.19513 8.35743 8.51485 8.66724 8.81440 8.95605 9.09190 9.22165 9.34504 9.46180 9.57170 9.67448 9.76989 9.85774 9.93788 10.01022 10.07470 10.13131 10.18005 10.22128 10.26307 10.31272 10.36251 10.40899 10.45033 10.48486 10.51101 10.52747 10.53313
0.43885 0.45309 0.46777 0.49952 0.54987 0.62084 0.71216 0.82322 0.95320 1.10110 1.26598 1.44026 1.61568 1.79425 1.97591 2.16086 2.34937 2.54164 2.73765 2.93621 3.13716 3.33929 3.54095 3.74067 3.93770 4.13196 4.32383 4.51385 4.70244 4.88981 5.07594 5.26032 5.44218 5.62079 5.79572 5.96684 6.13416 6.29771 6.45746 6.61321 6.76461 6.91123 7.05269 7.18870 7.31899 7.44335 7.56145 7.67300 7.77767 7.87521 7.96545 8.04833 8.12380 8.19184 8.25242 8.30583 8.35661 8.41503 8.47611 8.53559 8.59162 8.64237 8.68619 8.72160 8.74737
0.32541 0.33417 0.34305 0.35209 0.36129 0.37068 0.38029 0.39014 0.40026 0.41069 0.42147 0.43903 0.47201 0.52074 0.58609 0.66833 0.76726 0.88237 1.01296 1.15925 1.31465 1.47338 1.63510 1.79916 1.96548 2.13426 2.30561 2.47850 2.65261 2.82777 3.00313 3.17701 3.34838 3.51693 3.68290 3.84671 4.00864 4.16876 4.32686 4.48246 4.63481 4.78331 4.92759 5.06744 5.20270 5.33312 5.45832 5.57782 5.69118 5.79807 5.89834 5.99192 6.07879 6.15888 6.23210 6.29851 6.36036 6.42666 6.49742 6.56838 6.63767 6.70359 6.76454 6.81904 6.86584
0.24171 0.24697 0.25221 0.25746 0.26271 0.26798 0.27327 0.27861 0.28399 0.28943 0.29495 0.30057 0.30628 0.31213 0.31812 0.32427 0.33063 0.33720 0.34403 0.35116 0.36413 0.38858 0.42551 0.47633 0.54161 0.62116 0.71450 0.82188 0.94254 1.07191 1.20427 1.33874 1.47504 1.61333 1.75366 1.89572 2.03866 2.18226 2.32624 2.46912 2.61002 2.74862 2.88498 3.01913 3.15091 3.27989 3.40539 3.52666 3.64302 3.75414 3.85991 3.96030 4.05521 4.14442 4.22768 4.30478 4.37684 4.44921 4.52589 4.60435 4.68289 4.76019 4.83492 4.90581 4.97171
0.17881 0.18176 0.18464 0.18745 0.19019 0.19286 0.19548 0.19804 0.20054 0.20300 0.20541 0.20780 0.21015 0.21247 0.21478 0.21709 0.21939 0.22170 0.22403 0.22639 0.22879 0.23126 0.23378 0.23640 0.23914 0.24205 0.24514 0.24845 0.25205 0.25937 0.27568 0.30276 0.34156 0.39225 0.45441 0.52749 0.61125 0.70472 0.80380 0.90350 1.00507 1.10881 1.21458 1.32208 1.43074 1.53961 1.64786 1.75432 1.85820 1.95929 2.05755 2.15284 2.24481 2.33292 2.41660 2.49557 2.57030 2.64303 2.71809 2.79578 2.87497 2.95502 3.03517 3.11461 3.19246
0.13115 0.13259 0.13393 0.13517 0.13630 0.13734 0.13829 0.13914 0.13989 0.14055 0.14113 0.14162 0.14203 0.14235 0.14259 0.14277 0.14287 0.14290 0.14285 0.14275 0.14261 0.14240 0.14213 0.14182 0.14149 0.14116 0.14081 0.14041 0.14000 0.13968 0.13948 0.13941 0.13942 0.13952 0.13985 0.14064 0.14208 0.14435 0.15062 0.16633 0.19065 0.22326 0.26379 0.31175 0.36665 0.42801 0.49429 0.55904 0.62484 0.69171 0.75953 0.82805 0.89679 0.96481 1.03099 1.09501 1.15678 1.21709 1.27779 1.34109 1.40691 1.47544 1.54669 1.62044 1.69622
0.09495 0.09541 0.09578 0.09603 0.09617 0.09621 0.09616 0.09599 0.09573 0.09536 0.09490 0.09435 0.09370 0.09295 0.09212 0.09121 0.09020 0.08911 0.08793 0.08669 0.08539 0.08400 0.08251 0.08097 0.07941 0.07782 0.07614 0.07436 0.07254 0.07077 0.06909 0.06742 0.06564 0.06376 0.06194 0.06036 0.05908 0.05805 0.05710 0.05613 0.05518 0.05454 0.05451 0.05537 0.05725 0.06031 0.06530 0.07770 0.09436 0.11465 0.13827 0.16488 0.19371 0.22333 0.25379 0.28468 0.31661 0.34966 0.38373 0.42019 0.45960 0.50233 0.54877 0.59916 0.65354
0.06752 0.06739 0.06716 0.06683 0.06640 0.06588 0.06526 0.06456 0.06375 0.06287 0.06190 0.06085 0.05972 0.05850 0.05722 0.05588 0.05446 0.05296 0.05140 0.04982 0.04820 0.04649 0.04470 0.04289 0.04113 0.03936 0.03750 0.03553 0.03357 0.03175 0.03006 0.02836 0.02650 0.02451 0.02264 0.02107 0.01978 0.01863 0.01741 0.01599 0.01447 0.01309 0.01205 0.01140 0.01105 0.01089 0.01080 0.01072 0.01069 0.01079 0.01118 0.01204 0.01361 0.01658 0.02055 0.02518 0.03048 0.03732 0.04554 0.05497 0.06604 0.07930 0.09542 0.11506 0.13879
0.04689 0.04642 0.04587 0.04523 0.04451 0.04373 0.04287 0.04193 0.04091 0.03984 0.03872 0.03754 0.03628 0.03497 0.03364 0.03228 0.03086 0.02938 0.02789 0.02643 0.02497 0.02342 0.02183 0.02029 0.01886 0.01746 0.01596 0.01437 0.01289 0.01163 0.01055 0.00944 0.00816 0.00676 0.00561 0.00481 0.00425 0.00376 0.00320 0.00251 0.00175 0.00112 0.00073 0.00052 0.00040 0.00033 0.00029 0.00025 0.00023 0.00021 0.00020 0.00020 0.00021 0.00022 0.00024 0.00028 0.00034 0.00044 0.00061 0.00093 0.00144 0.00230 0.00370 0.00595 0.00941
0.03156 0.03095 0.03026 0.02951 0.02870 0.02784 0.02694 0.02598 0.02496 0.02392 0.02286 0.02176 0.02060 0.01944 0.01829 0.01715 0.01596 0.01472 0.01354 0.01244 0.01136 0.01019 0.00901 0.00795 0.00707 0.00623 0.00527 0.00422 0.00337 0.00281 0.00239 0.00194 0.00134 0.00064 0.00017 0.00003 0.00001 0.00001 0.00000 0.00000 0.00000 0.00000 0.00000 0.00000 0.00000 0.00000 0.00000 0.00000 0.00000 0.00000 0.00000 0.00000 0.00000 0.00000 0.00000 0.00000 0.00000 0.00000 0.00000 0.00000 0.00000 0.00000 0.00000 0.00001 0.00005
0.02039 0.01975 0.01906 0.01831 0.01754 0.01676 0.01594 0.01507 0.01418 0.01330 0.01244 0.01154 0.01060 0.00969 0.00885 0.00803 0.00715 0.00625 0.00546 0.00480 0.00415 0.00341 0.00266 0.00211 0.00174 0.00141 0.00096 0.00042 0.00007 0.00000 0.00000 0.00000 0.00000 0.00000 0.00000 0.00000 0.00000 0.00000 0.00000 0.00000 0.00000 0.00000 0.00000 0.00000 0.00000 0.00000 0.00000 0.00000 0.00000 0.00000 0.00000 0.00000 0.00000 0.00000 0.00000 0.00000 0.00000 0.00000 0.00000 0.00000 0.00000 0.00000 0.00000 0.00000 0.00000
0.01246 0.01188 0.01126 0.01060 0.00995 0.00931 0.00865 0.00795 0.00725 0.00660 0.00599 0.00534 0.00465 0.00403 0.00352 0.00303 0.00248 0.00191 0.00149 0.00121 0.00095 0.00059 0.00021 0.00002 0.00000 0.00000 0.00000 0.00000 0.00000 0.00000 0.00000 0.00000 0.00000 0.00000 0.00000 0.00000 0.00000 0.00000 0.00000 0.00000 0.00000 0.00000 0.00000 0.00000 0.00000 0.00000 0.00000 0.00000 0.00000 0.00000 0.00000 0.00000 0.00000 0.00000 0.00000 0.00000 0.00000 0.00000 0.00000 0.00000 0.00000 0.00000 0.00000 0.00000 0.00000
0.00704 0.00657 0.00607 0.00554 0.00505 0.00459 0.00412 0.00360 0.00311 0.00271 0.00234 0.00194 0.00150 0.00115 0.00092 0.00072 0.00046 0.00017 0.00002 0.00000 0.00000 0.00000 0.00000 0.00000 0.00000 0.00000 0.00000 0.00000 0.00000 0.00000 0.00000 0.00000 0.00000 0.00000 0.00000 0.00000 0.00000 0.00000 0.00000 0.00000 0.00000 0.00000 0.00000 0.00000 0.00000 0.00000 0.00000 0.00000 0.00000 0.00000 0.00000 0.00000 0.00000 0.00000 0.00000 0.00000 0.00000 0.00000 0.00000 0.00000 0.00000 0.00000 0.00000 0.00000 0.00000
0.00354 0.00321 0.00283 0.00245 0.00213 0.00185 0.00157 0.00123 0.00093 0.00074 0.00059 0.00040 0.00017 0.00003 0.00000 0.00000 0.00000 0.00000 0.00000 0.00000 0.00000 0.00000 0.00000 0.00000 0.00000 0.00000 0.00000 0.00000 0.00000 0.00000 0.00000 0.00000 0.00000 0.00000 0.00000 0.00000 0.00000 0.00000 0.00000 0.00000 0.00000 0.00000 0.00000 0.00000 0.00000 0.00000 0.00000 0.00000 0.00000 0.00000 0.00000 0.00000 0.00000 0.00000 0.00000 0.00000 0.00000 0.00000 0.00000 0.00000 0.00000 0.00000 0.00000 0.00000 0.00000
0.00146 0.00126 0.00101 0.00077 0.00060 0.00049 0.00036 0.00019 0.00004 0.00000 0.00000 0.00000 0.00000 0.00000 0.00000 0.00000 0.00000 0.00000 0.00000 0.00000 0.00000 0.00000 0.00000 0.00000 0.00000 0.00000 0.00000 0.00000 0.00000 0.00000 0.00000 0.00000 0.00000 0.00000 0.00000 0.00000 0.00000 0.00000 0.00000 0.00000 0.00000 0.00000 0.00000 0.00000 0.00000 0.00000 0.00000 0.00000 0.00000 0.00000 0.00000 0.00000 0.00000 0.00000 0.00000 0.00000 0.00000 0.00000 0.00000 0.00000 0.00000 0.00000 0.00000 0.00000 0.00000
0.00040 0.00031 0.00019 0.00006 0.00001 0.00000 0.00000 0.00000 0.00000 0.00000 0.00000 0.00000 0.00000 0.00000 0.00000 0.00000 0.00000 0.00000 0.00000 0.00000 0.00000 0.00000 0.00000 0.00000 0.00000 0.00000 0.00000 0.00000 0.00000 0.00000 0.00000 0.00000 0.00000 0.00000 0.00000 0.00000 0.00000 0.00000 0.00000 0.00000 0.00000 0.00000 0.00000 0.00000 0.00000 0.00000 0.00000 0.00000 0.00000 0.00000 0.00000 0.00000 0.00000 0.00000 0.00000 0.00000 0.00000 0.00000 0.00000 0.00000 0.00000 0.00000 0.00000 0.00000 0.00000
