tests/data/gray99/saval2D/outputs/resuqv10.asc
north:     17.44
south:      0.00
east:      60.51
west:       0.00
rows:   68
cols:  236
[rows 0 to 28 of 68, columns 130 to 194 of 236]
0.00000 0.00000 0.00000 0.00000 0.00000 0.00000 0.00000 0.00000 0.00000 0.00000 0.00000 0.00000 0.00000 0.00000 0.00000 0.00000 0.00000 0.00000 0.00000 0.00000 0.00000 0.00000 0.00000 0.00000 0.00000 0.00000 0.00000 0.00000 0.00000 0.00000 0.00000 0.00000 0.00000 0.00000 0.00000 0.00000 0.00000 0.00000 0.00000 0.00000 0.00000 0.00000 0.00000 0.00000 0.00000 0.00000 0.00000 0.00000 0.00000 0.00000 0.00000 0.00000 0.00000 0.00000 0.00000 0.00000 0.00000 0.00000 0.00000 0.00000 0.00000 0.00000 0.00000 0.00000 0.00000
0.00000 0.00000 0.00000 0.00000 0.00000 0.00000 0.00000 0.00000 0.00000 0.00000 0.00000 0.00000 0.00000 0.00000 0.00000 0.00000 0.00000 0.00000 0.00000 0.00000 0.00000 0.00000 0.00000 0.00000 0.00000 0.00000 -0.00000 -0.00000 -0.00000 -0.00000 -0.00000 -0.00001 -0.00001 -0.00002 -0.00002 -0.00002 -0.00002 -0.00001 -0.00001 -0.00000 -0.00000 -0.00000 -0.00000 -0.00000 -0.00000 -0.00000 0.00000 -0.00000 -0.00000 0.00000 0.00000 0.00000 0.00000 -0.00000 -0.00000 0.00000 -0.00000 -0.00000 0.00000 0.00000 -0.00000 0.00000 -0.00000 0.00000 -0.00000
0.00000 0.00000 0.00000 0.00000 0.00000 0.00000 0.00000 0.00000 0.00000 0.00000 0.00000 0.00000 0.00000 0.00000 0.00000 0.00000 0.00000 0.00000 0.00000 0.00000 0.00000 0.00000 0.00000 0.00000 0.00000 -0.00000 -0.00000 -0.00001 -0.00006 -0.00017 -0.00035 -0.00061 -0.00090 -0.00116 -0.00133 -0.00137 -0.00126 -0.00104 -0.00076 -0.00048 -0.00026 -0.00011 -0.00004 -0.00001 -0.00000 -0.00000 -0.00000 -0.00000 0.00000 -0.00000 0.00000 -0.00000 -0.00000 -0.00000 0.00000 0.00000 -0.00000 -0.00000 0.00000 0.00000 -0.00000 0.00000 -0.00000 0.00000 -0.00000
0.00000 0.00000 0.00000 0.00000 0.00000 0.00000 0.00000 0.00000 0.00000 0.00000 0.00000 0.00000 0.00000 0.00000 0.00000 0.00000 0.00000 0.00000 0.00000 0.00000 0.00000 0.00000 0.00000 -0.00000 -0.00000 -0.00003 -0.00023 -0.00085 -0.00205 -0.00393 -0.00637 -0.00913 -0.01187 -0.01423 -0.01587 -0.01655 -0.01615 -0.01471 -0.01243 -0.00965 -0.00677 -0.00420 -0.00224 -0.00098 -0.00033 -0.00008 -0.00001 -0.00000 -0.00000 -0.00000 -0.00000 -0.00000 0.00000 0.00000 -0.00000 0.00000 0.00000 0.00000 0.00000 -0.00000 0.00000 -0.00000 -0.00000 0.00000 0.00000
0.00000 0.00000 0.00000 0.00000 0.00000 0.00000 0.00000 0.00000 0.00000 0.00000 0.00000 0.00000 0.00000 0.00000 0.00000 0.00000 0.00000 0.00000 0.00000 0.00000 0.00000 0.00000 -0.00000 -0.00003 -0.00026 -0.00132 -0.00431 -0.00977 -0.01728 -0.02657 -0.03690 -0.04746 -0.05743 -0.06599 -0.07244 -0.07620 -0.07686 -0.07422 -0.06836 -0.05970 -0.04899 -0.03729 -0.02588 -0.01597 -0.00848 -0.00368 -0.00122 -0.00028 -0.00004 -0.00000 -0.00000 -0.00000 -0.00000 -0.00000 0.00000 0.00000 -0.00000 -0.00000 0.00000 -0.00000 -0.00000 0.00000 0.00000 0.00000 0.00000
0.00000 0.00000 0.00000 0.00000 0.00000 0.00000 0.00000 0.00000 0.00000 0.00000 0.00000 0.00000 0.00000 0.00000 0.00000 0.00000 0.00000 0.00000 0.00000 0.00000 -0.00000 -0.00002 -0.00021 -0.00120 -0.00437 -0.01180 -0.02505 -0.04310 -0.06371 -0.08622 -0.10930 -0.13182 -0.15272 -0.17103 -0.18587 -0.19643 -0.20199 -0.20197 -0.19594 -0.18378 -0.16574 -0.14261 -0.11583 -0.08752 -0.06029 -0.03684 -0.01919 -0.00807 -0.00252 -0.00052 -0.00006 -0.00000 -0.00000 -0.00000 -0.00000 -0.00000 0.00000 -0.00000 0.00000 0.00000 -0.00000 -0.00000 -0.00000 0.00000 0.00000
0.00000 0.00000 0.00000 0.00000 0.00000 0.00000 0.00000 0.00000 0.00000 0.00000 0.00000 0.00000 0.00000 0.00000 0.00000 0.00000 0.00000 0.00000 -0.00000 -0.00001 -0.00014 -0.00095 -0.00373 -0.01051 -0.02351 -0.04481 -0.07457 -0.10920 -0.14495 -0.18140 -0.21729 -0.25160 -0.28343 -0.31195 -0.33636 -0.35586 -0.36965 -0.37693 -0.37688 -0.36875 -0.35192 -0.32609 -0.29145 -0.24900 -0.20084 -0.15036 -0.10207 -0.06080 -0.03034 -0.01185 -0.00326 -0.00054 -0.00004 -0.00000 -0.00000 -0.00000 -0.00000 -0.00000 -0.00000 0.00000 0.00000 0.00000 0.00000 -0.00000 0.00000
0.00000 0.00000 0.00000 0.00000 0.00000 0.00000 0.00000 0.00000 0.00000 0.00000 0.00000 0.00000 0.00000 0.00000 0.00000 0.00000 0.00000 -0.00000 -0.00009 -0.00071 -0.00302 -0.00884 -0.02029 -0.03930 -0.06720 -0.10494 -0.15105 -0.20030 -0.24853 -0.29587 -0.34153 -0.38483 -0.42518 -0.46197 -0.49460 -0.52243 -0.54478 -0.56088 -0.56987 -0.57080 -0.56263 -0.54429 -0.51480 -0.47345 -0.42019 -0.35608 -0.28395 -0.20877 -0.13757 -0.07804 -0.03596 -0.01233 -0.00274 -0.00032 -0.00001 -0.00000 -0.00000 -0.00000 0.00000 0.00000 -0.00000 0.00000 0.00000 0.00000 0.00000
0.00000 0.00000 0.00000 0.00000 0.00000 0.00000 0.00000 0.00000 0.00000 0.00000 0.00000 0.00000 0.00000 0.00000 0.00000 -0.00000 -0.00006 -0.00053 -0.00243 -0.00741 -0.01736 -0.03403 -0.05875 -0.09231 -0.13487 -0.18648 -0.24488 -0.30455 -0.36150 -0.41624 -0.46842 -0.51771 -0.56379 -0.60628 -0.64476 -0.67878 -0.70782 -0.73128 -0.74845 -0.75851 -0.76048 -0.75319 -0.73531 -0.70540 -0.66198 -0.60386 -0.53063 -0.44351 -0.34633 -0.24637 -0.15404 -0.08040 -0.03245 -0.00899 -0.00140 -0.00009 -0.00000 -0.00000 -0.00000 -0.00000 -0.00000 0.00000 0.00000 0.00000 0.00000
0.00000 0.00000 0.00000 0.00000 0.00000 0.00000 0.00000 0.00000 0.00000 0.00000 0.00000 0.00000 0.00000 0.00000 -0.00002 -0.00040 -0.00203 -0.00642 -0.01527 -0.03014 -0.05222 -0.08225 -0.12050 -0.16688 -0.22090 -0.28227 -0.34865 -0.41490 -0.47745 -0.53692 -0.59320 -0.64620 -0.69580 -0.74178 -0.78389 -0.82181 -0.85519 -0.88358 -0.90647 -0.92322 -0.93309 -0.93514 -0.92824 -0.91101 -0.88178 -0.83864 -0.77958 -0.70288 -0.60790 -0.49637 -0.37402 -0.25173 -0.14436 -0.06583 -0.02146 -0.00420 -0.00037 -0.00001 -0.00000 -0.00000 -0.00000 0.00000 -0.00000 -0.00000 -0.00000
0.00000 0.00000 0.00000 0.00000 0.00000 0.00000 0.00000 0.00000 0.00000 0.00000 0.00000 0.00002 0.00002 -0.00030 -0.00182 -0.00594 -0.01420 -0.02798 -0.04832 -0.07585 -0.11080 -0.15312 -0.20248 -0.25843 -0.32032 -0.38780 -0.45876 -0.52864 -0.59444 -0.65665 -0.71528 -0.77035 -0.82186 -0.86969 -0.91373 -0.95374 -0.98949 -1.02066 -1.04687 -1.06767 -1.08252 -1.09074 -1.09151 -1.08378 -1.06625 -1.03724 -0.99468 -0.93612 -0.85895 -0.76099 -0.64177 -0.50459 -0.35883 -0.22087 -0.11031 -0.04053 -0.00935 -0.00103 -0.00003 -0.00000 -0.00000 -0.00000 -0.00000 -0.00000 -0.00000
0.00000 0.00000 0.00000 0.00000 0.00000 0.00000 0.00000 0.00000 0.00001 0.00005 0.00011 -0.00020 -0.00181 -0.00603 -0.01427 -0.02771 -0.04724 -0.07334 -0.10618 -0.14566 -0.19148 -0.24326 -0.30052 -0.36276 -0.42939 -0.50014 -0.57313 -0.64448 -0.71162 -0.77498 -0.83457 -0.89046 -0.94267 -0.99117 -1.03588 -1.07668 -1.11337 -1.14574 -1.17351 -1.19634 -1.21383 -1.22552 -1.23081 -1.22898 -1.21911 -1.20000 -1.17007 -1.12729 -1.06905 -0.99224 -0.89363 -0.77094 -0.62495 -0.46266 -0.29997 -0.16014 -0.06415 -0.01663 -0.00216 -0.00009 -0.00000 -0.00000 -0.00000 -0.00000 -0.00000
0.00000 0.00000 0.00000 0.00000 0.00000 0.00001 0.00005 0.00019 0.00031 -0.00011 -0.00209 -0.00689 -0.01574 -0.02963 -0.04925 -0.07492 -0.10670 -0.14443 -0.18781 -0.23648 -0.29003 -0.34806 -0.41013 -0.47584 -0.54469 -0.61651 -0.68963 -0.76079 -0.82776 -0.89093 -0.95032 -1.00597 -1.05792 -1.10616 -1.15063 -1.19126 -1.22789 -1.26037 -1.28848 -1.31196 -1.33052 -1.34380 -1.35138 -1.35275 -1.34729 -1.33417 -1.31233 -1.28033 -1.23624 -1.17744 -1.10062 -1.00192 -0.87772 -0.72672 -0.55339 -0.37215 -0.20813 -0.08844 -0.02476 -0.00357 -0.00017 -0.00000 -0.00000 -0.00000 -0.00000
0.00000 0.00000 0.00002 0.00009 0.00030 0.00062 0.00071 -0.00018 -0.00307 -0.00910 -0.01928 -0.03437 -0.05484 -0.08086 -0.11239 -0.14920 -0.19100 -0.23741 -0.28809 -0.34266 -0.40079 -0.46216 -0.52646 -0.59338 -0.66251 -0.73374 -0.80561 -0.87532 -0.94096 -1.00289 -1.06110 -1.11563 -1.16651 -1.21372 -1.25723 -1.29697 -1.33281 -1.36463 -1.39225 -1.41546 -1.43403 -1.44769 -1.45612 -1.45894 -1.45572 -1.44590 -1.42875 -1.40334 -1.36835 -1.32197 -1.26166 -1.18404 -1.08487 -0.95966 -0.80551 -0.62476 -0.43019 -0.24773 -0.10908 -0.03190 -0.00487 -0.00025 -0.00000 -0.00000 -0.00000
0.00043 0.00083 0.00134 0.00163 0.00113 -0.00099 -0.00565 -0.01375 -0.02601 -0.04293 -0.06478 -0.09159 -0.12323 -0.15948 -0.20003 -0.24458 -0.29281 -0.34443 -0.39916 -0.45674 -0.51694 -0.57950 -0.64419 -0.71075 -0.77884 -0.84836 -0.91805 -0.98544 -1.04891 -1.10880 -1.16508 -1.21778 -1.26692 -1.31249 -1.35444 -1.39270 -1.42719 -1.45777 -1.48430 -1.50661 -1.52449 -1.53774 -1.54609 -1.54926 -1.54693 -1.53870 -1.52409 -1.50245 -1.47294 -1.43435 -1.38497 -1.32237 -1.24313 -1.14281 -1.01632 -0.85963 -0.67354 -0.46958 -0.27422 -0.12249 -0.03632 -0.00561 -0.00029 -0.00000 -0.00000
0.00421 0.00335 0.00099 -0.00356 -0.01097 -0.02186 -0.03668 -0.05570 -0.07904 -0.10664 -0.13835 -0.17397 -0.21323 -0.25587 -0.30165 -0.35033 -0.40172 -0.45561 -0.51183 -0.57023 -0.63062 -0.69283 -0.75666 -0.82188 -0.88819 -0.95546 -1.02252 -1.08722 -1.14819 -1.20566 -1.25963 -1.31010 -1.35711 -1.40062 -1.44060 -1.47699 -1.50970 -1.53864 -1.56366 -1.58461 -1.60134 -1.61364 -1.62132 -1.62414 -1.62186 -1.61418 -1.60076 -1.58116 -1.55482 -1.52096 -1.47845 -1.42567 -1.36024 -1.27874 -1.17656 -1.04821 -0.88891 -0.69853 -0.48810 -0.28495 -0.12656 -0.03695 -0.00552 -0.00026 -0.00000
0.00377 -0.00445 -0.01544 -0.02956 -0.04707 -0.06813 -0.09277 -0.12096 -0.15257 -0.18741 -0.22531 -0.26606 -0.30948 -0.35538 -0.40362 -0.45404 -0.50653 -0.56096 -0.61722 -0.67519 -0.73473 -0.79569 -0.85789 -0.92112 -0.98508 -1.04963 -1.11373 -1.17549 -1.23367 -1.28851 -1.33998 -1.38808 -1.43282 -1.47415 -1.51204 -1.54644 -1.57726 -1.60441 -1.62778 -1.64722 -1.66260 -1.67376 -1.68051 -1.68269 -1.68006 -1.67243 -1.65951 -1.64101 -1.61652 -1.58554 -1.54732 -1.50083 -1.44448 -1.37592 -1.29171 -1.18708 -1.05623 -0.89396 -0.69984 -0.48532 -0.27928 -0.12088 -0.03374 -0.00466 -0.00019
-0.00835 -0.02471 -0.04423 -0.06692 -0.09272 -0.12153 -0.15321 -0.18763 -0.22462 -0.26402 -0.30569 -0.34948 -0.39529 -0.44299 -0.49249 -0.54371 -0.59657 -0.65098 -0.70685 -0.76407 -0.82253 -0.88208 -0.94254 -1.00371 -1.06529 -1.12712 -1.18828 -1.24705 -1.30239 -1.35450 -1.40333 -1.44888 -1.49115 -1.53011 -1.56573 -1.59796 -1.62673 -1.65196 -1.67356 -1.69139 -1.70534 -1.71527 -1.72101 -1.72242 -1.71931 -1.71152 -1.69885 -1.68105 -1.65787 -1.62894 -1.59376 -1.55164 -1.50152 -1.44181 -1.37012 -1.28295 -1.17539 -1.04144 -0.87578 -0.67839 -0.46220 -0.25831 -0.10663 -0.02756 -0.00334
-0.02536 -0.04654 -0.07113 -0.09895 -0.12977 -0.16337 -0.19951 -0.23797 -0.27857 -0.32112 -0.36549 -0.41156 -0.45922 -0.50840 -0.55901 -0.61100 -0.66429 -0.71880 -0.77446 -0.83117 -0.88880 -0.94720 -1.00620 -1.06559 -1.12507 -1.18448 -1.24294 -1.29897 -1.35169 -1.40121 -1.44752 -1.49059 -1.53043 -1.56702 -1.60034 -1.63033 -1.65696 -1.68017 -1.69986 -1.71596 -1.72835 -1.73693 -1.74155 -1.74209 -1.73840 -1.73033 -1.71772 -1.70039 -1.67815 -1.65072 -1.61779 -1.57889 -1.53333 -1.48008 -1.41750 -1.34310 -1.25314 -1.14248 -1.00499 -0.83567 -0.63579 -0.42086 -0.22472 -0.08637 -0.01993
-0.03578 -0.05897 -0.08573 -0.11588 -0.14914 -0.18524 -0.22388 -0.26480 -0.30776 -0.35255 -0.39899 -0.44695 -0.49630 -0.54694 -0.59878 -0.65175 -0.70576 -0.76073 -0.81657 -0.87316 -0.93038 -0.98806 -1.04603 -1.10406 -1.16188 -1.21926 -1.27546 -1.32917 -1.37956 -1.42678 -1.47080 -1.51160 -1.54918 -1.58353 -1.61463 -1.64245 -1.66698 -1.68817 -1.70596 -1.72029 -1.73109 -1.73826 -1.74170 -1.74131 -1.73697 -1.72854 -1.71592 -1.69894 -1.67746 -1.65128 -1.62017 -1.58381 -1.54173 -1.49324 -1.43726 -1.37213 -1.29524 -1.20268 -1.08902 -0.94798 -0.77523 -0.57433 -0.36460 -0.18247 -0.06348
-0.03756 -0.06074 -0.08756 -0.11788 -0.15148 -0.18810 -0.22746 -0.26928 -0.31329 -0.35926 -0.40695 -0.45619 -0.50682 -0.55868 -0.61165 -0.66562 -0.72047 -0.77609 -0.83235 -0.88912 -0.94626 -1.00358 -1.06088 -1.11795 -1.17448 -1.23028 -1.28460 -1.33631 -1.38477 -1.43001 -1.47202 -1.51080 -1.54635 -1.57865 -1.60771 -1.63352 -1.65607 -1.67534 -1.69131 -1.70394 -1.71319 -1.71899 -1.72128 -1.71997 -1.71498 -1.70620 -1.69353 -1.67687 -1.65609 -1.63104 -1.60156 -1.56741 -1.52826 -1.48365 -1.43282 -1.37465 -1.30732 -1.22808 -1.13281 -1.01599 -0.87155 -0.69633 -0.49716 -0.29796 -0.13657
-0.03249 -0.05436 -0.07977 -0.10870 -0.14100 -0.17650 -0.21497 -0.25617 -0.29983 -0.34571 -0.39355 -0.44314 -0.49426 -0.54672 -0.60034 -0.65495 -0.71040 -0.76652 -0.82315 -0.88012 -0.93725 -0.99433 -1.05114 -1.10744 -1.16294 -1.21738 -1.27013 -1.32020 -1.36693 -1.41045 -1.45070 -1.48769 -1.52142 -1.55188 -1.57910 -1.60307 -1.62381 -1.64133 -1.65562 -1.66669 -1.67451 -1.67905 -1.68028 -1.67814 -1.67258 -1.66351 -1.65087 -1.63456 -1.61450 -1.59057 -1.56264 -1.53055 -1.49407 -1.45286 -1.40640 -1.35389 -1.29407 -1.22497 -1.14356 -1.04551 -0.92530 -0.77766 -0.60173 -0.40858 -0.22667
-0.02280 -0.04254 -0.06565 -0.09216 -0.12204 -0.15521 -0.19152 -0.23079 -0.27279 -0.31731 -0.36409 -0.41289 -0.46347 -0.51560 -0.56905 -0.62361 -0.67905 -0.73518 -0.79178 -0.84863 -0.90551 -0.96218 -1.01840 -1.07389 -1.12835 -1.18152 -1.23279 -1.28126 -1.32645 -1.36838 -1.40702 -1.44237 -1.47444 -1.50323 -1.52876 -1.55107 -1.57018 -1.58612 -1.59891 -1.60858 -1.61513 -1.61858 -1.61890 -1.61609 -1.61009 -1.60087 -1.58838 -1.57254 -1.55328 -1.53054 -1.50421 -1.47416 -1.44023 -1.40219 -1.35966 -1.31207 -1.25853 -1.19762 -1.12713 -1.04375 -0.94294 -0.81941 -0.66939 -0.49564 -0.31451
-0.01029 -0.02752 -0.04784 -0.07138 -0.09817 -0.12822 -0.16148 -0.19783 -0.23712 -0.27916 -0.32373 -0.37060 -0.41953 -0.47025 -0.52251 -0.57606 -0.63063 -0.68597 -0.74183 -0.79793 -0.85403 -0.90983 -0.96507 -1.01943 -1.07261 -1.12430 -1.17397 -1.22084 -1.26440 -1.30471 -1.34175 -1.37549 -1.40595 -1.43315 -1.45712 -1.47789 -1.49551 -1.51003 -1.52150 -1.52995 -1.53544 -1.53798 -1.53759 -1.53428 -1.52804 -1.51885 -1.50667 -1.49147 -1.47318 -1.45175 -1.42712 -1.39918 -1.36783 -1.33288 -1.29407 -1.25099 -1.20300 -1.14908 -1.08759 -1.01607 -0.93091 -0.82749 -0.70125 -0.55089 -0.38407
0.00359 -0.01099 -0.02837 -0.04869 -0.07209 -0.09861 -0.12828 -0.16105 -0.19685 -0.23554 -0.27695 -0.32086 -0.36706 -0.41529 -0.46527 -0.51674 -0.56941 -0.62298 -0.67717 -0.73167 -0.78619 -0.84041 -0.89401 -0.94669 -0.99809 -1.04791 -1.09565 -1.14058 -1.18230 -1.22083 -1.25611 -1.28816 -1.31697 -1.34257 -1.36500 -1.38430 -1.40054 -1.41377 -1.42406 -1.43148 -1.43608 -1.43792 -1.43703 -1.43345 -1.42718 -1.41822 -1.40657 -1.39220 -1.37507 -1.35514 -1.33237 -1.30667 -1.27798 -1.24615 -1.21101 -1.17225 -1.12940 -1.08173 -1.02803 -0.96645 -0.89421 -0.80752 -0.70201 -0.57462 -0.42776
0.01772 0.00573 -0.00873 -0.02585 -0.04578 -0.06862 -0.09445 -0.12328 -0.15510 -0.18982 -0.22732 -0.26744 -0.30998 -0.35471 -0.40137 -0.44968 -0.49936 -0.55009 -0.60156 -0.65345 -0.70542 -0.75715 -0.80829 -0.85851 -0.90745 -0.95480 -1.00006 -1.04259 -1.08207 -1.11847 -1.15173 -1.18186 -1.20886 -1.23276 -1.25360 -1.27144 -1.28633 -1.29836 -1.30760 -1.31414 -1.31804 -1.31937 -1.31819 -1.31455 -1.30848 -1.29999 -1.28910 -1.27578 -1.26002 -1.24180 -1.22107 -1.19780 -1.17190 -1.14331 -1.11186 -1.07736 -1.03945 -0.99760 -0.95092 -0.89803 -0.83682 -0.76425 -0.67653 -0.57016 -0.44469
0.03124 0.02169 0.00998 -0.00408 -0.02063 -0.03983 -0.06177 -0.08651 -0.11408 -0.14443 -0.17751 -0.21319 -0.25133 -0.29171 -0.33411 -0.37827 -0.42391 -0.47072 -0.51839 -0.56658 -0.61496 -0.66318 -0.71089 -0.75774 -0.80338 -0.84747 -0.88958 -0.92916 -0.96584 -0.99963 -1.03048 -1.05837 -1.08331 -1.10531 -1.12444 -1.14074 -1.15428 -1.16516 -1.17343 -1.17921 -1.18256 -1.18357 -1.18231 -1.17883 -1.17318 -1.16540 -1.15549 -1.14345 -1.12930 -1.11299 -1.09453 -1.07385 -1.05094 -1.02570 -0.99805 -0.96784 -0.93480 -0.89855 -0.85843 -0.81341 -0.76190 -0.70155 -0.62922 -0.54157 -0.43687
0.04353 0.03619 0.02700 0.01580 0.00242 -0.01327 -0.03140 -0.05204 -0.07525 -0.10103 -0.12936 -0.16016 -0.19331 -0.22867 -0.26602 -0.30515 -0.34580 -0.38769 -0.43050 -0.47394 -0.51765 -0.56130 -0.60456 -0.64706 -0.68847 -0.72849 -0.76666 -0.80252 -0.83580 -0.86644 -0.89439 -0.91964 -0.94218 -0.96205 -0.97928 -0.99393 -1.00607 -1.01578 -1.02314 -1.02825 -1.03119 -1.03205 -1.03088 -1.02777 -1.02276 -1.01590 -1.00720 -0.99668 -0.98434 -0.97018 -0.95417 -0.93630 -0.91654 -0.89483 -0.87110 -0.84525 -0.81709 -0.78633 -0.75250 -0.71484 -0.67216 -0.62265 -0.56385 -0.49285 -0.40748
0.05422 0.04883 0.04192 0.03332 0.02289 0.01050 -0.00396 -0.02059 -0.03946 -0.06059 -0.08399 -0.10961 -0.13738 -0.16719 -0.19887 -0.23224 -0.26708 -0.30314 -0.34016 -0.37783 -0.41586 -0.45393 -0.49171 -0.52889 -0.56514 -0.60016 -0.63359 -0.66504 -0.69421 -0.72109 -0.74562 -0.76778 -0.78756 -0.80499 -0.82010 -0.83294 -0.84359 -0.85211 -0.85858 -0.86309 -0.86572 -0.86655 -0.86565 -0.86309 -0.85892 -0.85318 -0.84591 -0.83711 -0.82680 -0.81498 -0.80163 -0.78675 -0.77031 -0.75228 -0.73261 -0.71122 -0.68798 -0.66269 -0.63501 -0.60438 -0.56993 -0.53033 -0.48367 -0.42760 -0.36001
