tests/data/gray99/saval2D/outputs/resuqv8.asc
north:     17.44
south:      0.00
east:      60.51
west:       0.00
rows:   68
cols:  236
[rows 0 to 28 of 68, columns 0 to 64 of 236]
0.00000 0.00000 0.00000 0.00000 0.00000 0.00000 0.00000 0.00000 0.00000 0.00000 0.00000 0.00000 0.00000 0.00000 0.00000 0.00000 0.00000 0.00000 0.00000 0.00000 0.00000 0.00000 0.00000 0.00000 0.00000 0.00000 0.00000 0.00000 0.00000 0.00000 0.00000 0.00000 0.00000 0.00000 0.00000 0.00000 0.00000 0.00000 0.00000 0.00000 0.00000 0.00000 0.00000 0.00000 0.00000 0.00000 0.00000 0.00000 0.00000 0.00000 0.00000 0.00000 0.00000 0.00000 0.00000 0.00000 0.00000 0.00000 0.00000 0.00000 0.00000 0.00000 0.00000 0.00000 0.00000
0.00000 0.00000 0.00000 0.00000 0.00000 0.00000 0.00000 0.00000 0.00000 0.00000 0.00000 0.00000 0.00000 0.00000 0.00000 0.00000 0.00000 0.00000 0.00000 0.00000 0.00000 0.00000 0.00000 0.00000 0.00000 0.00000 0.00000 0.00000 0.00000 0.00000 0.00000 0.00000 0.00000 0.00000 0.00000 0.00000 0.00000 0.00000 0.00000 0.00000 0.00000 0.00000 0.00000 0.00000 0.00000 0.00000 0.00000 0.00000 0.00000 0.00000 0.00000 0.00000 0.00000 0.00000 0.00000 0.00000 0.00000 0.00000 0.00000 0.00000 0.00000 0.00000 0.00000 0.00000 0.00000
0.00000 0.00000 0.00000 0.00000 0.00000 0.00000 0.00000 0.00000 0.00000 0.00000 0.00000 0.00000 0.00000 0.00000 0.00000 0.00000 0.00000 0.00000 0.00000 0.00000 0.00000 0.00000 0.00000 0.00000 0.00000 0.00000 0.00000 0.00000 0.00000 0.00000 0.00000 0.00000 0.00000 0.00000 0.00000 0.00000 0.00000 0.00000 0.00000 0.00000 0.00000 0.00000 0.00000 0.00000 0.00000 0.00000 0.00000 0.00000 0.00000 0.00000 0.00000 0.00000 0.00000 0.00000 0.00000 0.00000 0.00000 0.00000 0.00000 0.00000 0.00000 0.00000 0.00000 0.00000 0.00000
0.00000 0.00000 0.00000 0.00000 0.00000 0.00000 0.00000 0.00000 0.00000 0.00000 0.00000 0.00000 0.00000 0.00000 0.00000 0.00000 0.00000 0.00000 0.00000 0.00000 0.00000 0.00000 0.00000 0.00000 0.00000 0.00000 0.00000 0.00000 0.00000 0.00000 0.00000 0.00000 0.00000 0.00000 0.00000 0.00000 0.00000 0.00000 0.00000 0.00000 0.00000 0.00000 0.00000 0.00000 0.00000 0.00000 0.00000 0.00000 0.00000 0.00000 0.00000 0.00000 0.00000 0.00000 0.00000 0.00000 0.00000 0.00000 0.00000 0.00000 0.00000 0.00000 0.00000 0.00000 0.00000
0.00000 0.00000 0.00000 0.00000 0.00000 0.00000 0.00000 0.00000 0.00000 0.00000 0.00000 0.00000 0.00000 0.00000 0.00000 0.00000 0.00000 0.00000 0.00000 0.00000 0.00000 0.00000 0.00000 0.00000 0.00000 0.00000 0.00000 0.00000 0.00000 0.00000 0.00000 0.00001 0.00001 0.00001 0.00002 0.00002 0.00001 0.00001 0.00001 0.00000 0.00000 0.00000 0.00000 0.00000 0.00000 0.00000 0.00000 0.00000 0.00000 0.00000 0.00000 0.00000 0.00000 0.00000 0.00000 0.00000 0.00000 0.00000 0.00000 0.00000 0.00000 0.00000 0.00000 0.00000 0.00000
0.00000 0.00000 0.00000 0.00000 0.00000 0.00000 0.00000 0.00000 0.00000 0.00000 0.00000 0.00000 0.00000 0.00000 0.00000 0.00000 0.00000 0.00000 0.00000 0.00000 0.00000 0.00000 0.00000 0.00000 0.00001 0.00002 0.00004 0.00006 0.00007 0.00009 0.00011 0.00013 0.00015 0.00016 0.00018 0.00019 0.00019 0.00020 0.00020 0.00020 0.00019 0.00018 0.00017 0.00014 0.00009 0.00005 0.00001 0.00000 0.00000 0.00000 0.00000 0.00000 0.00000 0.00000 0.00000 0.00000 0.00000 0.00000 0.00000 0.00000 0.00000 0.00000 0.00000 0.00000 0.00000
0.00000 0.00000 0.00000 0.00000 0.00000 0.00000 0.00000 0.00000 0.00000 0.00000 0.00000 0.00000 0.00000 0.00000 0.00000 0.00000 0.00000 0.00000 0.00000 0.00000 0.00000 0.00001 0.00002 0.00004 0.00007 0.00011 0.00015 0.00020 0.00026 0.00031 0.00035 0.00040 0.00045 0.00049 0.00053 0.00056 0.00059 0.00061 0.00062 0.00063 0.00063 0.00062 0.00060 0.00055 0.00049 0.00042 0.00037 0.00034 0.00032 0.00029 0.00024 0.00016 0.00006 0.00001 0.00000 0.00000 0.00000 0.00000 0.00000 0.00000 0.00000 0.00000 0.00000 0.00000 0.00000
0.00000 0.00000 0.00000 0.00000 0.00000 0.00000 0.00000 0.00000 0.00000 0.00000 0.00000 0.00000 0.00000 0.00000 0.00000 0.00000 0.00000 0.00000 0.00000 0.00001 0.00003 0.00006 0.00010 0.00016 0.00022 0.00030 0.00038 0.00048 0.00058 0.00067 0.00077 0.00086 0.00095 0.00103 0.00111 0.00118 0.00125 0.00130 0.00134 0.00138 0.00140 0.00140 0.00138 0.00134 0.00127 0.00120 0.00113 0.00108 0.00104 0.00099 0.00090 0.00076 0.00061 0.00050 0.00045 0.00041 0.00036 0.00026 0.00011 0.00002 0.00000 0.00000 0.00000 0.00000 0.00000
0.00000 0.00000 0.00000 0.00000 0.00000 0.00000 0.00000 0.00000 0.00000 0.00000 0.00000 0.00000 0.00000 0.00000 0.00000 0.00000 0.00000 0.00000 0.00002 0.00005 0.00010 0.00017 0.00025 0.00036 0.00047 0.00060 0.00075 0.00090 0.00106 0.00122 0.00138 0.00154 0.00169 0.00184 0.00197 0.00210 0.00222 0.00232 0.00241 0.00249 0.00255 0.00259 0.00260 0.00258 0.00253 0.00246 0.00239 0.00234 0.00228 0.00221 0.00210 0.00193 0.00174 0.00158 0.00147 0.00138 0.00127 0.00109 0.00086 0.00068 0.00058 0.00052 0.00043 0.00029 0.00011
0.00000 0.00000 0.00000 0.00000 0.00000 0.00000 0.00000 0.00000 0.00000 0.00000 0.00000 0.00000 0.00000 0.00000 0.00000 0.00000 0.00001 0.00003 0.00008 0.00014 0.00024 0.00036 0.00050 0.00066 0.00084 0.00104 0.00126 0.00149 0.00173 0.00198 0.00222 0.00246 0.00270 0.00293 0.00314 0.00335 0.00354 0.00372 0.00388 0.00402 0.00414 0.00424 0.00430 0.00433 0.00432 0.00429 0.00424 0.00420 0.00415 0.00408 0.00397 0.00379 0.00358 0.00338 0.00322 0.00307 0.00291 0.00267 0.00238 0.00212 0.00192 0.00176 0.00158 0.00133 0.00103
0.00000 0.00000 0.00000 0.00000 0.00000 0.00000 0.00000 0.00000 0.00000 0.00000 0.00000 0.00000 0.00000 0.00000 0.00000 0.00001 0.00004 0.00010 0.00018 0.00030 0.00044 0.00062 0.00083 0.00107 0.00134 0.00163 0.00194 0.00226 0.00260 0.00295 0.00330 0.00365 0.00399 0.00433 0.00465 0.00496 0.00525 0.00553 0.00579 0.00602 0.00623 0.00641 0.00655 0.00666 0.00672 0.00675 0.00676 0.00675 0.00673 0.00669 0.00660 0.00645 0.00625 0.00603 0.00584 0.00565 0.00545 0.00518 0.00485 0.00452 0.00423 0.00397 0.00370 0.00335 0.00296
0.00000 0.00000 0.00000 0.00000 0.00000 0.00000 0.00000 0.00000 0.00000 0.00000 0.00000 0.00000 0.00000 0.00000 0.00001 0.00005 0.00011 0.00021 0.00034 0.00051 0.00072 0.00098 0.00127 0.00160 0.00196 0.00236 0.00278 0.00322 0.00368 0.00415 0.00463 0.00511 0.00559 0.00606 0.00651 0.00695 0.00738 0.00778 0.00816 0.00852 0.00885 0.00914 0.00940 0.00961 0.00978 0.00991 0.01000 0.01007 0.01011 0.01013 0.01009 0.01000 0.00984 0.00966 0.00946 0.00927 0.00905 0.00878 0.00843 0.00806 0.00771 0.00737 0.00702 0.00660 0.00613
0.00000 0.00000 0.00000 0.00000 0.00000 0.00000 0.00000 0.00000 0.00000 0.00000 0.00000 0.00000 0.00000 0.00001 0.00005 0.00012 0.00022 0.00036 0.00056 0.00080 0.00109 0.00142 0.00181 0.00225 0.00272 0.00323 0.00378 0.00436 0.00496 0.00558 0.00621 0.00685 0.00749 0.00812 0.00874 0.00934 0.00993 0.01050 0.01104 0.01155 0.01203 0.01248 0.01289 0.01325 0.01356 0.01382 0.01404 0.01422 0.01437 0.01449 0.01455 0.01455 0.01448 0.01436 0.01422 0.01406 0.01387 0.01362 0.01330 0.01294 0.01256 0.01218 0.01179 0.01133 0.01081
0.00000 0.00000 0.00000 0.00000 0.00000 0.00000 0.00000 0.00000 0.00000 0.00000 0.00000 0.00000 0.00001 0.00005 0.00011 0.00022 0.00037 0.00057 0.00083 0.00115 0.00153 0.00196 0.00246 0.00301 0.00361 0.00426 0.00495 0.00569 0.00645 0.00724 0.00805 0.00887 0.00970 0.01052 0.01133 0.01214 0.01292 0.01368 0.01442 0.01513 0.01581 0.01644 0.01704 0.01759 0.01809 0.01853 0.01892 0.01927 0.01958 0.01984 0.02004 0.02018 0.02025 0.02026 0.02022 0.02014 0.02003 0.01986 0.01961 0.01931 0.01897 0.01861 0.01821 0.01776 0.01723
0.00000 0.00000 0.00000 0.00000 0.00000 0.00000 0.00000 0.00000 0.00000 0.00000 0.00000 0.00001 0.00004 0.00010 0.00020 0.00036 0.00056 0.00083 0.00117 0.00157 0.00204 0.00258 0.00320 0.00388 0.00462 0.00542 0.00628 0.00719 0.00813 0.00912 0.01013 0.01116 0.01220 0.01325 0.01429 0.01533 0.01635 0.01735 0.01832 0.01927 0.02018 0.02106 0.02189 0.02267 0.02340 0.02408 0.02470 0.02527 0.02578 0.02624 0.02665 0.02699 0.02725 0.02744 0.02757 0.02765 0.02768 0.02764 0.02753 0.02735 0.02711 0.02684 0.02651 0.02613 0.02567
0.00000 0.00000 0.00000 0.00000 0.00000 0.00000 0.00000 0.00000 0.00000 0.00000 0.00000 0.00003 0.00008 0.00018 0.00033 0.00053 0.00080 0.00114 0.00155 0.00205 0.00263 0.00328 0.00403 0.00485 0.00574 0.00671 0.00775 0.00885 0.01000 0.01120 0.01244 0.01370 0.01499 0.01629 0.01760 0.01890 0.02020 0.02148 0.02273 0.02396 0.02516 0.02632 0.02744 0.02852 0.02954 0.03050 0.03140 0.03225 0.03304 0.03377 0.03444 0.03504 0.03556 0.03601 0.03638 0.03669 0.03694 0.03711 0.03721 0.03723 0.03719 0.03708 0.03691 0.03668 0.03636
0.00000 0.00000 0.00000 0.00000 0.00000 0.00000 0.00000 0.00000 0.00000 0.00000 0.00002 0.00007 0.00015 0.00029 0.00048 0.00074 0.00107 0.00149 0.00199 0.00258 0.00327 0.00405 0.00493 0.00590 0.00697 0.00812 0.00935 0.01066 0.01203 0.01347 0.01495 0.01648 0.01805 0.01964 0.02124 0.02285 0.02446 0.02607 0.02765 0.02921 0.03075 0.03225 0.03372 0.03513 0.03650 0.03782 0.03907 0.04026 0.04140 0.04247 0.04348 0.04442 0.04528 0.04606 0.04676 0.04739 0.04795 0.04843 0.04883 0.04915 0.04938 0.04955 0.04965 0.04967 0.04960
0.00000 0.00000 0.00000 0.00000 0.00000 0.00000 0.00000 0.00000 0.00000 0.00001 0.00005 0.00012 0.00024 0.00041 0.00066 0.00097 0.00138 0.00187 0.00246 0.00316 0.00396 0.00488 0.00590 0.00703 0.00827 0.00961 0.01105 0.01258 0.01420 0.01589 0.01766 0.01948 0.02135 0.02326 0.02519 0.02715 0.02912 0.03109 0.03305 0.03500 0.03693 0.03884 0.04071 0.04254 0.04432 0.04605 0.04773 0.04935 0.05092 0.05242 0.05385 0.05521 0.05650 0.05771 0.05884 0.05989 0.06087 0.06176 0.06257 0.06330 0.06394 0.06450 0.06499 0.06539 0.06571
0.00000 0.00000 0.00000 0.00000 0.00000 0.00000 0.00000 0.00000 0.00000 0.00003 0.00009 0.00019 0.00035 0.00056 0.00086 0.00123 0.00171 0.00228 0.00297 0.00377 0.00469 0.00574 0.00691 0.00821 0.00963 0.01117 0.01283 0.01460 0.01648 0.01845 0.02051 0.02265 0.02485 0.02711 0.02942 0.03177 0.03414 0.03653 0.03892 0.04131 0.04370 0.04607 0.04841 0.05073 0.05300 0.05524 0.05743 0.05956 0.06164 0.06367 0.06563 0.06752 0.06935 0.07110 0.07277 0.07436 0.07588 0.07732 0.07867 0.07994 0.08113 0.08224 0.08326 0.08421 0.08507
0.00000 0.00000 0.00000 0.00000 0.00000 0.00000 0.00000 0.00000 0.00002 0.00006 0.00014 0.00027 0.00047 0.00073 0.00107 0.00151 0.00205 0.00271 0.00349 0.00439 0.00543 0.00662 0.00794 0.00941 0.01102 0.01277 0.01466 0.01668 0.01883 0.02110 0.02347 0.02595 0.02852 0.03117 0.03388 0.03666 0.03948 0.04234 0.04522 0.04812 0.05103 0.05393 0.05683 0.05971 0.06257 0.06540 0.06819 0.07094 0.07365 0.07631 0.07891 0.08146 0.08395 0.08637 0.08872 0.09100 0.09321 0.09534 0.09740 0.09939 0.10129 0.10312 0.10487 0.10655 0.10815
0.00000 0.00000 0.00000 0.00000 0.00000 0.00000 0.00000 0.00001 0.00004 0.00010 0.00021 0.00037 0.00060 0.00090 0.00130 0.00180 0.00241 0.00314 0.00401 0.00502 0.00618 0.00749 0.00896 0.01060 0.01240 0.01437 0.01649 0.01878 0.02121 0.02379 0.02650 0.02934 0.03230 0.03537 0.03853 0.04178 0.04510 0.04848 0.05192 0.05539 0.05890 0.06242 0.06596 0.06950 0.07304 0.07656 0.08007 0.08356 0.08701 0.09044 0.09382 0.09717 0.10047 0.10372 0.10692 0.11005 0.11313 0.11615 0.11911 0.12201 0.12484 0.12761 0.13032 0.13297 0.13555
0.00000 0.00000 0.00000 0.00000 0.00000 0.00000 0.00000 0.00002 0.00006 0.00015 0.00028 0.00047 0.00073 0.00108 0.00153 0.00208 0.00275 0.00356 0.00452 0.00562 0.00689 0.00834 0.00996 0.01176 0.01375 0.01593 0.01829 0.02084 0.02357 0.02647 0.02954 0.03276 0.03614 0.03966 0.04331 0.04708 0.05095 0.05492 0.05897 0.06309 0.06727 0.07151 0.07578 0.08009 0.08442 0.08877 0.09312 0.09748 0.10183 0.10618 0.11051 0.11483 0.11912 0.12339 0.12762 0.13183 0.13600 0.14013 0.14423 0.14829 0.15231 0.15630 0.16025 0.16417 0.16806
0.00000 0.00000 0.00000 0.00000 0.00000 0.00000 0.00001 0.00004 0.00010 0.00020 0.00035 0.00057 0.00086 0.00125 0.00174 0.00235 0.00308 0.00396 0.00499 0.00619 0.00756 0.00912 0.01088 0.01285 0.01502 0.01740 0.02000 0.02281 0.02584 0.02907 0.03251 0.03614 0.03996 0.04397 0.04814 0.05247 0.05695 0.06157 0.06631 0.07117 0.07612 0.08117 0.08629 0.09149 0.09675 0.10206 0.10741 0.11281 0.11823 0.12369 0.12916 0.13465 0.14016 0.14568 0.15121 0.15674 0.16227 0.16781 0.17335 0.17889 0.18444 0.19000 0.19557 0.20115 0.20676
0.00000 0.00000 0.00000 0.00000 0.00000 0.00000 0.00002 0.00005 0.00013 0.00024 0.00042 0.00066 0.00099 0.00141 0.00193 0.00258 0.00337 0.00430 0.00540 0.00668 0.00815 0.00982 0.01170 0.01381 0.01615 0.01874 0.02156 0.02464 0.02796 0.03153 0.03534 0.03939 0.04368 0.04820 0.05294 0.05789 0.06303 0.06837 0.07389 0.07957 0.08540 0.09138 0.09749 0.10372 0.11006 0.11651 0.12305 0.12968 0.13640 0.14319 0.15006 0.15700 0.16400 0.17107 0.17821 0.18540 0.19267 0.20000 0.20741 0.21489 0.22246 0.22894 0.23899 0.25008 0.26031
0.00000 0.00000 0.00000 0.00000 0.00000 0.00000 0.00003 0.00007 0.00016 0.00029 0.00048 0.00074 0.00109 0.00153 0.00209 0.00277 0.00360 0.00458 0.00573 0.00707 0.00862 0.01038 0.01237 0.01461 0.01710 0.01986 0.02290 0.02622 0.02983 0.03373 0.03793 0.04241 0.04719 0.05225 0.05759 0.06321 0.06909 0.07522 0.08161 0.08822 0.09506 0.10212 0.10937 0.11682 0.12446 0.13227 0.14025 0.14840 0.15670 0.16516 0.17378 0.18257 0.19158 0.20037 0.21180 0.22483 0.23809 0.25017 0.25981 0.26594 0.26763 0.26648 0.26082 0.25311 0.24462
0.00000 0.00000 0.00000 0.00000 0.00000 0.00001 0.00003 0.00009 0.00018 0.00032 0.00053 0.00080 0.00116 0.00162 0.00220 0.00290 0.00375 0.00476 0.00595 0.00733 0.00893 0.01075 0.01283 0.01517 0.01779 0.02071 0.02393 0.02748 0.03136 0.03558 0.04015 0.04507 0.05034 0.05597 0.06196 0.06830 0.07499 0.08202 0.08939 0.09709 0.10511 0.11345 0.12210 0.13107 0.14039 0.15021 0.16061 0.17248 0.18540 0.19873 0.21171 0.22346 0.23307 0.24047 0.24442 0.24625 0.24675 0.24636 0.24524 0.24350 0.24117 0.23720 0.23094 0.22276 0.21323
0.00000 0.00000 0.00000 0.00000 0.00000 0.00001 0.00004 0.00010 0.00020 0.00035 0.00056 0.00083 0.00120 0.00166 0.00224 0.00295 0.00380 0.00482 0.00601 0.00741 0.00903 0.01089 0.01302 0.01542 0.01813 0.02116 0.02454 0.02827 0.03239 0.03690 0.04183 0.04717 0.05296 0.05919 0.06587 0.07303 0.08069 0.08890 0.09780 0.10740 0.11769 0.12862 0.14006 0.15179 0.16351 0.17478 0.18547 0.19510 0.20381 0.21165 0.21860 0.22464 0.22975 0.23363 0.23553 0.23555 0.23404 0.23135 0.22774 0.22341 0.21848 0.21268 0.20565 0.19729 0.18771
0.00000 0.00000 0.00000 0.00000 0.00000 0.00002 0.00005 0.00011 0.00021 0.00036 0.00057 0.00085 0.00121 0.00167 0.00224 0.00294 0.00378 0.00479 0.00598 0.00738 0.00900 0.01088 0.01303 0.01548 0.01825 0.02139 0.02491 0.02884 0.03321 0.03806 0.04341 0.04929 0.05572 0.06272 0.07029 0.07844 0.08713 0.09634 0.10597 0.11595 0.12620 0.13658 0.14697 0.15720 0.16716 0.17665 0.18544 0.19322 0.19994 0.20561 0.21027 0.21395 0.21668 0.21835 0.21866 0.21753 0.21506 0.21144 0.20688 0.20158 0.19569 0.18921 0.18202 0.17401 0.16516
0.00000 0.00000 0.00000 0.00000 0.00000 0.00002 0.00006 0.00012 0.00022 0.00036 0.00056 0.00082 0.00116 0.00160 0.00214 0.00280 0.00361 0.00457 0.00572 0.00707 0.00864 0.01046 0.01256 0.01497 0.01772 0.02083 0.02434 0.02828 0.03269 0.03758 0.04299 0.04892 0.05539 0.06239 0.06991 0.07792 0.08637 0.09518 0.10424 0.11346 0.12272 0.13190 0.14087 0.14953 0.15775 0.16541 0.17234 0.17840 0.18348 0.18759 0.19074 0.19299 0.19438 0.19489 0.19443 0.19291 0.19035 0.18683 0.18247 0.17741 0.17178 0.16566 0.15907 0.15195 0.14429
