tests/data/gray99/saval2D/outputs/resuqu3.asc
north:     17.44
south:      0.00
east:      60.51
west:       0.00
rows:   68
cols:  236
[rows 29 to 57 of 68, columns 0 to 64 of 236]
0.00000 0.00000 0.00000 0.00000 0.00066 0.01141 0.06655 0.18857 0.34692 0.50906 0.66558 0.81644 0.96282 1.10585 1.24703 1.38994 1.53916 1.70022 1.87828 2.07695 2.29778 2.54047 2.80335 3.08406 3.38004 3.68880 4.00810 4.33592 4.67053 5.01041 5.35417 5.70057 6.04844 6.39663 6.74407 7.08967 7.43237 7.77110 8.10484 8.43254 8.75318 9.06577 9.36930 9.66278 9.94516 10.21542 10.47253 10.71553 10.94355 11.15591 11.35212 11.53192 11.69529 11.84242 11.97362 12.08939 12.19027 12.27680 12.34955 12.40900 12.45556 12.48944 12.51059 12.51864 12.51273
0.00000 0.00000 0.00000 0.00000 0.00142 0.01686 0.08280 0.21369 0.37512 0.53764 0.69396 0.84458 0.99080 1.13379 1.27514 1.41839 1.56816 1.72997 1.90902 2.10898 2.33143 2.57607 2.84123 3.12453 3.42335 3.73515 4.05762 4.38873 4.72666 5.06987 5.41694 5.76660 6.11768 6.46904 6.81958 7.16824 7.51395 7.85566 8.19230 8.52285 8.84629 9.16160 9.46778 9.76383 10.04872 10.32142 10.58089 10.82615 11.05633 11.27071 11.46879 11.65034 11.81533 11.96396 12.09662 12.21377 12.31599 12.40389 12.47806 12.53903 12.58723 12.62295 12.64630 12.65697 12.65429
0.00000 0.00000 0.00000 0.00002 0.00243 0.02247 0.09685 0.23340 0.39629 0.55881 0.71491 0.86526 1.01119 1.15394 1.29518 1.43848 1.58848 1.75074 1.93046 2.13133 2.35494 2.60098 2.86779 3.15294 3.45380 3.76777 4.09252 4.42594 4.76622 5.11175 5.46114 5.81308 6.16640 6.51996 6.87267 7.22345 7.57124 7.91497 8.25361 8.58610 8.91142 9.22857 9.53655 9.83433 10.12090 10.39522 10.65625 10.90300 11.13458 11.35030 11.54963 11.73235 11.89842 12.04808 12.18169 12.29979 12.40295 12.49181 12.56697 12.62900 12.67836 12.71540 12.74023 12.75269 12.75217
0.00000 0.00000 0.00000 0.00007 0.00341 0.02706 0.10719 0.24696 0.41026 0.57245 0.72821 0.87822 1.02377 1.16613 1.30704 1.45015 1.60012 1.76255 1.94262 2.14400 2.36830 2.61520 2.88301 3.16930 3.47140 3.78671 4.11285 4.44768 4.78935 5.13626 5.48697 5.84021 6.19481 6.54963 6.90359 7.25561 7.60461 7.94952 8.28927 8.62282 8.94916 9.26728 9.57620 9.87490 10.16238 10.43759 10.69946 10.94698 11.17928 11.39563 11.59556 11.77883 11.94547 12.09571 12.22992 12.34859 12.45233 12.54174 12.61747 12.68010 12.73012 12.76796 12.79376 12.80734 12.80812
0.00000 0.00000 0.00000 0.00011 0.00397 0.02951 0.11246 0.25365 0.41680 0.57844 0.73367 0.88319 1.02824 1.17010 1.31054 1.45326 1.60297 1.76526 1.94535 2.14689 2.37145 2.61869 2.88691 3.17363 3.47619 3.79196 4.11855 4.45384 4.79597 5.14331 5.49445 5.84809 6.20307 6.55825 6.91254 7.26488 7.61418 7.95937 8.29939 8.63319 8.95975 9.27807 9.58716 9.88600 10.17359 10.44888 10.71082 10.95840 11.19074 11.40714 11.60713 11.79046 11.95718 12.10751 12.24183 12.36065 12.46457 12.55420 12.63019 12.69311 12.74346 12.78165 12.80780 12.82177 12.82298
0.00000 0.00000 0.00000 0.00011 0.00388 0.02914 0.11193 0.25307 0.41583 0.57680 0.73128 0.88007 1.02441 1.16559 1.30539 1.44753 1.59674 1.75863 1.93841 2.13972 2.36410 2.61116 2.87915 3.16560 3.46781 3.78316 4.10929 4.44408 4.78569 5.13253 5.48316 5.83630 6.19075 6.54539 6.89912 7.25086 7.59956 7.94416 8.28360 8.61684 8.94285 9.26060 9.56910 9.86732 10.15424 10.42884 10.69010 10.93704 11.16879 11.38466 11.58418 11.76709 11.93341 12.08337 12.21737 12.33594 12.43967 12.52920 12.60514 12.66803 12.71836 12.75645 12.78242 12.79612 12.79694
0.00000 0.00000 0.00000 0.00007 0.00319 0.02604 0.10568 0.24532 0.40748 0.56767 0.72118 0.86893 1.01226 1.15249 1.29139 1.43272 1.58119 1.74241 1.92155 2.12222 2.34589 2.59213 2.85916 3.14452 3.44550 3.75953 4.08423 4.41754 4.75764 5.10295 5.45203 5.80363 6.15655 6.50967 6.86188 7.21213 7.55935 7.90249 8.24048 8.57229 8.89688 9.21322 9.52031 9.81713 10.10266 10.37589 10.63580 10.88144 11.11195 11.32665 11.52509 11.70704 11.87252 12.02174 12.15511 12.27312 12.37636 12.46545 12.54096 12.60344 12.65333 12.69091 12.71625 12.72911 12.72880
0.00000 0.00000 0.00000 0.00003 0.00221 0.02115 0.09484 0.23102 0.39177 0.55077 0.70296 0.84942 0.99156 1.13074 1.26869 1.40915 1.55683 1.71727 1.89562 2.09537 2.31795 2.56288 2.82835 3.11190 3.41085 3.72267 4.04504 4.37591 4.71351 5.05628 5.40282 5.75188 6.10226 6.45287 6.80258 7.15036 7.49511 7.83580 8.17137 8.50078 8.82299 9.13698 9.44174 9.73626 10.01951 10.29049 10.54821 10.79172 11.02020 11.23302 11.42972 11.61010 11.77416 11.92213 12.05438 12.17139 12.27373 12.36197 12.43668 12.49835 12.54736 12.58392 12.60805 12.61935 12.61698
0.00000 0.00000 0.00000 0.00001 0.00131 0.01566 0.08079 0.21094 0.36896 0.52609 0.67655 0.82144 0.96223 1.10028 1.23724 1.37683 1.52370 1.68333 1.86075 2.05938 2.28053 2.52367 2.78699 3.06802 3.36416 3.67291 3.99203 4.31954 4.65369 4.99296 5.33598 5.68152 6.02840 6.37551 6.72177 7.06610 7.40744 7.74474 8.07695 8.40303 8.72196 9.03270 9.33426 9.62560 9.90574 10.17366 10.42838 10.66902 10.89479 11.10504 11.29938 11.47759 11.63973 11.78596 11.91662 12.03223 12.13324 12.22025 12.29373 12.35414 12.40179 12.43679 12.45901 12.46790 12.46242
0.00000 0.00000 0.00000 0.00000 0.00068 0.01052 0.06482 0.18588 0.33944 0.49383 0.64205 0.78505 0.92433 1.06119 1.19716 1.33590 1.48199 1.64078 1.81720 2.01451 2.23390 2.47478 2.73532 3.01310 3.30560 3.61040 3.92534 4.24851 4.57822 4.91300 5.25150 5.59250 5.93486 6.27745 6.61921 6.95908 7.29599 7.62889 7.95675 8.27850 8.59316 8.89969 9.19708 9.48432 9.76044 10.02442 10.27532 10.51227 10.73454 10.94151 11.13282 11.30829 11.46789 11.61185 11.74046 11.85415 11.95342 12.03873 12.11053 12.16918 12.21490 12.24768 12.26722 12.27273 12.26288
0.00000 0.00000 0.00000 0.00000 0.00030 0.00628 0.04811 0.15687 0.30406 0.45481 0.60020 0.74093 0.87849 1.01406 1.14901 1.28692 1.43225 1.59021 1.76554 1.96132 2.17860 2.41669 2.67378 2.94753 3.23550 3.53541 3.84518 4.16300 4.48725 4.81648 5.14938 5.48477 5.82149 6.15846 6.49462 6.82891 7.16029 7.48769 7.81008 8.12647 8.43578 8.73704 9.02924 9.31139 9.58249 9.84158 10.08776 10.32017 10.53811 10.74105 10.92861 11.10062 11.25709 11.39818 11.52419 11.63550 11.73249 11.81558 11.88518 11.94151 11.98465 12.01445 12.03033 12.03128 12.01549
0.00000 0.00000 0.00000 0.00000 0.00009 0.00333 0.03199 0.12509 0.26370 0.41004 0.55223 0.69047 0.82614 0.96032 1.09422 1.23126 1.37578 1.53284 1.70692 1.90087 2.11554 2.35020 2.60306 2.87186 3.15433 3.44831 3.75186 4.06325 4.38091 4.70346 5.02960 5.35818 5.68808 6.01822 6.34756 6.67506 6.99968 7.32039 7.63616 7.94597 8.24881 8.54367 8.82958 9.10553 9.37055 9.62374 9.86420 10.09115 10.30390 10.50197 10.68499 10.85281 11.00546 11.14305 11.26585 11.37414 11.46830 11.54864 11.61541 11.66874 11.70855 11.73445 11.74553 11.74037 11.71679
0.00000 0.00000 0.00000 0.00000 0.00002 0.00168 0.01928 0.09337 0.21991 0.36030 0.49865 0.63409 0.76776 0.90056 1.03350 1.16980 1.31363 1.46980 1.64247 1.83421 2.04570 2.27615 2.52386 2.78671 3.06261 3.34956 3.64573 3.94951 4.25937 4.57399 4.89212 5.21259 5.53435 5.85633 6.17751 6.49687 6.81342 7.12612 7.43397 7.73595 8.03107 8.31834 8.59674 8.86532 9.12318 9.36936 9.60304 9.82349 10.03012 10.22242 10.40004 10.56289 10.71094 10.84429 10.96316 11.06781 11.15850 11.23543 11.29868 11.34827 11.38383 11.40465 11.40950 11.39645 11.36267
0.00000 0.00000 0.00000 0.00000 0.00000 0.00073 0.00998 0.06284 0.17421 0.30778 0.44218 0.57468 0.70618 0.83746 0.96938 1.10490 1.24800 1.40310 1.57400 1.76293 1.97041 2.19567 2.43714 2.69290 2.96106 3.23977 3.52735 3.82223 4.12298 4.42830 4.73697 5.04790 5.36005 5.67239 5.98396 6.29375 6.60076 6.90404 7.20258 7.49538 7.78147 8.05982 8.32950 8.58951 8.83894 9.07697 9.30276 9.51568 9.71511 9.90063 10.07198 10.22896 10.37158 10.49992 10.61411 10.71437 10.80083 10.87360 10.93259 10.97755 11.00776 11.02215 11.01893 10.99561 10.94864
0.00000 0.00000 0.00000 0.00000 0.00000 0.00019 0.00422 0.03639 0.12813 0.25330 0.38358 0.51304 0.64222 0.77190 0.90289 1.03779 1.18023 1.33415 1.50286 1.68828 1.89083 2.10984 2.34393 2.59143 2.85063 3.11987 3.39756 3.68218 3.97237 4.26685 4.56450 4.86428 5.16519 5.46629 5.76664 6.06530 6.36131 6.65367 6.94145 7.22368 7.49933 7.76746 8.02708 8.27726 8.51710 8.74575 8.96253 9.16676 9.35792 9.53566 9.69968 9.84989 9.98618 10.10868 10.21742 10.31252 10.39400 10.46180 10.51560 10.55478 10.57824 10.58436 10.57071 10.53396 10.46985
0.00000 0.00000 0.00000 0.00000 0.00000 0.00002 0.00140 0.01680 0.08371 0.19747 0.32339 0.44999 0.57698 0.70517 0.83541 0.96990 1.11176 1.26430 1.43031 1.61144 1.80810 2.01982 2.24547 2.48360 2.73270 2.99124 3.25769 3.53062 3.80868 4.09069 4.37562 4.66251 4.95046 5.23864 5.52613 5.81204 6.09548 6.37549 6.65111 6.92134 7.18526 7.44187 7.69019 7.92932 8.15837 8.37657 8.58320 8.77764 8.95951 9.12839 9.28409 9.42651 9.55561 9.67139 9.77389 9.86308 9.93882 10.00072 10.04820 10.08015 10.09488 10.09010 10.06257 10.00816 9.92165
0.00000 0.00000 0.00000 0.00000 0.00000 0.00000 0.00028 0.00566 0.04510 0.14080 0.26113 0.38523 0.51039 0.63740 0.76720 0.90151 1.04284 1.19379 1.35663 1.53285 1.72293 1.92664 2.14309 2.37102 2.60909 2.85583 3.10979 3.36957 3.63393 3.90181 4.17230 4.44461 4.71795 4.99157 5.26464 5.53636 5.80581 6.07210 6.33429 6.59140 6.84245 7.08641 7.32232 7.54927 7.76643 7.97303 8.16847 8.35219 8.52377 8.68294 8.82950 8.96333 9.08445 9.19278 9.28831 9.37079 9.43981 9.49467 9.53424 9.55675 9.55981 9.54017 9.49380 9.41557 9.29944
0.00000 0.00000 0.00000 0.00000 0.00000 0.00000 0.00001 0.00132 0.01760 0.08548 0.19629 0.31780 0.44152 0.56757 0.69706 0.83126 0.97205 1.12131 1.28086 1.45204 1.63543 1.83098 2.03800 2.25537 2.48185 2.71602 2.95649 3.20194 3.45126 3.70362 3.95829 4.21465 4.47208 4.72990 4.98742 5.24385 5.49833 5.74998 5.99783 6.24088 6.47813 6.70856 6.93122 7.14520 7.34966 7.54395 7.72745 7.89968 8.06033 8.20915 8.34597 8.47073 8.58332 8.68363 8.77142 8.84616 8.90707 8.95292 8.98177 8.99111 8.97762 8.93708 8.86450 8.75399 8.59867
0.00000 0.00000 0.00000 0.00000 0.00000 0.00000 0.00000 0.00013 0.00427 0.03924 0.12962 0.24628 0.36831 0.49324 0.62220 0.75622 0.89660 1.04459 1.20149 1.36838 1.54578 1.73375 1.93171 2.13867 2.35347 2.57477 2.80124 3.03174 3.26540 3.50162 3.73990 3.97982 4.22088 4.46252 4.70412 4.94495 5.18415 5.42082 5.65396 5.88263 6.10573 6.32229 6.53135 6.73201 6.92348 7.10515 7.27642 7.43695 7.58639 7.72457 7.85139 7.96663 8.07016 8.16166 8.24042 8.30555 8.35558 8.38849 8.40156 8.39124 8.35328 8.28265 8.17350 8.01935 7.81275
0.00000 0.00000 0.00000 0.00000 0.00000 0.00000 0.00000 0.00000 0.00057 0.01119 0.06698 0.17090 0.29003 0.41357 0.54168 0.67524 0.81513 0.96208 1.11684 1.28017 1.45242 1.63363 1.82331 2.02055 2.22429 2.43324 2.64627 2.86245 3.08120 3.30216 3.52505 3.74956 3.97532 4.20180 4.42843 4.65446 4.87908 5.10139 5.32040 5.53508 5.74442 5.94739 6.14305 6.33055 6.50918 6.67833 6.83751 6.98638 7.12465 7.25210 7.36847 7.47350 7.56663 7.64711 7.71379 7.76507 7.79867 7.81160 7.80018 7.76004 7.68614 7.57289 7.41400 7.20256 6.93048
0.00000 -0.00000 0.00000 0.00000 0.00000 0.00000 0.00000 0.00000 0.00001 0.00163 0.02230 0.09545 0.20650 0.32775 0.45442 0.58683 0.72564 0.87124 1.02396 1.18422 1.35216 1.52774 1.71046 1.89940 2.09355 2.29176 2.49309 2.69696 2.90304 3.11116 3.32117 3.53281 3.74569 3.95933 4.17309 4.38627 4.59799 4.80731 5.01330 5.21495 5.41124 5.60121 5.78394 5.95868 6.12473 6.28155 6.42868 6.56574 6.69232 6.80806 6.91242 7.00473 7.08400 7.14884 7.19737 7.22705 7.23476 7.21674 7.16860 7.08544 6.96183 6.79188 6.56907 6.28593 5.93345
0.00000 0.00000 0.00000 0.00000 0.00000 0.00000 0.00000 0.00000 0.00000 0.00005 0.00361 0.03516 0.12042 0.23556 0.35980 0.49015 0.62695 0.77046 0.92075 1.07793 1.24190 1.41251 1.58924 1.77120 1.95751 2.14714 2.33939 2.53386 2.73039 2.92888 3.12913 3.33081 3.53351 3.73665 3.93958 4.14158 4.34178 4.53927 4.73309 4.92225 5.10584 5.28293 5.45273 5.61452 5.76765 5.91155 6.04570 6.16950 6.28241 6.38362 6.47226 6.54698 6.60614 6.64758 6.66860 6.66595 6.63584 6.57404 6.47584 6.33620 6.14965 5.91009 5.61045 5.24226 4.79523
0.00000 -0.00000 -0.00000 0.00000 0.00000 0.00000 0.00000 0.00000 0.00000 0.00000 0.00018 0.00630 0.04672 0.13933 0.25773 0.38486 0.51857 0.65901 0.80612 0.95979 1.11969 1.28550 1.45664 1.63221 1.81140 1.99333 2.17748 2.36363 2.55175 2.74177 2.93348 3.12647 3.32018 3.51401 3.70719 3.89894 4.08837 4.27456 4.45653 4.63337 4.80421 4.96824 5.12468 5.27282 5.41202 5.54161 5.66086 5.76896 5.86492 5.94749 6.01507 6.06573 6.09708 6.10625 6.08995 6.04448 5.96581 5.84948 5.69084 5.48476 5.22548 4.90626 4.51906 4.05459 3.50414
0.00000 -0.00000 -0.00000 0.00000 0.00000 0.00000 0.00000 0.00000 0.00000 0.00000 0.00000 0.00041 0.00884 0.05448 0.15081 0.27116 0.40050 0.53671 0.67961 0.82894 0.98423 1.14493 1.31037 1.47960 1.65182 1.82622 2.00240 2.18023 2.35978 2.54101 2.72365 2.90730 3.09135 3.27512 3.45783 3.63864 3.81664 3.99083 4.16026 4.32404 4.48129 4.63126 4.77317 4.90625 5.02972 5.14267 5.24407 5.33266 5.40695 5.46510 5.50491 5.52383 5.51889 5.48680 5.42399 5.32657 5.19045 5.01124 4.78408 4.50351 4.16308 3.75542 3.27338 2.71393 2.09032
0.00000 -0.00000 -0.00000 -0.00000 0.00000 0.00000 0.00000 0.00000 0.00000 0.00000 0.00000 0.00000 0.00063 0.01026 0.05693 0.15272 0.27328 0.40374 0.54117 0.68498 0.83467 0.98945 1.14855 1.31097 1.47586 1.64244 1.81031 1.97945 2.14995 2.32176 2.49465 2.66817 2.84172 3.01458 3.18595 3.35496 3.52061 3.68190 3.83781 3.98743 4.12992 4.26443 4.39007 4.50592 4.61088 4.70374 4.78299 4.84693 4.89349 4.92030 4.92468 4.90362 4.85391 4.77209 4.65448 4.49727 4.29630 4.04695 3.74399 3.38154 2.95411 2.45956 1.90688 1.33069 0.79235
0.00000 0.00000 -0.00000 -0.00000 0.00000 0.00000 0.00000 0.00000 0.00000 0.00000 0.00000 0.00000 0.00000 0.00074 0.01010 0.05300 0.14311 0.26123 0.39090 0.52768 0.67044 0.81810 0.96973 1.12433 1.28094 1.43878 1.59744 1.75695 1.91745 2.07887 2.24095 2.40325 2.56519 2.72605 2.88498 3.04109 3.19330 3.34050 3.48163 3.61567 3.74169 3.85870 3.96561 4.06118 4.14396 4.21223 4.26410 4.29732 4.30940 4.29759 4.25896 4.19032 4.08835 3.94963 3.77048 3.54695 3.27468 2.94914 2.56648 2.12634 1.63799 1.13210 0.66551 0.30489 0.09453
0.00000 -0.00000 -0.00000 -0.00000 -0.00000 0.00000 0.00000 0.00000 0.00000 0.00000 0.00000 0.00000 0.00000 0.00000 0.00069 0.00834 0.04306 0.12111 0.23186 0.35741 0.49123 0.63018 0.77280 0.91806 1.06481 1.21232 1.36013 1.50841 1.65731 1.80676 1.95651 2.10612 2.25502 2.40248 2.54763 2.68947 2.82684 2.95849 3.08320 3.19983 3.30721 3.40413 3.48917 3.56068 3.61679 3.65539 3.67413 3.67040 3.64147 3.58441 3.49613 3.37345 3.21307 3.01153 2.76528 2.47098 2.12663 1.73450 1.30668 0.87366 0.48852 0.20771 0.05739 0.00790 0.00034
0.00000 -0.00000 0.00000 -0.00000 -0.00000 0.00000 0.00000 0.00000 0.00000 0.00000 0.00000 0.00000 0.00000 0.00000 0.00000 0.00050 0.00557 0.02927 0.08817 0.18304 0.29970 0.42602 0.55710 0.69077 0.82539 0.96021 1.09480 1.22947 1.36450 1.49985 1.63525 1.77027 1.90434 2.03672 2.16647 2.29248 2.41342 2.52784 2.63428 2.73131 2.81749 2.89122 2.95072 2.99394 3.01863 3.02231 3.00233 2.95590 2.88010 2.77197 2.62849 2.44661 2.22364 1.95761 1.64890 1.30369 0.93858 0.58629 0.29536 0.10709 0.02305 0.00211 0.00005 0.00000 0.00000
0.00000 -0.00000 -0.00000 -0.00000 -0.00000 -0.00000 0.00000 0.00000 0.00000 0.00000 0.00000 0.00000 0.00000 0.00000 0.00000 0.00000 0.00025 0.00283 0.01537 0.05127 0.12000 0.21628 0.32681 0.44312 0.56147 0.68011 0.79822 0.91612 1.03426 1.15273 1.27131 1.38954 1.50681 1.62230 1.73498 1.84354 1.94642 2.04187 2.12806 2.20315 2.26530 2.31251 2.34258 2.35313 2.34157 2.30525 2.24140 2.14718 2.01988 1.85715 1.65730 1.42035 1.15053 0.85938 0.56837 0.31189 0.12854 0.03417 0.00449 0.00019 0.00000 0.00000 0.00000 0.00000 0.00000
