tests/data/gray99/saval2D/outputs/resuqu2.asc
north:     17.44
south:      0.00
east:      60.51
west:       0.00
rows:   68
cols:  236
[rows 0 to 28 of 68, columns 0 to 65 of 236]
0.00000 0.00000 0.00000 0.00000 0.00000 0.00000 0.00000 0.00000 0.00000 0.00000 0.00000 0.00000 0.00000 0.00000 0.00000 0.00000 0.00000 0.00000 0.00000 0.00000 0.00000 0.00000 0.00000 0.00000 0.00000 0.00000 0.00000 0.00000 0.00000 0.00000 0.00000 0.00000 0.00000 0.00000 0.00000 0.00000 0.00000 0.00000 0.00000 0.00000 0.00000 0.00000 0.00000 0.00000 0.00000 0.00000 0.00000 0.00000 0.00000 0.00000 0.00000 0.00000 0.00000 0.00000 0.00000 0.00000 0.00000 0.00000 0.00000 0.00000 0.00000 0.00000 0.00000 0.00000 0.00000 0.00000
0.00000 -0.00000 0.00000 0.00000 0.00000 0.00000 -0.00000 0.00000 -0.00000 -0.00000 0.00000 0.00000 0.00000 0.00000 0.00000 0.00000 0.00000 0.00000 0.00000 0.00000 0.00000 0.00000 0.00000 0.00000 0.00000 0.00000 0.00000 0.00000 0.00000 0.00000 0.00000 0.00000 0.00000 0.00000 0.00000 0.00000 0.00000 0.00000 0.00000 0.00000 0.00000 0.00000 0.00000 0.00000 0.00000 0.00000 0.00000 0.00000 0.00000 0.00000 0.00000 0.00000 0.00000 0.00000 0.00000 0.00000 0.00000 0.00000 0.00000 0.00000 0.00000 0.00000 0.00000 0.00000 0.00000 0.00000
0.00000 -0.00000 -0.00000 0.00000 0.00000 0.00000 0.00000 -0.00000 0.00000 -0.00000 0.00000 0.00000 0.00000 0.00000 0.00000 0.00000 0.00000 0.00000 0.00000 0.00000 0.00000 0.00000 0.00000 0.00000 0.00000 0.00000 0.00000 0.00000 0.00000 0.00000 0.00000 0.00000 0.00000 0.00000 0.00000 0.00000 0.00000 0.00000 0.00000 0.00000 0.00000 0.00000 0.00000 0.00000 0.00000 0.00000 0.00000 0.00000 0.00000 0.00000 0.00000 0.00000 0.00000 0.00000 0.00000 0.00000 0.00000 0.00000 0.00000 0.00000 0.00000 0.00000 0.00000 0.00000 0.00000 0.00000
0.00000 -0.00000 -0.00000 -0.00000 -0.00000 -0.00000 -0.00000 -0.00000 -0.00000 0.00000 0.00000 0.00000 0.00000 0.00000 0.00000 0.00000 0.00000 0.00000 0.00000 0.00000 0.00000 0.00000 0.00000 0.00000 0.00000 0.00000 0.00000 0.00000 0.00000 0.00000 0.00000 0.00000 0.00000 0.00000 0.00000 0.00000 0.00000 0.00000 0.00000 0.00000 0.00000 0.00000 0.00000 0.00000 0.00000 0.00000 0.00000 0.00000 0.00000 0.00000 0.00000 0.00000 0.00000 0.00000 0.00000 0.00000 0.00000 0.00000 0.00000 0.00000 0.00000 0.00000 0.00000 0.00000 0.00000 0.00000
0.00000 0.00000 -0.00000 -0.00000 -0.00000 -0.00000 0.00000 -0.00000 -0.00000 0.00000 0.00000 0.00000 0.00000 0.00000 0.00000 0.00000 0.00000 0.00000 0.00000 0.00000 0.00000 0.00000 0.00000 0.00000 0.00000 0.00000 0.00000 0.00000 0.00000 0.00000 0.00001 0.00001 0.00002 0.00002 0.00002 0.00001 0.00000 0.00000 0.00000 0.00000 0.00000 0.00000 0.00000 0.00000 0.00000 0.00000 0.00000 0.00000 0.00000 0.00000 0.00000 0.00000 0.00000 0.00000 0.00000 0.00000 0.00000 0.00000 0.00000 0.00000 0.00000 0.00000 0.00000 0.00000 0.00000 0.00000
0.00000 -0.00000 0.00000 -0.00000 0.00000 -0.00000 -0.00000 -0.00000 0.00000 0.00000 0.00000 0.00000 0.00000 0.00000 0.00000 0.00000 0.00000 0.00000 0.00000 0.00000 0.00000 0.00000 0.00000 0.00000 0.00002 0.00016 0.00063 0.00133 0.00224 0.00344 0.00504 0.00696 0.00875 0.00966 0.00907 0.00698 0.00430 0.00210 0.00079 0.00023 0.00005 0.00001 0.00000 0.00000 0.00000 0.00000 0.00000 0.00000 0.00000 0.00000 0.00000 0.00000 0.00000 0.00000 0.00000 0.00000 0.00000 0.00000 0.00000 0.00000 0.00000 0.00000 0.00000 0.00000 0.00000 0.00000
0.00000 0.00000 0.00000 -0.00000 -0.00000 0.00000 -0.00000 0.00000 0.00000 0.00000 0.00000 0.00000 0.00000 0.00000 0.00000 0.00000 0.00000 0.00000 0.00000 0.00000 0.00000 0.00002 0.00020 0.00145 0.00529 0.01365 0.02584 0.03861 0.05179 0.06641 0.08303 0.10080 0.11726 0.12880 0.13156 0.12265 0.10283 0.07658 0.04996 0.02799 0.01308 0.00488 0.00137 0.00026 0.00003 0.00000 0.00000 0.00000 0.00000 0.00000 0.00000 0.00000 0.00000 0.00000 0.00000 0.00000 0.00000 0.00000 0.00000 0.00000 0.00000 0.00000 0.00000 0.00000 0.00000 0.00000
0.00000 -0.00000 -0.00000 -0.00000 0.00000 -0.00000 -0.00000 0.00000 0.00000 0.00000 0.00000 0.00000 0.00000 0.00000 0.00000 0.00000 0.00000 0.00000 0.00000 0.00003 0.00073 0.00380 0.01173 0.02960 0.05834 0.09891 0.14595 0.19185 0.23654 0.28195 0.32916 0.37702 0.42210 0.45920 0.48206 0.48410 0.46179 0.41577 0.35065 0.27410 0.19555 0.12439 0.06812 0.03049 0.01035 0.00239 0.00033 0.00002 0.00000 0.00000 0.00000 0.00000 0.00000 0.00000 0.00000 0.00000 0.00000 0.00000 0.00000 0.00000 0.00000 0.00000 0.00000 0.00000 0.00000 0.00000
0.00000 -0.00000 -0.00000 0.00000 -0.00000 -0.00000 0.00000 0.00000 0.00000 0.00000 0.00000 0.00000 0.00000 0.00000 0.00000 0.00000 0.00000 0.00000 0.00038 0.00433 0.01749 0.04151 0.07873 0.13397 0.20362 0.28570 0.37281 0.45728 0.53976 0.62110 0.70170 0.78067 0.85527 0.92110 0.97241 1.00222 1.00592 0.98080 0.92566 0.84116 0.73027 0.59873 0.45556 0.31343 0.18768 0.09249 0.03457 0.00868 0.00122 0.00008 0.00000 0.00000 0.00000 0.00000 0.00000 0.00000 0.00000 0.00000 0.00000 0.00000 0.00000 0.00000 0.00000 0.00000 0.00000 0.00000
0.00000 -0.00000 -0.00000 0.00000 -0.00000 -0.00000 0.00000 0.00000 0.00000 0.00000 0.00000 0.00000 0.00000 0.00000 0.00000 0.00000 0.00002 0.00144 0.01131 0.03856 0.08537 0.14674 0.22225 0.31467 0.41917 0.53343 0.65105 0.76651 0.88098 0.99367 1.10370 1.20989 1.31014 1.40132 1.47913 1.53786 1.57453 1.58669 1.57145 1.52573 1.44672 1.33229 1.18162 0.99653 0.78401 0.55933 0.34720 0.17657 0.06726 0.01672 0.00218 0.00011 0.00000 0.00000 0.00000 0.00000 0.00000 0.00000 0.00000 0.00000 0.00000 0.00000 0.00000 0.00000 0.00000 0.00000
0.00000 -0.00000 -0.00000 -0.00000 -0.00000 0.00000 0.00000 0.00000 0.00000 0.00000 0.00000 0.00000 0.00000 0.00000 0.00000 0.00009 0.00285 0.01896 0.05828 0.12261 0.20655 0.30228 0.40878 0.52783 0.65659 0.79322 0.93285 1.07161 1.21063 1.34836 1.48308 1.61305 1.73623 1.85011 1.95141 2.03555 2.10132 2.14748 2.17167 2.17065 2.14045 2.07656 1.97409 1.82799 1.63391 1.39027 1.10262 0.78978 0.48779 0.24279 0.08792 0.01968 0.00207 0.00007 0.00000 0.00000 0.00000 0.00000 0.00000 0.00000 0.00000 0.00000 0.00000 0.00000 0.00000 0.00000
0.00000 0.00000 -0.00000 -0.00000 0.00000 0.00000 0.00000 0.00000 0.00000 0.00000 0.00000 0.00000 0.00000 0.00000 0.00015 0.00437 0.02410 0.07069 0.14298 0.23695 0.34751 0.46886 0.59914 0.73865 0.88645 1.04085 1.19856 1.35675 1.51594 1.67468 1.83099 1.98271 2.12759 2.26321 2.38668 2.49401 2.58492 2.65886 2.71431 2.74888 2.75928 2.74140 2.69033 2.60035 2.46462 2.27545 2.02552 1.71126 1.33948 0.93655 0.55408 0.25608 0.08178 0.01472 0.00105 0.00002 0.00000 0.00000 0.00000 0.00000 0.00000 0.00000 0.00000 0.00000 0.00000 0.00000
0.00000 -0.00000 -0.00000 0.00000 0.00000 0.00000 0.00000 0.00000 0.00000 0.00000 0.00000 0.00000 0.00000 0.00017 0.00501 0.02741 0.07341 0.14454 0.23833 0.35276 0.48353 0.62564 0.77624 0.93449 1.09984 1.27107 1.44593 1.62246 1.80049 1.97883 2.15553 2.32827 2.49462 2.65201 2.79762 2.92762 3.04186 3.13979 3.22042 3.28219 3.32266 3.33867 3.32646 3.28154 3.19830 3.06946 2.88580 2.63683 2.31305 1.91157 1.44584 0.95762 0.51992 0.20966 0.05370 0.00665 0.00024 0.00000 0.00000 0.00000 0.00000 0.00000 0.00000 0.00000 0.00000 0.00000
0.00000 -0.00000 0.00000 0.00000 0.00000 0.00000 0.00000 0.00000 0.00000 0.00000 0.00000 0.00000 0.00012 0.00485 0.02626 0.06896 0.13189 0.21931 0.33007 0.46151 0.60931 0.76900 0.93767 1.11379 1.29666 1.48539 1.67825 1.87363 2.07093 2.26915 2.46645 2.66051 2.84877 3.02852 3.19680 3.34985 3.48710 3.60766 3.71075 3.79529 3.85941 3.90066 3.91629 3.90326 3.85775 3.77458 3.64645 3.46349 3.21346 2.88343 2.46401 1.95829 1.39564 0.84366 0.39785 0.12878 0.02309 0.00155 0.00002 0.00000 0.00000 0.00000 0.00000 0.00000 0.00000 0.00000
0.00000 -0.00000 -0.00000 0.00000 0.00000 0.00000 0.00000 0.00000 0.00000 0.00000 0.00000 0.00006 0.00398 0.02225 0.05711 0.11179 0.18890 0.29131 0.41684 0.56283 0.72534 0.90054 1.08585 1.27951 1.48047 1.68784 1.90007 2.11553 2.33326 2.55229 2.77096 2.98701 3.19785 3.40065 3.59234 3.76913 3.92989 4.07316 4.19824 4.30417 4.38934 4.45168 4.48911 4.49958 4.48075 4.42941 4.34062 4.20707 4.01856 3.76190 3.42214 2.98584 2.44886 1.83015 1.18821 0.62311 0.23629 0.05425 0.00548 0.00014 0.00000 0.00000 0.00000 0.00000 0.00000 0.00000
0.00000 -0.00000 0.00000 0.00000 0.00000 0.00000 0.00000 0.00000 0.00000 0.00000 0.00001 0.00269 0.01705 0.04341 0.08548 0.15253 0.24451 0.36060 0.49882 0.65750 0.83341 1.02320 1.22467 1.43594 1.65570 1.88286 2.11575 2.35256 2.59191 2.83279 3.07365 3.31237 3.54641 3.77288 3.98865 4.18995 4.37503 4.54185 4.68956 4.81717 4.92306 5.00535 5.06233 5.09257 5.09463 5.06660 5.00547 4.90639 4.76193 4.56158 4.29161 3.93588 3.47847 2.91049 2.24325 1.52680 0.86020 0.36342 0.09857 0.01310 0.00051 0.00000 0.00000 0.00000 0.00000 0.00000
0.00000 -0.00000 0.00000 0.00000 0.00000 0.00000 0.00000 0.00000 0.00000 0.00000 0.00142 0.01190 0.03081 0.06040 0.11209 0.19264 0.29808 0.42621 0.57599 0.74671 0.93570 1.14005 1.35784 1.58723 1.82667 2.07478 2.32954 2.58881 2.85075 3.11418 3.37774 3.63958 3.89732 4.14814 4.38882 4.61559 4.82603 5.01754 5.18901 5.33919 5.46640 5.56891 5.64528 5.69442 5.71539 5.70700 5.66733 5.59321 5.47957 5.31878 5.10015 4.80965 4.43046 3.94519 3.34189 2.62671 1.84342 1.08889 0.49458 0.14996 0.02389 0.00128 0.00001 0.00000 0.00000 0.00000
0.00000 -0.00000 0.00000 0.00000 0.00000 0.00000 0.00000 0.00000 0.00000 0.00049 0.00754 0.02061 0.03976 0.07574 0.13875 0.23125 0.34812 0.48740 0.64878 0.83193 1.03451 1.25400 1.48884 1.73738 1.99800 2.26885 2.54722 2.83030 3.11570 3.40209 3.68860 3.97391 4.25603 4.53220 4.79905 5.05262 5.28990 5.50758 5.70417 5.87810 6.02761 6.15118 6.24768 6.31626 6.35621 6.36659 6.34596 6.29201 6.20109 6.06779 5.88434 5.63997 5.32062 4.90918 4.38744 3.74161 2.97463 2.12652 1.29327 0.61467 0.19999 0.03571 0.00232 0.00003 0.00000 0.00000
0.00000 0.00000 0.00000 0.00000 0.00000 0.00000 0.00000 0.00000 0.00007 0.00423 0.01336 0.02427 0.04708 0.09147 0.16455 0.26691 0.39402 0.54461 0.71855 0.91537 1.13286 1.36888 1.62243 1.89325 2.18234 2.49082 2.81767 3.15931 3.51064 3.86660 4.22287 4.57573 4.92175 5.25764 5.58007 5.88561 6.17151 6.43455 6.67286 6.88392 7.06483 7.21283 7.32570 7.40181 7.44013 7.44018 7.40162 7.32416 7.20706 7.04869 6.84575 6.59249 6.27969 5.89419 5.41882 4.83436 4.12503 3.29126 2.37117 1.46197 0.71080 0.23995 0.04553 0.00329 0.00005 0.00000
0.00000 0.00000 0.00000 0.00000 0.00000 0.00000 0.00000 0.00000 0.00186 0.00870 0.01432 0.02581 0.05513 0.10688 0.18811 0.29926 0.43678 0.59995 0.78870 1.00292 1.24197 1.50581 1.79435 2.10602 2.43862 2.79020 3.15868 3.54127 3.93408 4.33262 4.73249 5.12957 5.51997 5.89992 6.26575 6.61375 6.94080 7.24328 7.51875 7.76397 7.97532 8.14935 8.28312 8.37450 8.42233 8.42613 8.38609 8.30257 8.17601 8.00646 7.79301 7.53309 7.22161 6.84976 6.40447 5.86814 5.22056 4.44479 3.54080 2.54868 1.57158 0.76554 0.25981 0.04987 0.00369 0.00005
0.00000 0.00000 0.00000 0.00000 0.00000 0.00000 0.00000 0.00040 0.00553 0.00945 0.01240 0.02798 0.06372 0.12094 0.20919 0.32966 0.47978 0.65950 0.86918 1.10872 1.37690 1.67216 1.99292 2.33694 2.70178 3.08513 3.48474 3.89819 4.32236 4.75336 5.18699 5.61903 6.04527 6.46161 6.86394 7.24819 7.61080 7.94779 8.25613 8.53210 8.77162 8.97076 9.12614 9.23541 9.29730 9.31162 9.27882 9.19980 9.07558 8.90692 8.69413 8.43628 8.13055 7.77141 7.34941 6.85042 6.25557 5.54314 4.69547 3.71448 2.64738 1.60977 0.76909 0.25413 0.04694 0.00327
0.00000 0.00000 0.00000 0.00000 0.00000 0.00000 0.00002 0.00275 0.00767 0.00682 0.01061 0.03128 0.07217 0.13352 0.22882 0.36024 0.52564 0.72456 0.95648 1.22023 1.51379 1.83505 2.18212 2.55271 2.94444 3.35500 3.78194 4.22280 4.67469 5.13406 5.59692 6.05910 6.51630 6.96417 7.39836 7.81450 8.20862 8.57645 8.91448 9.21863 9.48451 9.70783 9.88488 10.01305 10.09102 10.11866 10.09674 10.02653 9.90945 9.74688 9.53973 9.28803 8.99043 8.64326 8.23968 7.76861 7.21374 6.55372 5.76505 4.83085 3.76008 2.61598 1.53554 0.69721 0.21386 0.03520
0.00000 0.00000 0.00000 0.00000 0.00000 0.00000 0.00052 0.00592 0.00713 0.00375 0.01054 0.03573 0.08061 0.14585 0.25003 0.39625 0.58109 0.80126 1.05425 1.33834 1.65194 1.99354 2.36160 2.75395 3.16827 3.60219 4.05315 4.51852 4.99538 5.48027 5.96934 6.45841 6.94318 7.41916 7.88180 8.32651 8.74901 9.14476 9.50993 9.84012 10.13077 10.37733 10.57572 10.72298 10.81764 10.85953 10.84961 10.78940 10.68076 10.52552 10.32509 10.08025 9.79053 9.45361 9.06453 8.61453 8.08998 7.47167 6.73543 5.85679 4.82321 3.65764 2.44840 1.35827 0.56790 0.15393
0.00000 0.00000 0.00000 0.00000 0.00000 0.00001 0.00258 0.00856 0.00621 0.00354 0.01453 0.04423 0.09321 0.16254 0.27500 0.43438 0.63605 0.87472 1.14648 1.44897 1.78064 2.14039 2.52701 2.93858 3.37288 3.82755 4.29998 4.78741 5.28688 5.79495 6.30774 6.82114 7.33078 7.83208 8.32037 8.79088 9.23908 9.66027 10.05028 10.40454 10.71831 10.98686 11.20579 11.37171 11.48284 11.53891 11.54086 11.49055 11.39017 11.24195 11.04783 10.80909 10.52605 10.19743 9.81961 9.38574 8.88449 8.29893 7.60614 6.77930 5.79498 4.65044 3.39224 2.14359 1.09264 0.40307
0.00000 0.00000 0.00000 0.00000 0.00000 0.00016 0.00585 0.01124 0.00753 0.00747 0.02265 0.05630 0.10889 0.18161 0.30081 0.47118 0.68719 0.94191 1.23038 1.54963 1.89792 2.27429 2.67774 3.10660 3.55877 4.03196 4.52359 5.03083 5.55067 6.07966 6.61389 7.14925 7.68130 8.20544 8.71685 9.21066 9.68211 10.12638 10.53901 10.91532 11.25043 11.53945 11.77767 11.96133 12.08819 12.15774 12.17098 12.12989 12.03704 11.89506 11.70632 11.47268 11.19504 10.87290 10.50378 10.08225 9.59884 9.03882 8.38116 7.59911 6.66436 5.55915 4.29997 2.96911 1.73036 0.78301
0.00000 0.00000 0.00000 0.00000 0.00000 0.00080 0.01020 0.01566 0.01302 0.01635 0.03467 0.07048 0.12469 0.19905 0.32336 0.50324 0.73203 1.00119 1.30479 1.63933 2.00289 2.39449 2.81326 3.25771 3.72592 4.21566 4.72438 5.24930 5.78736 6.33507 6.88851 7.44353 7.99570 8.54028 9.07242 9.58712 10.07947 10.54449 10.97754 11.37377 11.72828 12.03600 12.29200 12.49211 12.63358 12.71564 12.73921 12.70646 12.62027 12.48367 12.29949 12.07004 11.79671 11.47965 11.11721 10.70512 10.23551 9.69554 9.06627 8.32220 7.43347 6.37401 5.13986 3.77923 2.42092 1.26347
0.00000 0.00000 0.00000 0.00000 0.00000 0.00312 0.01534 0.01934 0.01863 0.02641 0.04867 0.08706 0.14281 0.21822 0.34599 0.53320 0.77243 1.05380 1.37050 1.71850 2.09566 2.50091 2.93339 3.39176 3.87420 4.37859 4.90244 5.44297 5.99711 6.56139 7.13185 7.70431 8.27427 8.83699 9.38750 9.92073 10.43162 10.91509 11.36630 11.78031 12.15211 12.47661 12.74868 12.96368 13.11841 13.21174 13.24454 13.21918 13.13879 13.00684 12.82652 12.60052 12.33067 12.01763 11.66042 11.25567 10.79678 10.27262 9.66619 8.95370 8.10542 7.09097 5.89330 4.53477 3.11002 1.79783
0.00000 0.00000 0.00000 0.00000 0.00009 0.00755 0.02020 0.02249 0.02413 0.03611 0.06206 0.10300 0.16040 0.23696 0.36746 0.56047 0.80817 1.09973 1.42756 1.78717 2.17620 2.59344 3.03798 3.50856 4.00346 4.52063 5.05765 5.61178 6.17995 6.75865 7.34395 7.93161 8.51712 9.09566 9.66221 10.21162 10.73871 11.23830 11.70540 12.13496 12.52196 12.86118 13.14739 13.37554 13.54200 13.64527 13.68616 13.66718 13.59184 13.46386 13.28683 13.06376 12.79681 12.48707 12.13402 11.73507 11.28464 10.77297 10.18477 9.49801 8.68391 7.71033 6.55228 5.21393 3.76084 2.34471
0.00000 0.00000 0.00000 0.00000 0.00051 0.01173 0.02284 0.02393 0.02755 0.04276 0.07180 0.11533 0.17481 0.25309 0.38633 0.58427 0.83895 1.13892 1.47605 1.84547 2.24461 2.67212 3.12702 3.60807 4.11364 4.64174 5.19000 5.75572 6.33585 6.92688 7.52484 8.12549 8.72426 9.31632 9.89658 10.45981 11.00077 11.51414 11.99483 12.43773 12.83769 13.18952 13.48785 13.72734 13.90387 14.01565 14.06343 14.04991 13.97881 13.85421 13.67996 13.45933 13.19479 12.88767 12.53791 12.14347 11.69953 11.19748 10.62346 9.95709 9.17097 8.23273 7.11319 5.80424 4.34870 2.87059
