tests/data/gray99/saval2D/outputs/resuqv6.asc
north:     17.44
south:      0.00
east:      60.51
west:       0.00
rows:   68
cols:  236
[rows 0 to 27 of 68, columns 0 to 63 of 236]
0.00000 0.00000 0.00000 0.00000 0.00000 0.00000 0.00000 0.00000 0.00000 0.00000 0.00000 0.00000 0.00000 0.00000 0.00000 0.00000 0.00000 0.00000 0.00000 0.00000 0.00000 0.00000 0.00000 0.00000 0.00000 0.00000 0.00000 0.00000 0.00000 0.00000 0.00000 0.00000 0.00000 0.00000 0.00000 0.00000 0.00000 0.00000 0.00000 0.00000 0.00000 0.00000 0.00000 0.00000 0.00000 0.00000 0.00000 0.00000 0.00000 0.00000 0.00000 0.00000 0.00000 0.00000 0.00000 0.00000 0.00000 0.00000 0.00000 0.00000 0.00000 0.00000 0.00000 0.00000
0.00000 0.00000 0.00000 0.00000 0.00000 0.00000 0.00000 0.00000 0.00000 0.00000 0.00000 0.00000 0.00000 0.00000 0.00000 0.00000 0.00000 0.00000 0.00000 0.00000 0.00000 0.00000 0.00000 0.00000 0.00000 0.00000 0.00000 0.00000 0.00000 0.00000 0.00000 0.00000 0.00000 0.00000 0.00000 0.00000 0.00000 0.00000 0.00000 0.00000 0.00000 0.00000 0.00000 0.00000 0.00000 0.00000 0.00000 0.00000 0.00000 0.00000 0.00000 0.00000 0.00000 0.00000 0.00000 0.00000 0.00000 0.00000 0.00000 0.00000 0.00000 0.00000 0.00000 0.00000
0.00000 0.00000 0.00000 0.00000 0.00000 0.00000 0.00000 0.00000 0.00000 0.00000 0.00000 0.00000 0.00000 0.00000 0.00000 0.00000 0.00000 0.00000 0.00000 0.00000 0.00000 0.00000 0.00000 0.00000 0.00000 0.00000 0.00000 0.00000 0.00000 0.00000 0.00000 0.00000 0.00000 0.00000 0.00000 0.00000 0.00000 0.00000 0.00000 0.00000 0.00000 0.00000 0.00000 0.00000 0.00000 0.00000 0.00000 0.00000 0.00000 0.00000 0.00000 0.00000 0.00000 0.00000 0.00000 0.00000 0.00000 0.00000 0.00000 0.00000 0.00000 0.00000 0.00000 0.00000
0.00000 0.00000 0.00000 0.00000 0.00000 0.00000 0.00000 0.00000 0.00000 0.00000 0.00000 0.00000 0.00000 0.00000 0.00000 0.00000 0.00000 0.00000 0.00000 0.00000 0.00000 0.00000 0.00000 0.00000 0.00000 0.00000 0.00000 0.00000 0.00000 0.00000 0.00000 0.00000 0.00000 0.00000 0.00000 0.00000 0.00000 0.00000 0.00000 0.00000 0.00000 0.00000 0.00000 0.00000 0.00000 0.00000 0.00000 0.00000 0.00000 0.00000 0.00000 0.00000 0.00000 0.00000 0.00000 0.00000 0.00000 0.00000 0.00000 0.00000 0.00000 0.00000 0.00000 0.00000
0.00000 0.00000 0.00000 0.00000 0.00000 0.00000 0.00000 0.00000 0.00000 0.00000 0.00000 0.00000 0.00000 0.00000 0.00000 0.00000 0.00000 0.00000 0.00000 0.00000 0.00000 0.00000 0.00000 0.00000 0.00000 0.00000 0.00000 0.00000 0.00000 0.00000 0.00001 0.00001 0.00002 0.00002 0.00003 0.00003 0.00002 0.00001 0.00001 0.00000 0.00000 0.00000 0.00000 0.00000 0.00000 0.00000 0.00000 0.00000 0.00000 0.00000 0.00000 0.00000 0.00000 0.00000 0.00000 0.00000 0.00000 0.00000 0.00000 0.00000 0.00000 0.00000 0.00000 0.00000
0.00000 0.00000 0.00000 0.00000 0.00000 0.00000 0.00000 0.00000 0.00000 0.00000 0.00000 0.00000 0.00000 0.00000 0.00000 0.00000 0.00000 0.00000 0.00000 0.00000 0.00000 0.00000 0.00000 0.00000 0.00001 0.00004 0.00008 0.00013 0.00019 0.00024 0.00030 0.00036 0.00041 0.00047 0.00051 0.00055 0.00058 0.00059 0.00060 0.00059 0.00057 0.00051 0.00042 0.00029 0.00015 0.00004 0.00001 0.00000 0.00000 0.00000 0.00000 0.00000 0.00000 0.00000 0.00000 0.00000 0.00000 0.00000 0.00000 0.00000 0.00000 0.00000 0.00000 0.00000
0.00000 0.00000 0.00000 0.00000 0.00000 0.00000 0.00000 0.00000 0.00000 0.00000 0.00000 0.00000 0.00000 0.00000 0.00000 0.00000 0.00000 0.00000 0.00000 0.00000 0.00000 0.00001 0.00004 0.00011 0.00019 0.00030 0.00043 0.00058 0.00074 0.00091 0.00107 0.00124 0.00140 0.00156 0.00170 0.00184 0.00196 0.00205 0.00212 0.00217 0.00217 0.00212 0.00201 0.00184 0.00165 0.00150 0.00139 0.00130 0.00118 0.00096 0.00060 0.00021 0.00003 0.00000 0.00000 0.00000 0.00000 0.00000 0.00000 0.00000 0.00000 0.00000 0.00000 0.00000
0.00000 0.00000 0.00000 0.00000 0.00000 0.00000 0.00000 0.00000 0.00000 0.00000 0.00000 0.00000 0.00000 0.00000 0.00000 0.00000 0.00000 0.00000 0.00000 0.00001 0.00007 0.00015 0.00027 0.00044 0.00065 0.00089 0.00118 0.00149 0.00182 0.00217 0.00252 0.00287 0.00322 0.00356 0.00389 0.00421 0.00450 0.00476 0.00499 0.00518 0.00530 0.00536 0.00533 0.00523 0.00508 0.00494 0.00481 0.00467 0.00445 0.00408 0.00353 0.00293 0.00252 0.00227 0.00204 0.00171 0.00113 0.00042 0.00005 0.00000 0.00000 0.00000 0.00000 0.00000
0.00000 0.00000 0.00000 0.00000 0.00000 0.00000 0.00000 0.00000 0.00000 0.00000 0.00000 0.00000 0.00000 0.00000 0.00000 0.00000 0.00000 0.00000 0.00005 0.00014 0.00029 0.00049 0.00076 0.00109 0.00148 0.00193 0.00244 0.00299 0.00358 0.00420 0.00483 0.00547 0.00612 0.00675 0.00738 0.00800 0.00859 0.00915 0.00966 0.01013 0.01052 0.01083 0.01104 0.01116 0.01120 0.01120 0.01117 0.01109 0.01091 0.01053 0.00994 0.00925 0.00864 0.00815 0.00766 0.00701 0.00602 0.00488 0.00403 0.00349 0.00301 0.00233 0.00130 0.00034
0.00000 0.00000 0.00000 0.00000 0.00000 0.00000 0.00000 0.00000 0.00000 0.00000 0.00000 0.00000 0.00000 0.00000 0.00000 0.00000 0.00001 0.00008 0.00021 0.00042 0.00072 0.00110 0.00157 0.00213 0.00278 0.00352 0.00433 0.00522 0.00617 0.00717 0.00820 0.00926 0.01034 0.01142 0.01251 0.01358 0.01464 0.01567 0.01667 0.01761 0.01847 0.01925 0.01992 0.02047 0.02092 0.02129 0.02159 0.02180 0.02186 0.02171 0.02131 0.02073 0.02013 0.01954 0.01891 0.01807 0.01687 0.01543 0.01412 0.01301 0.01192 0.01054 0.00872 0.00696
0.00000 0.00000 0.00000 0.00000 0.00000 0.00000 0.00000 0.00000 0.00000 0.00000 0.00000 0.00000 0.00000 0.00000 0.00000 0.00003 0.00011 0.00028 0.00054 0.00092 0.00141 0.00202 0.00277 0.00363 0.00462 0.00573 0.00695 0.00829 0.00972 0.01123 0.01282 0.01446 0.01615 0.01787 0.01962 0.02138 0.02315 0.02490 0.02663 0.02832 0.02995 0.03149 0.03293 0.03425 0.03545 0.03654 0.03751 0.03836 0.03903 0.03946 0.03960 0.03950 0.03924 0.03889 0.03842 0.03770 0.03658 0.03513 0.03360 0.03210 0.03052 0.02860 0.02620 0.02368
0.00000 0.00000 0.00000 0.00000 0.00000 0.00000 0.00000 0.00000 0.00000 0.00000 0.00000 0.00000 0.00000 0.00000 0.00003 0.00013 0.00033 0.00064 0.00108 0.00166 0.00241 0.00332 0.00440 0.00565 0.00706 0.00865 0.01040 0.01231 0.01436 0.01656 0.01888 0.02132 0.02385 0.02646 0.02915 0.03189 0.03468 0.03751 0.04034 0.04317 0.04597 0.04872 0.05138 0.05393 0.05636 0.05867 0.06084 0.06285 0.06466 0.06621 0.06744 0.06835 0.06901 0.06945 0.06968 0.06959 0.06906 0.06811 0.06686 0.06545 0.06382 0.06177 0.05918 0.05623
0.00000 0.00000 0.00000 0.00000 0.00000 0.00000 0.00000 0.00000 0.00000 0.00000 0.00000 0.00000 0.00000 0.00003 0.00014 0.00035 0.00069 0.00118 0.00184 0.00269 0.00375 0.00502 0.00651 0.00823 0.01018 0.01235 0.01476 0.01740 0.02026 0.02334 0.02663 0.03011 0.03378 0.03761 0.04160 0.04573 0.04997 0.05432 0.05876 0.06325 0.06778 0.07230 0.07680 0.08122 0.08556 0.08977 0.09385 0.09776 0.10146 0.10488 0.10796 0.11068 0.11304 0.11509 0.11682 0.11815 0.11900 0.11931 0.11917 0.11865 0.11775 0.11633 0.11426 0.11163
0.00000 0.00000 0.00000 0.00000 0.00000 0.00000 0.00000 0.00000 0.00000 0.00000 0.00000 0.00000 0.00003 0.00013 0.00034 0.00069 0.00121 0.00192 0.00286 0.00403 0.00546 0.00717 0.00915 0.01144 0.01402 0.01692 0.02015 0.02369 0.02757 0.03179 0.03633 0.04119 0.04636 0.05183 0.05758 0.06358 0.06983 0.07630 0.08295 0.08978 0.09673 0.10378 0.11087 0.11798 0.12505 0.13204 0.13893 0.14566 0.15219 0.15844 0.16435 0.16986 0.17496 0.17964 0.18390 0.18769 0.19093 0.19355 0.19557 0.19703 0.19793 0.19818 0.19768 0.19643
0.00000 0.00000 0.00000 0.00000 0.00000 0.00000 0.00000 0.00000 0.00000 0.00000 0.00000 0.00002 0.00011 0.00030 0.00065 0.00117 0.00191 0.00289 0.00414 0.00569 0.00755 0.00977 0.01234 0.01530 0.01866 0.02244 0.02667 0.03136 0.03652 0.04217 0.04831 0.05495 0.06207 0.06967 0.07772 0.08620 0.09509 0.10437 0.11399 0.12392 0.13412 0.14455 0.15514 0.16585 0.17662 0.18738 0.19809 0.20868 0.21910 0.22925 0.23906 0.24846 0.25740 0.26584 0.27378 0.28115 0.28790 0.29395 0.29926 0.30386 0.30772 0.31080 0.31300 0.31428
0.00000 0.00000 0.00000 0.00000 0.00000 0.00000 0.00000 0.00000 0.00000 0.00000 0.00001 0.00008 0.00025 0.00057 0.00107 0.00180 0.00278 0.00406 0.00568 0.00765 0.01003 0.01283 0.01609 0.01985 0.02414 0.02900 0.03445 0.04054 0.04729 0.05474 0.06289 0.07176 0.08135 0.09163 0.10261 0.11424 0.12649 0.13934 0.15273 0.16661 0.18094 0.19565 0.21067 0.22594 0.24138 0.25691 0.27245 0.28792 0.30325 0.31833 0.33307 0.34738 0.36118 0.37442 0.38704 0.39902 0.41026 0.42070 0.43028 0.43899 0.44678 0.45363 0.45945 0.46419
0.00000 0.00000 0.00000 0.00000 0.00000 0.00000 0.00000 0.00000 0.00000 0.00000 0.00005 0.00020 0.00048 0.00094 0.00162 0.00257 0.00383 0.00545 0.00747 0.00993 0.01287 0.01635 0.02042 0.02512 0.03051 0.03665 0.04359 0.05139 0.06008 0.06972 0.08033 0.09194 0.10454 0.11812 0.13266 0.14814 0.16449 0.18167 0.19963 0.21829 0.23758 0.25743 0.27775 0.29844 0.31942 0.34057 0.36180 0.38300 0.40407 0.42490 0.44537 0.46537 0.48480 0.50357 0.52162 0.53888 0.55529 0.57074 0.58519 0.59858 0.61088 0.62202 0.63196 0.64062
0.00000 0.00000 0.00000 0.00000 0.00000 0.00000 0.00000 0.00000 0.00000 0.00003 0.00014 0.00038 0.00078 0.00140 0.00229 0.00349 0.00505 0.00703 0.00949 0.01249 0.01608 0.02033 0.02531 0.03111 0.03779 0.04545 0.05415 0.06397 0.07498 0.08723 0.10077 0.11562 0.13179 0.14926 0.16800 0.18797 0.20910 0.23132 0.25455 0.27869 0.30366 0.32934 0.35564 0.38242 0.40957 0.43696 0.46447 0.49196 0.51931 0.54638 0.57304 0.59914 0.62459 0.64925 0.67305 0.69589 0.71770 0.73839 0.75788 0.77610 0.79301 0.80854 0.82263 0.83523
0.00000 0.00000 0.00000 0.00000 0.00000 0.00000 0.00000 0.00000 0.00001 0.00009 0.00027 0.00062 0.00116 0.00195 0.00305 0.00452 0.00641 0.00879 0.01173 0.01531 0.01961 0.02472 0.03075 0.03780 0.04597 0.05537 0.06611 0.07828 0.09197 0.10724 0.12415 0.14272 0.16296 0.18484 0.20833 0.23334 0.25980 0.28761 0.31664 0.34679 0.37791 0.40989 0.44257 0.47582 0.50949 0.54342 0.57746 0.61145 0.64523 0.67866 0.71158 0.74385 0.77530 0.80582 0.83530 0.86363 0.89071 0.91646 0.94079 0.96361 0.98487 1.00452 1.02248 1.03869
0.00000 0.00000 0.00000 0.00000 0.00000 0.00000 0.00000 0.00000 0.00005 0.00018 0.00045 0.00091 0.00160 0.00257 0.00390 0.00565 0.00788 0.01068 0.01413 0.01834 0.02342 0.02949 0.03668 0.04513 0.05498 0.06635 0.07939 0.09420 0.11089 0.12953 0.15018 0.17287 0.19758 0.22429 0.25291 0.28336 0.31552 0.34924 0.38437 0.42077 0.45827 0.49670 0.53590 0.57568 0.61587 0.65629 0.69676 0.73710 0.77714 0.81671 0.85563 0.89373 0.93086 0.96687 1.00162 1.03501 1.06692 1.09726 1.12593 1.15286 1.17797 1.20120 1.22249 1.24177
0.00000 0.00000 0.00000 0.00000 0.00000 0.00000 0.00000 0.00002 0.00011 0.00031 0.00067 0.00124 0.00208 0.00325 0.00481 0.00684 0.00942 0.01266 0.01666 0.02155 0.02747 0.03457 0.04303 0.05301 0.06469 0.07823 0.09377 0.11146 0.13141 0.15370 0.17838 0.20546 0.23491 0.26668 0.30066 0.33672 0.37470 0.41442 0.45570 0.49834 0.54213 0.58688 0.63238 0.67844 0.72484 0.77139 0.81788 0.86412 0.90991 0.95506 0.99940 1.04273 1.08489 1.12571 1.16507 1.20281 1.23884 1.27305 1.30533 1.33562 1.36381 1.38988 1.41372 1.43532
0.00000 0.00000 0.00000 0.00000 0.00000 0.00000 0.00000 0.00005 0.00019 0.00046 0.00091 0.00160 0.00259 0.00394 0.00573 0.00805 0.01099 0.01468 0.01924 0.02484 0.03164 0.03985 0.04967 0.06129 0.07492 0.09076 0.10898 0.12972 0.15310 0.17920 0.20805 0.23966 0.27395 0.31084 0.35018 0.39181 0.43552 0.48109 0.52828 0.57687 0.62660 0.67724 0.72857 0.78035 0.83235 0.88436 0.93616 0.98753 1.03827 1.08816 1.13703 1.18467 1.23092 1.27560 1.31856 1.35967 1.39880 1.43583 1.47068 1.50325 1.53346 1.56124 1.58649 1.60911
0.00000 0.00000 0.00000 0.00000 0.00000 0.00000 0.00002 0.00010 0.00029 0.00062 0.00117 0.00197 0.00310 0.00463 0.00664 0.00923 0.01252 0.01666 0.02179 0.02811 0.03584 0.04519 0.05641 0.06973 0.08540 0.10362 0.12459 0.14846 0.17534 0.20530 0.23835 0.27446 0.31352 0.35541 0.39994 0.44688 0.49600 0.54701 0.59965 0.65363 0.70867 0.76452 0.82090 0.87756 0.93426 0.99076 1.04682 1.10223 1.15675 1.21019 1.26234 1.31300 1.36199 1.40912 1.45422 1.49713 1.53764 1.57559 1.61087 1.64333 1.67291 1.69961 1.72343 1.74444
0.00000 0.00000 0.00000 0.00000 0.00000 0.00000 0.00004 0.00016 0.00039 0.00079 0.00141 0.00232 0.00357 0.00526 0.00747 0.01032 0.01394 0.01850 0.02419 0.03124 0.03987 0.05037 0.06301 0.07805 0.09576 0.11638 0.14009 0.16707 0.19740 0.23113 0.26825 0.30867 0.35226 0.39883 0.44815 0.49994 0.55390 0.60972 0.66706 0.72561 0.78505 0.84508 0.90541 0.96574 1.02584 1.08542 1.14423 1.20202 1.25853 1.31341 1.36650 1.41747 1.46614 1.51234 1.55597 1.59699 1.63539 1.67118 1.70428 1.73471 1.76244 1.78743 1.80967 1.82917
0.00000 0.00000 0.00000 0.00000 0.00000 0.00001 0.00007 0.00021 0.00049 0.00095 0.00164 0.00262 0.00398 0.00580 0.00818 0.01125 0.01516 0.02011 0.02632 0.03404 0.04354 0.05514 0.06913 0.08582 0.10550 0.12841 0.15475 0.18467 0.21825 0.25550 0.29636 0.34071 0.38835 0.43904 0.49248 0.54834 0.60626 0.66586 0.72676 0.78857 0.85087 0.91321 0.97529 1.03665 1.09695 1.15595 1.21343 1.26922 1.32320 1.37534 1.42544 1.47346 1.51929 1.56283 1.60398 1.64266 1.67882 1.71240 1.74339 1.77177 1.79753 1.82066 1.84117 1.85905
0.00000 0.00000 0.00000 0.00000 0.00000 0.00002 0.00009 0.00027 0.00058 0.00107 0.00181 0.00285 0.00428 0.00619 0.00869 0.01193 0.01608 0.02135 0.02799 0.03629 0.04655 0.05911 0.07432 0.09249 0.11392 0.13887 0.16753 0.20004 0.23643 0.27667 0.32064 0.36815 0.41890 0.47251 0.52852 0.58642 0.64568 0.70580 0.76634 0.82692 0.88722 0.94704 1.00605 1.06410 1.12100 1.17658 1.23067 1.28310 1.33378 1.38256 1.42935 1.47409 1.51671 1.55714 1.59530 1.63115 1.66465 1.69575 1.72444 1.75071 1.77454 1.79594 1.81489 1.83141
0.00000 0.00000 0.00000 0.00000 0.00000 0.00003 0.00012 0.00031 0.00064 0.00116 0.00192 0.00299 0.00445 0.00640 0.00897 0.01230 0.01659 0.02207 0.02902 0.03773 0.04857 0.06187 0.07801 0.09733 0.12012 0.14663 0.17698 0.21121 0.24921 0.29079 0.33564 0.38341 0.43368 0.48606 0.54015 0.59552 0.65179 0.70858 0.76553 0.82230 0.87860 0.93418 0.98881 1.04236 1.09467 1.14562 1.19509 1.24299 1.28923 1.33372 1.37641 1.41723 1.45613 1.49307 1.52798 1.56081 1.59155 1.62014 1.64658 1.67083 1.69290 1.71276 1.73041 1.74584
0.00000 0.00000 0.00000 0.00000 0.00000 0.00004 0.00015 0.00035 0.00069 0.00121 0.00197 0.00305 0.00450 0.00645 0.00902 0.01237 0.01670 0.02225 0.02932 0.03822 0.04929 0.06289 0.07934 0.09894 0.12189 0.14834 0.17831 0.21173 0.24844 0.28822 0.33074 0.37564 0.42255 0.47106 0.52077 0.57134 0.62243 0.67372 0.72491 0.77575 0.82600 0.87549 0.92406 0.97157 1.01795 1.06308 1.10690 1.14935 1.19036 1.22988 1.26786 1.30427 1.33905 1.37215 1.40353 1.43315 1.46097 1.48694 1.51106 1.53328 1.55358 1.57195 1.58835 1.60280
