tests/data/gray99/saval2D/outputs/resuqu6.asc
north:     17.44
south:      0.00
east:      60.51
west:       0.00
rows:   68
cols:  236
[rows 29 to 57 of 68, columns 0 to 64 of 236]
0.00000 0.00000 0.00000 0.00000 0.00009 0.00039 0.00104 0.00219 0.00404 0.00681 0.01077 0.01626 0.02371 0.03364 0.04675 0.06392 0.08623 0.11502 0.15187 0.19854 0.25697 0.32917 0.41709 0.52254 0.64704 0.79173 0.95730 1.14398 1.35153 1.57927 1.82620 2.09099 2.37214 2.66796 2.97671 3.29659 3.62580 3.96258 4.30525 4.65218 5.00189 5.35300 5.70429 6.05472 6.40334 6.74942 7.09233 7.43162 7.76693 8.09804 8.42480 8.74711 9.06496 9.37837 9.68735 9.99196 10.29226 10.58825 10.87997 11.16740 11.45051 11.72927 12.00357 12.27334 12.53849
0.00000 0.00000 0.00000 0.00000 0.00013 0.00051 0.00128 0.00261 0.00469 0.00779 0.01218 0.01825 0.02647 0.03745 0.05197 0.07105 0.09592 0.12811 0.16939 0.22172 0.28723 0.36807 0.46632 0.58381 0.72203 0.88204 1.06438 1.26911 1.49578 1.74351 2.01109 2.29699 2.59952 2.91683 3.24701 3.58810 3.93819 4.29539 4.65790 5.02403 5.39218 5.76094 6.12901 6.49529 6.85884 7.21890 7.57489 7.92636 8.27301 8.61464 8.95116 9.28260 9.60898 9.93039 10.24698 10.55885 10.86612 11.16891 11.46729 11.76131 12.05097 12.33628 12.61723 12.89374 13.16573
0.00000 0.00000 0.00000 0.00001 0.00018 0.00063 0.00151 0.00298 0.00527 0.00863 0.01337 0.01990 0.02872 0.04051 0.05613 0.07668 0.10353 0.13832 0.18297 0.23960 0.31044 0.39774 0.50363 0.62995 0.77816 0.94924 1.14364 1.36128 1.60158 1.86355 2.14581 2.44670 2.76438 3.09688 3.44214 3.79811 4.16277 4.53416 4.91039 5.28971 5.67047 6.05122 6.43064 6.80761 7.18121 7.55068 7.91546 8.27513 8.62943 8.97823 9.32146 9.65918 9.99149 10.31855 10.64052 10.95761 11.26997 11.57774 11.88104 12.17994 12.47451 12.76477 13.05069 13.33227 13.60942
0.00000 0.00000 0.00000 0.00002 0.00023 0.00073 0.00168 0.00326 0.00569 0.00922 0.01420 0.02103 0.03026 0.04257 0.05887 0.08032 0.10836 0.14470 0.19133 0.25042 0.32427 0.41517 0.52525 0.65637 0.80997 0.98699 1.18783 1.41236 1.65992 1.92941 2.21938 2.52809 2.85361 3.19389 3.54680 3.91025 4.28212 4.66041 5.04317 5.42863 5.81515 6.20126 6.58568 6.96732 7.34529 7.71887 8.08748 8.45072 8.80836 9.16026 9.50644 9.84696 10.18200 10.51173 10.83634 11.15598 11.47084 11.78106 12.08677 12.38810 12.68510 12.97789 13.26643 13.55067 13.83052
0.00000 0.00000 0.00000 0.00003 0.00025 0.00078 0.00176 0.00339 0.00588 0.00950 0.01458 0.02154 0.03093 0.04343 0.05997 0.08170 0.11005 0.14671 0.19366 0.25307 0.32719 0.41829 0.52849 0.65961 0.81308 0.98982 1.19021 1.41411 1.66084 1.92931 2.21803 2.52527 2.84908 3.18740 3.53811 3.89910 4.26828 4.64366 5.02335 5.40561 5.78884 6.17163 6.55276 6.93119 7.30606 7.67669 8.04254 8.40323 8.75854 9.10835 9.45265 9.79152 10.12508 10.45350 10.77695 11.09559 11.40956 11.71901 12.02407 12.32482 12.62132 12.91364 13.20175 13.48560 13.76510
0.00000 0.00000 0.00000 0.00003 0.00025 0.00077 0.00174 0.00335 0.00582 0.00941 0.01445 0.02135 0.03065 0.04301 0.05931 0.08065 0.10838 0.14413 0.18977 0.24735 0.31906 0.40709 0.51347 0.64002 0.78813 0.95876 1.15231 1.36868 1.60726 1.86703 2.14657 2.44419 2.75803 3.08605 3.42620 3.77642 4.13469 4.49910 4.86784 5.23925 5.61182 5.98421 6.35525 6.72397 7.08955 7.45135 7.80891 8.16186 8.50997 8.85313 9.19129 9.52446 9.85274 10.17623 10.49506 10.80938 11.11931 11.42494 11.72636 12.02359 12.31667 12.60558 12.89029 13.17074 13.44687
0.00000 0.00000 0.00000 0.00002 0.00022 0.00070 0.00162 0.00315 0.00552 0.00897 0.01383 0.02049 0.02943 0.04130 0.05690 0.07723 0.10355 0.13732 0.18028 0.23431 0.30143 0.38369 0.48304 0.60121 0.73961 0.89922 1.08055 1.28358 1.50785 1.75246 2.01614 2.29734 2.59430 2.90511 3.22785 3.56053 3.90125 4.24821 4.59969 4.95414 5.31014 5.66644 6.02197 6.37581 6.72722 7.07559 7.42047 7.76152 8.09852 8.43129 8.75978 9.08396 9.40385 9.71950 10.03098 10.33835 10.64166 10.94095 11.23624 11.52751 11.81473 12.09786 12.37681 12.65151 12.92183
0.00000 0.00000 0.00000 0.00001 0.00017 0.00060 0.00143 0.00284 0.00503 0.00825 0.01280 0.01903 0.02740 0.03846 0.05294 0.07173 0.09595 0.12690 0.16610 0.21525 0.27614 0.35064 0.44053 0.54744 0.67275 0.81746 0.98219 1.16709 1.37189 1.59588 1.83803 2.09699 2.37119 2.65893 2.95839 3.26780 3.58536 3.90940 4.23836 4.57077 4.90534 5.24092 5.57651 5.91130 6.24455 6.57574 6.90442 7.23026 7.55299 7.87247 8.18856 8.50119 8.81030 9.11587 9.41789 9.71630 10.01112 10.30227 10.58970 10.87334 11.15307 11.42878 11.70036 11.96764 12.23048
0.00000 0.00000 0.00000 0.00000 0.00013 0.00048 0.00121 0.00246 0.00444 0.00736 0.01149 0.01716 0.02474 0.03474 0.04778 0.06463 0.08624 0.11374 0.14844 0.19179 0.24537 0.31080 0.38967 0.48346 0.59345 0.72066 0.86578 1.02911 1.21061 1.40985 1.62606 1.85817 2.10490 2.36478 2.63624 2.91767 3.20749 3.50418 3.80633 4.11264 4.42191 4.73311 5.04533 5.35778 5.66984 5.98098 6.29078 6.59890 6.90509 7.20910 7.51078 7.80997 8.10657 8.40043 8.69145 8.97953 9.26451 9.54629 9.82469 10.09955 10.37071 10.63796 10.90111 11.15997 11.41432
0.00000 0.00000 0.00000 0.00000 0.00009 0.00037 0.00098 0.00207 0.00381 0.00638 0.01003 0.01503 0.02172 0.03049 0.04188 0.05651 0.07517 0.09875 0.12835 0.16520 0.21064 0.26610 0.33300 0.41272 0.50647 0.61522 0.73952 0.87954 1.03557 1.20752 1.39494 1.59710 1.81303 2.04157 2.28146 2.53135 2.78987 3.05574 3.32775 3.60472 3.88566 4.16960 4.45575 4.74337 5.03189 5.32079 5.60965 5.89813 6.18595 6.47281 6.75849 7.04277 7.32540 7.60620 7.88494 8.16140 8.43539 8.70665 8.97493 9.23999 9.50157 9.75941 10.01326 10.26283 10.50788
0.00000 0.00000 0.00000 0.00000 0.00005 0.00027 0.00077 0.00169 0.00317 0.00538 0.00852 0.01280 0.01850 0.02594 0.03552 0.04772 0.06317 0.08260 0.10686 0.13684 0.17357 0.21809 0.27150 0.33489 0.40935 0.49597 0.59588 0.71009 0.83900 0.98278 1.14138 1.31441 1.50113 1.70042 1.91070 2.12984 2.35582 2.58878 2.82829 3.07359 3.32386 3.57832 3.83626 4.09704 4.36007 4.62484 4.89098 5.15808 5.42583 5.69389 5.96194 6.22966 6.49674 6.76286 7.02773 7.29104 7.55246 7.81166 8.06834 8.32214 8.57274 8.81982 9.06305 9.30215 9.53676
0.00000 0.00000 0.00000 0.00000 0.00002 0.00019 0.00059 0.00134 0.00258 0.00446 0.00713 0.01080 0.01569 0.02207 0.03026 0.04067 0.05377 0.07013 0.09041 0.11531 0.14562 0.18213 0.22567 0.27701 0.33689 0.40597 0.48482 0.57390 0.67357 0.78408 0.90561 1.03828 1.18220 1.33755 1.50465 1.68414 1.87632 2.07919 2.29124 2.51125 2.73806 2.97039 3.20686 3.44573 3.68497 3.92486 4.16666 4.41054 4.65625 4.90347 5.15178 5.40080 5.65012 5.89931 6.14800 6.39579 6.64231 6.88716 7.12993 7.37022 7.60767 7.84189 8.07249 8.29915 8.52154
0.00000 0.00000 0.00000 0.00000 0.00001 0.00012 0.00043 0.00104 0.00206 0.00362 0.00587 0.00897 0.01312 0.01853 0.02547 0.03425 0.04526 0.05894 0.07581 0.09643 0.12142 0.15141 0.18706 0.22899 0.27779 0.33399 0.39804 0.47028 0.55098 0.64029 0.73826 0.84486 0.95998 1.08347 1.21514 1.35482 1.50231 1.65748 1.82025 1.99056 2.16849 2.35423 2.54811 2.75075 2.96308 3.18362 3.40986 3.64035 3.87401 4.10970 4.34619 4.58204 4.81544 5.04606 5.27577 5.50492 5.73331 5.96057 6.18623 6.40991 6.63113 6.84947 7.06459 7.27611 7.48365
0.00000 0.00000 0.00000 0.00000 0.00000 0.00007 0.00029 0.00076 0.00157 0.00284 0.00470 0.00728 0.01074 0.01528 0.02109 0.02843 0.03761 0.04897 0.06292 0.07991 0.10042 0.12498 0.15410 0.18830 0.22807 0.27386 0.32605 0.38494 0.45078 0.52371 0.60379 0.69100 0.78528 0.88649 0.99449 1.10909 1.23012 1.35741 1.49080 1.63015 1.77534 1.92626 2.08282 2.24491 2.41246 2.58539 2.76363 2.94716 3.13594 3.33004 3.52963 3.73504 3.94688 4.16424 4.38392 4.60423 4.82387 5.04168 5.25635 5.46637 5.67036 5.87003 6.06635 6.25941 6.44892
0.00000 0.00000 0.00000 0.00000 0.00000 0.00003 0.00018 0.00052 0.00114 0.00214 0.00364 0.00575 0.00860 0.01235 0.01717 0.02325 0.03084 0.04021 0.05167 0.06558 0.08233 0.10233 0.12601 0.15379 0.18608 0.22326 0.26566 0.31356 0.36719 0.42668 0.49212 0.56352 0.64086 0.72406 0.81300 0.90757 1.00764 1.11306 1.22372 1.33950 1.46026 1.58591 1.71630 1.85132 1.99081 2.13461 2.28256 2.43446 2.59009 2.74926 2.91173 3.07731 3.24574 3.41688 3.59052 3.76655 3.94491 4.12566 4.30899 4.49528 4.68473 4.87448 5.06230 5.24682 5.42695
0.00000 0.00000 0.00000 0.00000 0.00000 0.00001 0.00009 0.00032 0.00078 0.00154 0.00272 0.00440 0.00671 0.00977 0.01372 0.01871 0.02493 0.03259 0.04194 0.05326 0.06685 0.08304 0.10218 0.12460 0.15064 0.18063 0.21485 0.25355 0.29692 0.34511 0.39821 0.45627 0.51928 0.58720 0.65998 0.73752 0.81976 0.90659 0.99791 1.09364 1.19367 1.29790 1.40621 1.51848 1.63455 1.75425 1.87739 2.00375 2.13313 2.26526 2.39990 2.53680 2.67571 2.81634 2.95845 3.10178 3.24610 3.39114 3.53672 3.68264 3.82871 3.97483 4.12091 4.26694 4.41301
0.00000 0.00000 0.00000 0.00000 0.00000 0.00000 0.00004 0.00017 0.00049 0.00105 0.00195 0.00326 0.00510 0.00755 0.01074 0.01479 0.01984 0.02606 0.03363 0.04278 0.05373 0.06674 0.08208 0.10003 0.12086 0.14483 0.17218 0.20312 0.23782 0.27642 0.31901 0.36564 0.41634 0.47109 0.52986 0.59262 0.65931 0.72987 0.80423 0.88234 0.96411 1.04945 1.13827 1.23043 1.32582 1.42424 1.52553 1.62949 1.73588 1.84448 1.95504 2.06733 2.18109 2.29606 2.41202 2.52868 2.64582 2.76321 2.88061 2.99777 3.11450 3.23057 3.34579 3.45995 3.57291
0.00000 0.00000 0.00000 0.00000 0.00000 0.00000 0.00000 0.00008 0.00027 0.00067 0.00132 0.00232 0.00375 0.00568 0.00822 0.01146 0.01552 0.02052 0.02661 0.03394 0.04269 0.05307 0.06527 0.07950 0.09600 0.11495 0.13655 0.16098 0.18837 0.21884 0.25248 0.28935 0.32947 0.37285 0.41949 0.46937 0.52246 0.57874 0.63816 0.70067 0.76624 0.83477 0.90621 0.98042 1.05729 1.13667 1.21839 1.30225 1.38807 1.47564 1.56472 1.65511 1.74657 1.83888 1.93180 2.02512 2.11862 2.21211 2.30533 2.39811 2.49024 2.58151 2.67173 2.76069 2.84821
0.00000 0.00000 0.00000 0.00000 0.00000 0.00000 0.00000 0.00002 0.00013 0.00038 0.00084 0.00157 0.00265 0.00414 0.00613 0.00869 0.01191 0.01589 0.02074 0.02656 0.03350 0.04171 0.05132 0.06250 0.07542 0.09022 0.10706 0.12607 0.14737 0.17103 0.19715 0.22576 0.25690 0.29058 0.32682 0.36561 0.40695 0.45082 0.49719 0.54606 0.59738 0.65108 0.70712 0.76540 0.82580 0.88820 0.95244 1.01837 1.08579 1.15453 1.22442 1.29523 1.36678 1.43888 1.51131 1.58391 1.65647 1.72880 1.80074 1.87210 1.94270 2.01238 2.08093 2.14820 2.21402
0.00000 0.00000 0.00000 0.00000 0.00000 0.00000 0.00000 0.00000 0.00004 0.00019 0.00049 0.00100 0.00179 0.00291 0.00443 0.00642 0.00894 0.01207 0.01589 0.02048 0.02593 0.03236 0.03986 0.04855 0.05856 0.06998 0.08293 0.09750 0.11378 0.13184 0.15173 0.17349 0.19714 0.22271 0.25021 0.27965 0.31102 0.34433 0.37957 0.41672 0.45576 0.49665 0.53932 0.58371 0.62973 0.67725 0.72615 0.77629 0.82752 0.87968 0.93261 0.98615 1.04013 1.09438 1.14873 1.20304 1.25714 1.31088 1.36409 1.41663 1.46835 1.51910 1.56871 1.61706 1.66397
0.00000 -0.00000 0.00000 0.00000 0.00000 0.00000 0.00000 0.00000 0.00000 0.00007 0.00025 0.00058 0.00113 0.00195 0.00308 0.00459 0.00653 0.00896 0.01193 0.01551 0.01975 0.02474 0.03053 0.03722 0.04488 0.05358 0.06340 0.07440 0.08665 0.10017 0.11502 0.13121 0.14878 0.16772 0.18806 0.20981 0.23296 0.25753 0.28350 0.31088 0.33964 0.36975 0.40116 0.43381 0.46761 0.50247 0.53828 0.57492 0.61227 0.65021 0.68860 0.72730 0.76618 0.80508 0.84389 0.88246 0.92068 0.95841 0.99551 1.03188 1.06738 1.10187 1.13522 1.16732 1.19802
0.00000 -0.00000 0.00000 0.00000 0.00000 0.00000 0.00000 0.00000 0.00000 0.00001 0.00010 0.00030 0.00066 0.00123 0.00205 0.00317 0.00463 0.00648 0.00875 0.01150 0.01477 0.01859 0.02302 0.02811 0.03390 0.04045 0.04779 0.05597 0.06502 0.07496 0.08582 0.09761 0.11034 0.12402 0.13866 0.15427 0.17085 0.18841 0.20695 0.22645 0.24690 0.26827 0.29051 0.31358 0.33740 0.36189 0.38696 0.41251 0.43846 0.46468 0.49110 0.51757 0.54398 0.57024 0.59623 0.62185 0.64700 0.67155 0.69540 0.71846 0.74062 0.76176 0.78178 0.80056 0.81802
0.00000 -0.00000 -0.00000 0.00000 0.00000 0.00000 0.00000 0.00000 0.00000 0.00000 0.00002 0.00013 0.00034 0.00072 0.00128 0.00208 0.00315 0.00453 0.00624 0.00832 0.01079 0.01369 0.01703 0.02086 0.02519 0.03005 0.03546 0.04144 0.04801 0.05518 0.06295 0.07134 0.08034 0.08996 0.10021 0.11108 0.12259 0.13474 0.14751 0.16090 0.17490 0.18947 0.20458 0.22018 0.23621 0.25260 0.26927 0.28615 0.30318 0.32027 0.33734 0.35427 0.37099 0.38741 0.40345 0.41904 0.43408 0.44846 0.46211 0.47497 0.48694 0.49791 0.50780 0.51653 0.52404
0.00000 -0.00000 -0.00000 0.00000 0.00000 0.00000 0.00000 0.00000 0.00000 0.00000 0.00000 0.00004 0.00015 0.00037 0.00074 0.00129 0.00205 0.00304 0.00430 0.00584 0.00767 0.00983 0.01232 0.01515 0.01834 0.02190 0.02583 0.03013 0.03482 0.03988 0.04532 0.05115 0.05735 0.06393 0.07089 0.07824 0.08598 0.09409 0.10259 0.11145 0.12065 0.13018 0.14000 0.15006 0.16031 0.17070 0.18117 0.19166 0.20214 0.21253 0.22275 0.23274 0.24241 0.25171 0.26061 0.26901 0.27684 0.28403 0.29052 0.29627 0.30121 0.30523 0.30828 0.31033 0.31135
0.00000 -0.00000 -0.00000 -0.00000 0.00000 0.00000 0.00000 0.00000 0.00000 0.00000 0.00000 0.00000 0.00004 0.00016 0.00038 0.00073 0.00124 0.00193 0.00283 0.00394 0.00527 0.00684 0.00866 0.01072 0.01303 0.01559 0.01839 0.02143 0.02470 0.02820 0.03193 0.03587 0.04003 0.04441 0.04901 0.05383 0.05886 0.06410 0.06955 0.07519 0.08100 0.08696 0.09305 0.09922 0.10542 0.11162 0.11778 0.12386 0.12983 0.13564 0.14122 0.14650 0.15144 0.15603 0.16022 0.16396 0.16715 0.16977 0.17179 0.17321 0.17395 0.17392 0.17309 0.17152 0.16920
0.00000 0.00000 -0.00000 0.00000 0.00000 0.00000 0.00000 0.00000 0.00000 0.00000 0.00000 0.00000 0.00000 0.00005 0.00016 0.00037 0.00069 0.00115 0.00175 0.00252 0.00346 0.00458 0.00587 0.00734 0.00897 0.01077 0.01272 0.01482 0.01706 0.01942 0.02190 0.02450 0.02722 0.03006 0.03301 0.03607 0.03924 0.04252 0.04589 0.04934 0.05287 0.05644 0.06003 0.06361 0.06714 0.07058 0.07393 0.07715 0.08024 0.08315 0.08580 0.08816 0.09021 0.09196 0.09339 0.09443 0.09500 0.09510 0.09478 0.09403 0.09277 0.09091 0.08850 0.08567 0.08241
0.00000 0.00000 -0.00000 -0.00000 -0.00000 0.00000 0.00000 0.00000 0.00000 0.00000 0.00000 0.00000 0.00000 0.00000 0.00004 0.00015 0.00033 0.00061 0.00100 0.00151 0.00215 0.00291 0.00380 0.00481 0.00593 0.00716 0.00848 0.00989 0.01137 0.01292 0.01453 0.01620 0.01793 0.01971 0.02155 0.02344 0.02538 0.02737 0.02938 0.03142 0.03347 0.03551 0.03751 0.03946 0.04131 0.04305 0.04468 0.04619 0.04757 0.04878 0.04976 0.05046 0.05092 0.05117 0.05120 0.05093 0.05027 0.04928 0.04805 0.04660 0.04480 0.04257 0.04004 0.03742 0.03466
0.00000 -0.00000 0.00000 -0.00000 -0.00000 0.00000 0.00000 0.00000 0.00000 0.00000 0.00000 0.00000 0.00000 0.00000 0.00000 0.00004 0.00013 0.00028 0.00051 0.00082 0.00123 0.00172 0.00231 0.00297 0.00371 0.00452 0.00538 0.00629 0.00724 0.00822 0.00923 0.01027 0.01133 0.01242 0.01354 0.01468 0.01583 0.01700 0.01816 0.01932 0.02045 0.02155 0.02260 0.02357 0.02443 0.02518 0.02582 0.02638 0.02684 0.02716 0.02726 0.02714 0.02686 0.02648 0.02597 0.02523 0.02420 0.02297 0.02170 0.02037 0.01883 0.01698 0.01505 0.01331 0.01162
0.00000 -0.00000 -0.00000 -0.00000 -0.00000 -0.00000 0.00000 0.00000 0.00000 0.00000 0.00000 0.00000 0.00000 0.00000 0.00000 0.00000 0.00003 0.00009 0.00021 0.00039 0.00062 0.00092 0.00128 0.00170 0.00216 0.00266 0.00319 0.00375 0.00432 0.00492 0.00553 0.00615 0.00679 0.00744 0.00810 0.00876 0.00943 0.01009 0.01073 0.01135 0.01195 0.01250 0.01299 0.01340 0.01371 0.01391 0.01405 0.01413 0.01416 0.01408 0.01380 0.01336 0.01284 0.01233 0.01177 0.01104 0.01008 0.00905 0.00814 0.00729 0.00630 0.00509 0.00394 0.00313 0.00249
