tests/data/gray99/saval2D/outputs/resuqu7.asc
north:     17.44
south:      0.00
east:      60.51
west:       0.00
rows:   68
cols:  236
[rows 29 to 57 of 68, columns 0 to 64 of 236]
0.00000 0.00000 0.00000 0.00000 0.00006 0.00023 0.00058 0.00118 0.00212 0.00349 0.00540 0.00797 0.01135 0.01569 0.02117 0.02801 0.03645 0.04680 0.05938 0.07463 0.09302 0.11514 0.14166 0.17337 0.21116 0.25601 0.30901 0.37134 0.44422 0.52890 0.62661 0.73854 0.86574 1.00915 1.16949 1.34733 1.54298 1.75656 1.98792 2.23671 2.50233 2.78402 3.08080 3.39162 3.71537 4.05089 4.39702 4.75255 5.11630 5.48708 5.86371 6.24505 6.63003 7.01771 7.40718 7.79764 8.18830 8.57840 8.96726 9.35418 9.73856 10.11981 10.49741 10.87091 11.23990
0.00000 0.00000 0.00000 0.00000 0.00008 0.00030 0.00071 0.00141 0.00247 0.00401 0.00615 0.00901 0.01276 0.01758 0.02369 0.03134 0.04081 0.05247 0.06674 0.08412 0.10520 0.13069 0.16141 0.19827 0.24232 0.29471 0.35666 0.42947 0.51448 0.61298 0.72626 0.85546 1.00160 1.16552 1.34782 1.54891 1.76893 2.00779 2.26515 2.54046 2.83297 3.14172 3.46563 3.80353 4.15419 4.51636 4.88879 5.27022 5.65940 6.05513 6.45622 6.86157 7.27009 7.68082 8.09286 8.50535 8.91750 9.32855 9.73778 10.14450 10.54805 10.94784 11.34334 11.73403 12.11947
0.00000 0.00000 0.00000 0.00001 0.00011 0.00036 0.00084 0.00162 0.00279 0.00447 0.00679 0.00990 0.01395 0.01917 0.02578 0.03407 0.04437 0.05709 0.07271 0.09179 0.11501 0.14317 0.17717 0.21805 0.26693 0.32507 0.39379 0.47445 0.56843 0.67708 0.80167 0.94333 1.10304 1.28154 1.47937 1.69680 1.93386 2.19034 2.46576 2.75945 3.07054 3.39798 3.74061 4.09718 4.46640 4.84697 5.23757 5.63692 6.04375 6.45685 6.87503 7.29716 7.72218 8.14911 8.57702 9.00505 9.43238 9.85822 10.28183 10.70250 11.11955 11.53237 11.94037 12.34304 12.73987
0.00000 0.00000 0.00000 0.00002 0.00014 0.00042 0.00094 0.00177 0.00303 0.00481 0.00726 0.01052 0.01479 0.02026 0.02720 0.03591 0.04674 0.06012 0.07657 0.09669 0.12121 0.15096 0.18690 0.23011 0.28178 0.34320 0.41574 0.50080 0.59978 0.71404 0.84483 0.99328 1.16032 1.34667 1.55281 1.77897 2.02511 2.29092 2.57588 2.87923 3.20005 3.53726 3.88967 4.25602 4.63499 5.02526 5.42549 5.83435 6.25060 6.67298 7.10035 7.53157 7.96561 8.40148 8.83821 9.27488 9.71064 10.14468 10.57623 11.00458 11.42904 11.84904 12.26394 12.67316 13.07615
0.00000 0.00000 0.00000 0.00002 0.00015 0.00045 0.00098 0.00185 0.00314 0.00496 0.00747 0.01080 0.01515 0.02073 0.02779 0.03663 0.04763 0.06120 0.07786 0.09823 0.12301 0.15305 0.18931 0.23284 0.28485 0.34662 0.41949 0.50486 0.60410 0.71855 0.84944 0.99788 1.16478 1.35084 1.55651 1.78201 2.02727 2.29199 2.57565 2.87750 3.19665 3.53204 3.88252 4.24685 4.62377 5.01196 5.41015 5.81705 6.23145 6.65213 7.07796 7.50783 7.94069 8.37552 8.81135 9.24726 9.68239 10.11589 10.54700 10.97499 11.39914 11.81883 12.23343 12.64234 13.04502
0.00000 0.00000 0.00000 0.00002 0.00015 0.00044 0.00097 0.00182 0.00310 0.00491 0.00739 0.01068 0.01498 0.02049 0.02745 0.03615 0.04693 0.06019 0.07642 0.09620 0.12019 0.14918 0.18408 0.22589 0.27575 0.33486 0.40452 0.48605 0.58080 0.69005 0.81504 0.95683 1.11635 1.29430 1.49117 1.70718 1.94234 2.19642 2.46895 2.75929 3.06660 3.38991 3.72814 4.08011 4.44463 4.82047 5.20642 5.60128 6.00388 6.41306 6.82770 7.24670 7.66900 8.09359 8.51949 8.94581 9.37168 9.79627 10.21882 10.63855 11.05478 11.46683 11.87409 12.27599 12.67201
0.00000 0.00000 0.00000 0.00002 0.00013 0.00040 0.00090 0.00171 0.00293 0.00466 0.00703 0.01020 0.01432 0.01959 0.02624 0.03452 0.04473 0.05724 0.07248 0.09096 0.11326 0.14010 0.17225 0.21064 0.25628 0.31026 0.37377 0.44805 0.53434 0.63390 0.74791 0.87746 1.02347 1.18670 1.36771 1.56684 1.78418 2.01962 2.27284 2.54331 2.83033 3.13307 3.45056 3.78173 4.12548 4.48067 4.84618 5.22090 5.60372 5.99353 6.38926 6.78982 7.19417 7.60128 8.01017 8.41995 8.82976 9.23878 9.64625 10.05143 10.45363 10.85218 11.24648 11.63596 12.02011
0.00000 0.00000 0.00000 0.00001 0.00011 0.00034 0.00079 0.00154 0.00266 0.00427 0.00648 0.00942 0.01326 0.01815 0.02430 0.03193 0.04130 0.05272 0.06654 0.08320 0.10317 0.12705 0.15549 0.18925 0.22919 0.27623 0.33141 0.39581 0.47057 0.55683 0.65572 0.76832 0.89559 1.03835 1.19727 1.37282 1.56528 1.77472 2.00099 2.24378 2.50259 2.77675 3.06545 3.36777 3.68270 4.00925 4.34642 4.69317 5.04849 5.41136 5.78071 6.15553 6.53473 6.91727 7.30222 7.68866 8.07577 8.46276 8.84889 9.23343 9.61570 9.99504 10.37086 10.74258 11.10972
0.00000 0.00000 0.00000 0.00000 0.00008 0.00028 0.00067 0.00133 0.00234 0.00379 0.00579 0.00846 0.01193 0.01635 0.02187 0.02870 0.03704 0.04715 0.05930 0.07384 0.09114 0.11164 0.13587 0.16440 0.19789 0.23707 0.28275 0.33581 0.39721 0.46793 0.54899 0.64140 0.74610 0.86396 0.99578 1.14221 1.30371 1.48062 1.67304 1.88093 2.10403 2.34194 2.59408 2.85966 3.13784 3.42780 3.72869 4.03963 4.35971 4.68796 5.02341 5.36505 5.71183 6.06268 6.41664 6.77289 7.13063 7.48913 7.84765 8.20549 8.56199 8.91648 9.26835 9.61704 9.96211
0.00000 0.00000 0.00000 0.00000 0.00005 0.00022 0.00055 0.00112 0.00201 0.00329 0.00505 0.00741 0.01047 0.01436 0.01920 0.02516 0.03240 0.04110 0.05149 0.06381 0.07833 0.09537 0.11527 0.13843 0.16530 0.19636 0.23224 0.27359 0.32119 0.37588 0.43856 0.50992 0.59062 0.68151 0.78343 0.89720 1.02351 1.16295 1.31596 1.48278 1.66355 1.85817 2.06634 2.28757 2.52116 2.76656 3.02317 3.29027 3.56708 3.85277 4.14648 4.44724 4.75401 5.06568 5.38136 5.70032 6.02185 6.34523 6.66976 6.99477 7.31958 7.64356 7.96604 8.28646 8.60441
0.00000 0.00000 0.00000 0.00000 0.00003 0.00016 0.00044 0.00092 0.00168 0.00278 0.00431 0.00634 0.00898 0.01232 0.01646 0.02152 0.02762 0.03490 0.04349 0.05355 0.06527 0.07884 0.09448 0.11242 0.13292 0.15625 0.18266 0.21242 0.24583 0.28320 0.32493 0.37178 0.42471 0.48461 0.55241 0.62916 0.71601 0.81414 0.92480 1.04915 1.18817 1.34241 1.51065 1.68727 1.87279 2.06825 2.27398 2.48990 2.71572 2.95093 3.19491 3.44683 3.70589 3.97066 4.24056 4.51502 4.79337 5.07493 5.35907 5.64510 5.93240 6.22032 6.50808 6.79513 7.08111
0.00000 0.00000 0.00000 0.00000 0.00002 0.00011 0.00033 0.00073 0.00137 0.00231 0.00361 0.00536 0.00762 0.01049 0.01405 0.01839 0.02362 0.02985 0.03719 0.04576 0.05570 0.06714 0.08023 0.09513 0.11200 0.13100 0.15228 0.17601 0.20235 0.23144 0.26342 0.29844 0.33662 0.37809 0.42298 0.47142 0.52355 0.57954 0.63962 0.70408 0.77339 0.84846 0.93200 1.03121 1.14691 1.27863 1.42616 1.58941 1.76821 1.96229 2.17102 2.39249 2.61537 2.83720 3.06079 3.28757 3.51813 3.75257 3.99071 4.23218 4.47654 4.72321 4.97139 5.22032 5.46987
0.00000 0.00000 0.00000 0.00000 0.00001 0.00007 0.00025 0.00057 0.00110 0.00188 0.00298 0.00446 0.00640 0.00885 0.01190 0.01562 0.02009 0.02541 0.03166 0.03893 0.04733 0.05694 0.06789 0.08027 0.09419 0.10977 0.12711 0.14630 0.16746 0.19065 0.21598 0.24350 0.27329 0.30540 0.33988 0.37679 0.41617 0.45808 0.50257 0.54971 0.59958 0.65226 0.70786 0.76649 0.82830 0.89344 0.96210 1.03451 1.11097 1.19190 1.27806 1.37165 1.48439 1.61980 1.77453 1.94595 2.13213 2.33157 2.54301 2.76521 2.99645 3.23119 3.45464 3.67259 3.88804
0.00000 0.00000 0.00000 0.00000 0.00000 0.00005 0.00017 0.00042 0.00084 0.00148 0.00239 0.00363 0.00526 0.00733 0.00991 0.01307 0.01687 0.02138 0.02667 0.03282 0.03989 0.04796 0.05710 0.06740 0.07892 0.09174 0.10592 0.12154 0.13865 0.15731 0.17757 0.19945 0.22301 0.24826 0.27524 0.30395 0.33444 0.36671 0.40080 0.43674 0.47457 0.51433 0.55607 0.59986 0.64574 0.69380 0.74408 0.79668 0.85165 0.90907 0.96903 1.03160 1.09689 1.16499 1.23603 1.31017 1.38759 1.46854 1.55340 1.64282 1.73816 1.84487 1.97823 2.13256 2.30350
0.00000 0.00000 0.00000 0.00000 0.00000 0.00002 0.00010 0.00029 0.00061 0.00112 0.00186 0.00288 0.00423 0.00595 0.00812 0.01077 0.01397 0.01777 0.02223 0.02740 0.03333 0.04009 0.04772 0.05627 0.06580 0.07636 0.08799 0.10072 0.11461 0.12966 0.14592 0.16341 0.18213 0.20209 0.22332 0.24580 0.26957 0.29461 0.32095 0.34861 0.37761 0.40797 0.43973 0.47291 0.50755 0.54369 0.58135 0.62058 0.66138 0.70381 0.74788 0.79363 0.84106 0.89022 0.94112 0.99380 1.04830 1.10465 1.16289 1.22310 1.28532 1.34965 1.41619 1.48505 1.55642
0.00000 0.00000 0.00000 0.00000 0.00000 0.00000 0.00005 0.00018 0.00042 0.00081 0.00140 0.00222 0.00332 0.00474 0.00653 0.00874 0.01141 0.01459 0.01832 0.02264 0.02760 0.03324 0.03958 0.04668 0.05455 0.06324 0.07276 0.08314 0.09440 0.10655 0.11961 0.13357 0.14845 0.16424 0.18093 0.19854 0.21706 0.23649 0.25684 0.27812 0.30034 0.32352 0.34768 0.37282 0.39898 0.42616 0.45438 0.48365 0.51398 0.54538 0.57784 0.61138 0.64599 0.68167 0.71843 0.75627 0.79518 0.83516 0.87624 0.91841 0.96168 1.00609 1.05163 1.09835 1.14626
0.00000 0.00000 0.00000 0.00000 0.00000 0.00000 0.00002 0.00010 0.00027 0.00056 0.00101 0.00165 0.00253 0.00369 0.00515 0.00697 0.00918 0.01182 0.01491 0.01851 0.02263 0.02731 0.03257 0.03843 0.04491 0.05204 0.05982 0.06826 0.07737 0.08716 0.09761 0.10874 0.12052 0.13296 0.14605 0.15978 0.17415 0.18916 0.20481 0.22110 0.23804 0.25564 0.27390 0.29284 0.31245 0.33275 0.35374 0.37542 0.39777 0.42080 0.44450 0.46886 0.49387 0.51952 0.54579 0.57268 0.60018 0.62827 0.65696 0.68622 0.71606 0.74648 0.77748 0.80906 0.84121
0.00000 0.00000 0.00000 0.00000 0.00000 0.00000 0.00000 0.00005 0.00015 0.00036 0.00069 0.00119 0.00188 0.00279 0.00398 0.00545 0.00726 0.00943 0.01198 0.01495 0.01835 0.02221 0.02655 0.03137 0.03668 0.04251 0.04884 0.05567 0.06302 0.07086 0.07920 0.08801 0.09730 0.10705 0.11725 0.12790 0.13897 0.15048 0.16243 0.17480 0.18761 0.20085 0.21453 0.22866 0.24322 0.25821 0.27364 0.28949 0.30575 0.32241 0.33945 0.35687 0.37464 0.39276 0.41119 0.42993 0.44896 0.46828 0.48786 0.50769 0.52776 0.54807 0.56861 0.58936 0.61033
0.00000 0.00000 0.00000 0.00000 0.00000 0.00000 0.00000 0.00001 0.00007 0.00021 0.00044 0.00081 0.00134 0.00206 0.00299 0.00418 0.00564 0.00740 0.00948 0.01191 0.01470 0.01786 0.02141 0.02535 0.02968 0.03441 0.03953 0.04504 0.05092 0.05718 0.06378 0.07072 0.07800 0.08558 0.09347 0.10165 0.11012 0.11887 0.12790 0.13721 0.14679 0.15665 0.16679 0.17720 0.18787 0.19880 0.20998 0.22139 0.23301 0.24485 0.25687 0.26907 0.28143 0.29392 0.30653 0.31925 0.33205 0.34492 0.35785 0.37083 0.38383 0.39686 0.40989 0.42291 0.43592
0.00000 0.00000 0.00000 0.00000 0.00000 0.00000 0.00000 0.00000 0.00003 0.00010 0.00026 0.00052 0.00091 0.00146 0.00219 0.00312 0.00428 0.00569 0.00738 0.00934 0.01161 0.01417 0.01706 0.02025 0.02376 0.02757 0.03168 0.03609 0.04077 0.04571 0.05090 0.05633 0.06197 0.06782 0.07386 0.08009 0.08650 0.09309 0.09985 0.10677 0.11386 0.12112 0.12853 0.13609 0.14380 0.15164 0.15960 0.16766 0.17581 0.18404 0.19233 0.20066 0.20902 0.21738 0.22573 0.23406 0.24235 0.25058 0.25875 0.26682 0.27480 0.28268 0.29043 0.29805 0.30551
0.00000 -0.00000 0.00000 0.00000 0.00000 0.00000 0.00000 0.00000 0.00000 0.00004 0.00013 0.00031 0.00059 0.00099 0.00154 0.00226 0.00317 0.00429 0.00563 0.00720 0.00902 0.01108 0.01340 0.01596 0.01877 0.02182 0.02509 0.02858 0.03227 0.03614 0.04018 0.04438 0.04871 0.05318 0.05776 0.06245 0.06725 0.07215 0.07714 0.08223 0.08741 0.09268 0.09802 0.10343 0.10891 0.11443 0.11999 0.12556 0.13114 0.13671 0.14226 0.14778 0.15324 0.15862 0.16393 0.16913 0.17423 0.17920 0.18403 0.18871 0.19323 0.19758 0.20173 0.20569 0.20944
0.00000 -0.00000 0.00000 0.00000 0.00000 0.00000 0.00000 0.00000 0.00000 0.00001 0.00006 0.00016 0.00035 0.00064 0.00104 0.00158 0.00228 0.00315 0.00419 0.00543 0.00687 0.00851 0.01035 0.01238 0.01461 0.01701 0.01959 0.02232 0.02520 0.02820 0.03130 0.03451 0.03780 0.04116 0.04459 0.04808 0.05163 0.05523 0.05887 0.06256 0.06629 0.07006 0.07385 0.07766 0.08147 0.08528 0.08907 0.09282 0.09653 0.10019 0.10378 0.10728 0.11069 0.11398 0.11716 0.12020 0.12311 0.12586 0.12843 0.13083 0.13306 0.13508 0.13690 0.13850 0.13988
0.00000 -0.00000 -0.00000 0.00000 0.00000 0.00000 0.00000 0.00000 0.00000 0.00000 0.00002 0.00007 0.00019 0.00038 0.00066 0.00106 0.00158 0.00224 0.00304 0.00400 0.00512 0.00640 0.00784 0.00943 0.01117 0.01304 0.01504 0.01715 0.01936 0.02165 0.02400 0.02642 0.02888 0.03138 0.03391 0.03647 0.03905 0.04165 0.04428 0.04691 0.04956 0.05220 0.05485 0.05748 0.06008 0.06264 0.06514 0.06759 0.06996 0.07226 0.07448 0.07659 0.07858 0.08044 0.08217 0.08377 0.08523 0.08652 0.08763 0.08858 0.08936 0.08995 0.09034 0.09052 0.09051
0.00000 -0.00000 -0.00000 0.00000 0.00000 0.00000 0.00000 0.00000 0.00000 0.00000 0.00000 0.00002 0.00008 0.00020 0.00039 0.00067 0.00104 0.00153 0.00213 0.00286 0.00371 0.00469 0.00579 0.00702 0.00835 0.00979 0.01131 0.01292 0.01458 0.01630 0.01805 0.01984 0.02165 0.02347 0.02531 0.02715 0.02901 0.03086 0.03272 0.03457 0.03642 0.03825 0.04005 0.04182 0.04355 0.04521 0.04681 0.04833 0.04978 0.05114 0.05242 0.05358 0.05462 0.05554 0.05633 0.05701 0.05754 0.05792 0.05815 0.05823 0.05817 0.05795 0.05755 0.05698 0.05626
0.00000 -0.00000 -0.00000 -0.00000 0.00000 0.00000 0.00000 0.00000 0.00000 0.00000 0.00000 0.00000 0.00003 0.00009 0.00020 0.00039 0.00065 0.00099 0.00143 0.00196 0.00260 0.00333 0.00416 0.00508 0.00609 0.00716 0.00830 0.00949 0.01073 0.01198 0.01326 0.01456 0.01586 0.01717 0.01848 0.01978 0.02109 0.02239 0.02368 0.02496 0.02622 0.02745 0.02866 0.02981 0.03092 0.03195 0.03291 0.03380 0.03461 0.03535 0.03601 0.03655 0.03698 0.03729 0.03751 0.03763 0.03763 0.03749 0.03722 0.03684 0.03637 0.03576 0.03500 0.03411 0.03314
0.00000 0.00000 -0.00000 -0.00000 0.00000 0.00000 0.00000 0.00000 0.00000 0.00000 0.00000 0.00000 0.00000 0.00003 0.00009 0.00020 0.00037 0.00060 0.00090 0.00128 0.00174 0.00228 0.00288 0.00356 0.00429 0.00508 0.00591 0.00677 0.00766 0.00856 0.00947 0.01038 0.01130 0.01221 0.01313 0.01404 0.01494 0.01584 0.01672 0.01758 0.01842 0.01923 0.02000 0.02073 0.02140 0.02199 0.02252 0.02298 0.02338 0.02372 0.02398 0.02413 0.02418 0.02415 0.02404 0.02387 0.02359 0.02319 0.02269 0.02214 0.02152 0.02080 0.01996 0.01904 0.01811
0.00000 -0.00000 -0.00000 -0.00000 -0.00000 0.00000 0.00000 0.00000 0.00000 0.00000 0.00000 0.00000 0.00000 0.00000 0.00003 0.00008 0.00018 0.00033 0.00053 0.00079 0.00110 0.00148 0.00191 0.00238 0.00291 0.00346 0.00405 0.00465 0.00527 0.00589 0.00652 0.00715 0.00778 0.00840 0.00903 0.00964 0.01026 0.01086 0.01144 0.01200 0.01254 0.01306 0.01353 0.01396 0.01433 0.01464 0.01487 0.01506 0.01520 0.01530 0.01532 0.01525 0.01510 0.01488 0.01463 0.01433 0.01395 0.01346 0.01291 0.01236 0.01178 0.01112 0.01036 0.00958 0.00884
0.00000 -0.00000 0.00000 -0.00000 0.00000 0.00000 0.00000 0.00000 0.00000 0.00000 0.00000 0.00000 0.00000 0.00000 0.00000 0.00002 0.00007 0.00015 0.00028 0.00044 0.00065 0.00090 0.00119 0.00151 0.00186 0.00224 0.00264 0.00304 0.00346 0.00387 0.00429 0.00471 0.00513 0.00554 0.00596 0.00637 0.00677 0.00716 0.00754 0.00789 0.00822 0.00853 0.00880 0.00903 0.00920 0.00931 0.00937 0.00939 0.00939 0.00936 0.00926 0.00907 0.00882 0.00855 0.00827 0.00796 0.00758 0.00711 0.00662 0.00617 0.00573 0.00521 0.00461 0.00404 0.00357
0.00000 -0.00000 -0.00000 -0.00000 -0.00000 -0.00000 0.00000 0.00000 0.00000 0.00000 0.00000 0.00000 0.00000 0.00000 0.00000 0.00000 0.00002 0.00006 0.00012 0.00021 0.00034 0.00049 0.00068 0.00088 0.00111 0.00135 0.00161 0.00187 0.00213 0.00240 0.00266 0.00293 0.00320 0.00347 0.00373 0.00400 0.00425 0.00450 0.00472 0.00493 0.00512 0.00529 0.00543 0.00553 0.00557 0.00557 0.00552 0.00546 0.00539 0.00530 0.00516 0.00494 0.00467 0.00441 0.00418 0.00393 0.00361 0.00322 0.00285 0.00256 0.00228 0.00194 0.00153 0.00118 0.00096
