tests/data/gray99/saval2D/outputs/resuqv5.asc
north:     17.44
south:      0.00
east:      60.51
west:       0.00
rows:   68
cols:  236
[rows 0 to 27 of 68, columns 0 to 63 of 236]
0.00000 0.00000 0.00000 0.00000 0.00000 0.00000 0.00000 0.00000 0.00000 0.00000 0.00000 0.00000 0.00000 0.00000 0.00000 0.00000 0.00000 0.00000 0.00000 0.00000 0.00000 0.00000 0.00000 0.00000 0.00000 0.00000 0.00000 0.00000 0.00000 0.00000 0.00000 0.00000 0.00000 0.00000 0.00000 0.00000 0.00000 0.00000 0.00000 0.00000 0.00000 0.00000 0.00000 0.00000 0.00000 0.00000 0.00000 0.00000 0.00000 0.00000 0.00000 0.00000 0.00000 0.00000 0.00000 0.00000 0.00000 0.00000 0.00000 0.00000 0.00000 0.00000 0.00000 0.00000
0.00000 0.00000 0.00000 0.00000 0.00000 0.00000 0.00000 0.00000 0.00000 0.00000 0.00000 0.00000 0.00000 0.00000 0.00000 0.00000 0.00000 0.00000 0.00000 0.00000 0.00000 0.00000 0.00000 0.00000 0.00000 0.00000 0.00000 0.00000 0.00000 0.00000 0.00000 0.00000 0.00000 0.00000 0.00000 0.00000 0.00000 0.00000 0.00000 0.00000 0.00000 0.00000 0.00000 0.00000 0.00000 0.00000 0.00000 0.00000 0.00000 0.00000 0.00000 0.00000 0.00000 0.00000 0.00000 0.00000 0.00000 0.00000 0.00000 0.00000 0.00000 0.00000 0.00000 0.00000
0.00000 0.00000 0.00000 0.00000 0.00000 0.00000 0.00000 0.00000 0.00000 0.00000 0.00000 0.00000 0.00000 0.00000 0.00000 0.00000 0.00000 0.00000 0.00000 0.00000 0.00000 0.00000 0.00000 0.00000 0.00000 0.00000 0.00000 0.00000 0.00000 0.00000 0.00000 0.00000 0.00000 0.00000 0.00000 0.00000 0.00000 0.00000 0.00000 0.00000 0.00000 0.00000 0.00000 0.00000 0.00000 0.00000 0.00000 0.00000 0.00000 0.00000 0.00000 0.00000 0.00000 0.00000 0.00000 0.00000 0.00000 0.00000 0.00000 0.00000 0.00000 0.00000 0.00000 0.00000
0.00000 0.00000 0.00000 0.00000 0.00000 0.00000 0.00000 0.00000 0.00000 0.00000 0.00000 0.00000 0.00000 0.00000 0.00000 0.00000 0.00000 0.00000 0.00000 0.00000 0.00000 0.00000 0.00000 0.00000 0.00000 0.00000 0.00000 0.00000 0.00000 0.00000 0.00000 0.00000 0.00000 0.00000 0.00000 0.00000 0.00000 0.00000 0.00000 0.00000 0.00000 0.00000 0.00000 0.00000 0.00000 0.00000 0.00000 0.00000 0.00000 0.00000 0.00000 0.00000 0.00000 0.00000 0.00000 0.00000 0.00000 0.00000 0.00000 0.00000 0.00000 0.00000 0.00000 0.00000
0.00000 0.00000 0.00000 0.00000 0.00000 0.00000 0.00000 0.00000 0.00000 0.00000 0.00000 0.00000 0.00000 0.00000 0.00000 0.00000 0.00000 0.00000 0.00000 0.00000 0.00000 0.00000 0.00000 0.00000 0.00000 0.00000 0.00000 0.00000 0.00000 0.00000 0.00001 0.00002 0.00002 0.00003 0.00004 0.00003 0.00002 0.00001 0.00001 0.00000 0.00000 0.00000 0.00000 0.00000 0.00000 0.00000 0.00000 0.00000 0.00000 0.00000 0.00000 0.00000 0.00000 0.00000 0.00000 0.00000 0.00000 0.00000 0.00000 0.00000 0.00000 0.00000 0.00000 0.00000
0.00000 0.00000 0.00000 0.00000 0.00000 0.00000 0.00000 0.00000 0.00000 0.00000 0.00000 0.00000 0.00000 0.00000 0.00000 0.00000 0.00000 0.00000 0.00000 0.00000 0.00000 0.00000 0.00000 0.00000 0.00001 0.00006 0.00014 0.00024 0.00035 0.00047 0.00060 0.00073 0.00085 0.00098 0.00109 0.00119 0.00126 0.00131 0.00132 0.00128 0.00118 0.00099 0.00072 0.00041 0.00016 0.00003 0.00000 0.00000 0.00000 0.00000 0.00000 0.00000 0.00000 0.00000 0.00000 0.00000 0.00000 0.00000 0.00000 0.00000 0.00000 0.00000 0.00000 0.00000
0.00000 0.00000 0.00000 0.00000 0.00000 0.00000 0.00000 0.00000 0.00000 0.00000 0.00000 0.00000 0.00000 0.00000 0.00000 0.00000 0.00000 0.00000 0.00000 0.00000 0.00000 0.00001 0.00007 0.00019 0.00037 0.00060 0.00090 0.00124 0.00161 0.00202 0.00244 0.00288 0.00332 0.00377 0.00420 0.00462 0.00499 0.00532 0.00557 0.00573 0.00576 0.00563 0.00537 0.00501 0.00465 0.00435 0.00405 0.00363 0.00295 0.00193 0.00079 0.00013 0.00001 0.00000 0.00000 0.00000 0.00000 0.00000 0.00000 0.00000 0.00000 0.00000 0.00000 0.00000
0.00000 0.00000 0.00000 0.00000 0.00000 0.00000 0.00000 0.00000 0.00000 0.00000 0.00000 0.00000 0.00000 0.00000 0.00000 0.00000 0.00000 0.00000 0.00000 0.00002 0.00012 0.00030 0.00056 0.00093 0.00141 0.00201 0.00272 0.00352 0.00441 0.00538 0.00640 0.00748 0.00860 0.00974 0.01090 0.01206 0.01320 0.01429 0.01529 0.01616 0.01686 0.01735 0.01761 0.01767 0.01761 0.01744 0.01712 0.01649 0.01538 0.01371 0.01181 0.01024 0.00908 0.00795 0.00643 0.00411 0.00151 0.00019 0.00000 0.00000 0.00000 0.00000 0.00000 0.00000
0.00000 0.00000 0.00000 0.00000 0.00000 0.00000 0.00000 0.00000 0.00000 0.00000 0.00000 0.00000 0.00000 0.00000 0.00000 0.00000 0.00000 0.00000 0.00008 0.00027 0.00059 0.00107 0.00170 0.00251 0.00352 0.00472 0.00614 0.00775 0.00955 0.01153 0.01367 0.01597 0.01841 0.02098 0.02366 0.02642 0.02923 0.03205 0.03483 0.03749 0.03997 0.04218 0.04408 0.04565 0.04691 0.04785 0.04840 0.04840 0.04765 0.04606 0.04388 0.04157 0.03928 0.03676 0.03345 0.02894 0.02393 0.01985 0.01671 0.01360 0.00953 0.00449 0.00092 0.00005
0.00000 0.00000 0.00000 0.00000 0.00000 0.00000 0.00000 0.00000 0.00000 0.00000 0.00000 0.00000 0.00000 0.00000 0.00000 0.00000 0.00002 0.00016 0.00044 0.00091 0.00160 0.00255 0.00377 0.00528 0.00711 0.00929 0.01184 0.01479 0.01815 0.02191 0.02608 0.03063 0.03556 0.04085 0.04645 0.05234 0.05845 0.06473 0.07108 0.07740 0.08357 0.08947 0.09498 0.10002 0.10453 0.10845 0.11168 0.11405 0.11532 0.11537 0.11432 0.11250 0.11011 0.10696 0.10257 0.09653 0.08932 0.08200 0.07485 0.06718 0.05796 0.04746 0.03799 0.03058
0.00000 0.00000 0.00000 0.00000 0.00000 0.00000 0.00000 0.00000 0.00000 0.00000 0.00000 0.00000 0.00000 0.00000 0.00000 0.00004 0.00022 0.00060 0.00121 0.00212 0.00337 0.00501 0.00708 0.00963 0.01273 0.01644 0.02083 0.02598 0.03193 0.03870 0.04632 0.05476 0.06398 0.07395 0.08459 0.09584 0.10758 0.11972 0.13211 0.14459 0.15697 0.16907 0.18070 0.19169 0.20192 0.21125 0.21953 0.22658 0.23214 0.23605 0.23833 0.23917 0.23874 0.23694 0.23339 0.22771 0.22010 0.21123 0.20146 0.19033 0.17705 0.16175 0.14593 0.13048
0.00000 0.00000 0.00000 0.00000 0.00000 0.00000 0.00000 0.00000 0.00000 0.00000 0.00000 0.00000 0.00000 0.00000 0.00006 0.00027 0.00072 0.00146 0.00256 0.00410 0.00614 0.00877 0.01208 0.01618 0.02120 0.02728 0.03456 0.04316 0.05319 0.06469 0.07768 0.09211 0.10789 0.12492 0.14304 0.16212 0.18197 0.20241 0.22322 0.24418 0.26502 0.28549 0.30532 0.32429 0.34218 0.35882 0.37402 0.38758 0.39926 0.40886 0.41633 0.42177 0.42530 0.42688 0.42625 0.42310 0.41745 0.40967 0.40004 0.38834 0.37401 0.35704 0.33823 0.31817
0.00000 0.00000 0.00000 0.00000 0.00000 0.00000 0.00000 0.00000 0.00000 0.00000 0.00000 0.00000 0.00000 0.00006 0.00028 0.00077 0.00160 0.00286 0.00463 0.00704 0.01019 0.01423 0.01936 0.02576 0.03366 0.04329 0.05485 0.06853 0.08444 0.10264 0.12308 0.14564 0.17013 0.19631 0.22393 0.25271 0.28237 0.31265 0.34323 0.37383 0.40414 0.43383 0.46262 0.49022 0.51638 0.54089 0.56355 0.58415 0.60248 0.61836 0.63169 0.64250 0.65088 0.65681 0.66014 0.66064 0.65828 0.65322 0.64567 0.63553 0.62250 0.60648 0.58787 0.56705
0.00000 0.00000 0.00000 0.00000 0.00000 0.00000 0.00000 0.00000 0.00000 0.00000 0.00000 0.00000 0.00005 0.00026 0.00075 0.00162 0.00297 0.00492 0.00760 0.01119 0.01589 0.02197 0.02970 0.03942 0.05142 0.06602 0.08347 0.10395 0.12754 0.15420 0.18377 0.21600 0.25051 0.28695 0.32489 0.36395 0.40375 0.44394 0.48416 0.52409 0.56338 0.60172 0.63879 0.67431 0.70801 0.73969 0.76915 0.79619 0.82062 0.84228 0.86107 0.87697 0.89002 0.90024 0.90754 0.91178 0.91289 0.91095 0.90609 0.89827 0.88734 0.87324 0.85614 0.83624
0.00000 0.00000 0.00000 0.00000 0.00000 0.00000 0.00000 0.00000 0.00000 0.00000 0.00000 0.00003 0.00022 0.00068 0.00153 0.00289 0.00491 0.00776 0.01164 0.01684 0.02370 0.03258 0.04392 0.05813 0.07558 0.09661 0.12142 0.15012 0.18266 0.21884 0.25831 0.30063 0.34529 0.39176 0.43951 0.48808 0.53702 0.58594 0.63450 0.68234 0.72916 0.77465 0.81853 0.86052 0.90038 0.93791 0.97293 1.00525 1.03472 1.06119 1.08457 1.10483 1.12196 1.13598 1.14684 1.15445 1.15877 1.15982 1.15766 1.15230 1.14367 1.13171 1.11651 1.09817
0.00000 0.00000 0.00000 0.00000 0.00000 0.00000 0.00000 0.00000 0.00000 0.00000 0.00001 0.00016 0.00057 0.00136 0.00266 0.00464 0.00751 0.01151 0.01698 0.02433 0.03404 0.04663 0.06262 0.08247 0.10656 0.13513 0.16828 0.20593 0.24781 0.29353 0.34255 0.39427 0.44805 0.50325 0.55931 0.61571 0.67203 0.72787 0.78290 0.83682 0.88936 0.94023 0.98920 1.03602 1.08050 1.12243 1.16166 1.19803 1.23141 1.26167 1.28870 1.31248 1.33299 1.35021 1.36414 1.37473 1.38191 1.38572 1.38616 1.38326 1.37697 1.36727 1.35418 1.33776
0.00000 0.00000 0.00000 0.00000 0.00000 0.00000 0.00000 0.00000 0.00000 0.00000 0.00011 0.00044 0.00113 0.00232 0.00418 0.00694 0.01086 0.01634 0.02384 0.03394 0.04725 0.06439 0.08592 0.11228 0.14374 0.18036 0.22204 0.26845 0.31912 0.37345 0.43077 0.49035 0.55149 0.61355 0.67595 0.73820 0.79988 0.86066 0.92024 0.97837 1.03481 1.08934 1.14175 1.19185 1.23946 1.28441 1.32656 1.36578 1.40195 1.43496 1.46474 1.49122 1.51438 1.53422 1.55071 1.56382 1.57353 1.57982 1.58271 1.58219 1.57827 1.57089 1.56008 1.54583
0.00000 0.00000 0.00000 0.00000 0.00000 0.00000 0.00000 0.00000 0.00000 0.00005 0.00030 0.00088 0.00191 0.00359 0.00613 0.00982 0.01505 0.02237 0.03238 0.04581 0.06337 0.08571 0.11335 0.14659 0.18551 0.22994 0.27953 0.33373 0.39187 0.45324 0.51706 0.58257 0.64908 0.71596 0.78266 0.84874 0.91384 0.97767 1.03997 1.10056 1.15922 1.21580 1.27013 1.32203 1.37137 1.41801 1.46184 1.50275 1.54062 1.57538 1.60696 1.63529 1.66036 1.68214 1.70062 1.71577 1.72757 1.73601 1.74109 1.74279 1.74110 1.73599 1.72745 1.71550
0.00000 0.00000 0.00000 0.00000 0.00000 0.00000 0.00000 0.00000 0.00001 0.00018 0.00062 0.00148 0.00292 0.00517 0.00850 0.01331 0.02014 0.02965 0.04262 0.05985 0.08210 0.10995 0.14379 0.18373 0.22957 0.28093 0.33721 0.39768 0.46158 0.52811 0.59647 0.66593 0.73580 0.80552 0.87460 0.94265 1.00935 1.07447 1.13782 1.19922 1.25854 1.31564 1.37040 1.42270 1.47243 1.51947 1.56374 1.60514 1.64360 1.67905 1.71142 1.74069 1.76679 1.78973 1.80948 1.82603 1.83935 1.84944 1.85630 1.85992 1.86032 1.85747 1.85138 1.84202
0.00000 0.00000 0.00000 0.00000 0.00000 0.00000 0.00000 0.00000 0.00009 0.00040 0.00106 0.00225 0.00415 0.00704 0.01130 0.01742 0.02610 0.03813 0.05438 0.07569 0.10277 0.13607 0.17575 0.22169 0.27344 0.33040 0.39179 0.45681 0.52461 0.59438 0.66535 0.73684 0.80821 0.87895 0.94864 1.01693 1.08356 1.14834 1.21113 1.27180 1.33026 1.38642 1.44019 1.49148 1.54022 1.58632 1.62974 1.67038 1.70819 1.74315 1.77518 1.80427 1.83042 1.85361 1.87386 1.89117 1.90553 1.91695 1.92540 1.93090 1.93342 1.93293 1.92942 1.92286
0.00000 0.00000 0.00000 0.00000 0.00000 0.00000 0.00000 0.00003 0.00022 0.00070 0.00162 0.00316 0.00557 0.00918 0.01447 0.02209 0.03283 0.04759 0.06728 0.09270 0.12443 0.16273 0.20752 0.25840 0.31475 0.37576 0.44059 0.50836 0.57822 0.64940 0.72118 0.79291 0.86405 0.93413 1.00277 1.06969 1.13467 1.19757 1.25827 1.31672 1.37283 1.42657 1.47788 1.52671 1.57300 1.61674 1.65788 1.69642 1.73235 1.76566 1.79635 1.82442 1.84985 1.87268 1.89289 1.91049 1.92548 1.93785 1.94759 1.95470 1.95914 1.96091 1.95996 1.95625
0.00000 0.00000 0.00000 0.00000 0.00000 0.00000 0.00000 0.00010 0.00041 0.00107 0.00226 0.00417 0.00712 0.01151 0.01794 0.02717 0.04008 0.05763 0.08071 0.11002 0.14594 0.18849 0.23735 0.29192 0.35139 0.41486 0.48142 0.55020 0.62038 0.69123 0.76210 0.83241 0.90168 0.96948 1.03551 1.09951 1.16132 1.22082 1.27792 1.33259 1.38482 1.43460 1.48195 1.52691 1.56949 1.60970 1.64756 1.68308 1.71627 1.74714 1.77571 1.80198 1.82598 1.84773 1.86722 1.88450 1.89954 1.91236 1.92294 1.93127 1.93734 1.94111 1.94255 1.94159
0.00000 0.00000 0.00000 0.00000 0.00000 0.00000 0.00003 0.00021 0.00064 0.00149 0.00294 0.00524 0.00874 0.01395 0.02156 0.03242 0.04749 0.06772 0.09393 0.12663 0.16600 0.21182 0.26355 0.32040 0.38145 0.44575 0.51236 0.58045 0.64923 0.71806 0.78634 0.85358 0.91933 0.98326 1.04506 1.10454 1.16158 1.21612 1.26818 1.31778 1.36497 1.40981 1.45234 1.49261 1.53067 1.56657 1.60035 1.63204 1.66169 1.68933 1.71500 1.73874 1.76058 1.78054 1.79866 1.81496 1.82944 1.84213 1.85302 1.86210 1.86934 1.87473 1.87821 1.87974
0.00000 0.00000 0.00000 0.00000 0.00000 0.00000 0.00008 0.00033 0.00089 0.00193 0.00363 0.00629 0.01034 0.01635 0.02511 0.03752 0.05458 0.07718 0.10599 0.14135 0.18320 0.23109 0.28430 0.34191 0.40292 0.46635 0.53128 0.59690 0.66251 0.72749 0.79136 0.85370 0.91419 0.97259 1.02873 1.08248 1.13377 1.18257 1.22889 1.27279 1.31432 1.35358 1.39064 1.42558 1.45849 1.48944 1.51851 1.54575 1.57125 1.59505 1.61722 1.63780 1.65685 1.67442 1.69053 1.70524 1.71858 1.73055 1.74116 1.75042 1.75831 1.76481 1.76986 1.77344
0.00000 0.00000 0.00000 0.00000 0.00000 0.00001 0.00013 0.00047 0.00114 0.00233 0.00426 0.00726 0.01180 0.01854 0.02831 0.04207 0.06076 0.08519 0.11585 0.15288 0.19597 0.24451 0.29759 0.35421 0.41330 0.47388 0.53507 0.59616 0.65661 0.71597 0.77390 0.83012 0.88437 0.93647 0.98628 1.03369 1.07866 1.12119 1.16130 1.19905 1.23452 1.26783 1.29906 1.32833 1.35575 1.38142 1.40543 1.42788 1.44885 1.46842 1.48668 1.50368 1.51950 1.53421 1.54785 1.56047 1.57211 1.58282 1.59260 1.60146 1.60941 1.61642 1.62248 1.62752
0.00000 0.00000 0.00000 0.00000 0.00000 0.00003 0.00019 0.00059 0.00136 0.00267 0.00478 0.00804 0.01298 0.02029 0.03085 0.04558 0.06535 0.09083 0.12231 0.15968 0.20245 0.24977 0.30065 0.35406 0.40904 0.46477 0.52052 0.57572 0.62990 0.68272 0.73391 0.78325 0.83059 0.87579 0.91875 0.95941 0.99772 1.03371 1.06740 1.09887 1.12819 1.15548 1.18085 1.20443 1.22633 1.24669 1.26561 1.28320 1.29957 1.31481 1.32902 1.34228 1.35468 1.36628 1.37714 1.38734 1.39693 1.40594 1.41440 1.42236 1.42980 1.43674 1.44314 1.44899
0.00000 0.00000 0.00000 0.00000 0.00000 0.00006 0.00025 0.00070 0.00153 0.00292 0.00514 0.00857 0.01375 0.02141 0.03239 0.04753 0.06758 0.09298 0.12379 0.15969 0.20007 0.24409 0.29084 0.33937 0.38883 0.43846 0.48767 0.53598 0.58303 0.62856 0.67238 0.71434 0.75435 0.79233 0.82821 0.86195 0.89354 0.92299 0.95033 0.97563 0.99897 1.02046 1.04022 1.05837 1.07504 1.09036 1.10446 1.11745 1.12944 1.14055 1.15087 1.16051 1.16954 1.17804 1.18610 1.19377 1.20112 1.20820 1.21505 1.22170 1.22818 1.23450 1.24066 1.24663
0.00000 0.00000 0.00000 0.00000 0.00001 0.00008 0.00031 0.00079 0.00165 0.00308 0.00532 0.00878 0.01397 0.02159 0.03238 0.04707 0.06621 0.09008 0.11861 0.15140 0.18780 0.22701 0.26817 0.31047 0.35317 0.39565 0.43742 0.47810 0.51744 0.55523 0.59135 0.62571 0.65827 0.68897 0.71778 0.74469 0.76969 0.79281 0.81407 0.83354 0.85129 0.86742 0.88205 0.89528 0.90724 0.91806 0.92786 0.93676 0.94489 0.95233 0.95920 0.96559 0.97159 0.97728 0.98273 0.98801 0.99319 0.99832 1.00344 1.00860 1.01383 1.01916 1.02458 1.03011
