tests/data/gray99/saval2D/outputs/resuqu5.asc
north:     17.44
south:      0.00
east:      60.51
west:       0.00
rows:   68
cols:  236
[rows 29 to 57 of 68, columns 0 to 64 of 236]
0.00000 0.00000 0.00000 0.00000 0.00015 0.00077 0.00223 0.00501 0.00975 0.01741 0.02942 0.04786 0.07557 0.11605 0.17313 0.25050 0.35111 0.47665 0.62734 0.80197 0.99823 1.21309 1.44324 1.68533 1.93626 2.19322 2.45379 2.71594 2.97807 3.23890 3.49757 3.75349 4.00638 4.25616 4.50297 4.74704 4.98873 5.22838 5.46638 5.70304 5.93866 6.17342 6.40745 6.64082 6.87349 7.10538 7.33636 7.56628 7.79494 8.02216 8.24772 8.47142 8.69309 8.91255 9.12963 9.34425 9.55630 9.76570 9.97239 10.17636 10.37759 10.57611 10.77192 10.96509 11.15570
0.00000 0.00000 0.00000 0.00000 0.00024 0.00103 0.00276 0.00594 0.01126 0.01976 0.03297 0.05315 0.08332 0.12719 0.18879 0.27193 0.37953 0.51316 0.67278 0.85685 1.06270 1.28697 1.52607 1.77649 2.03498 2.29869 2.56518 2.83244 3.09888 3.36330 3.62483 3.88294 4.13738 4.38815 4.63542 4.87950 5.12078 5.35972 5.59673 5.83220 6.06647 6.29976 6.53223 6.76395 6.99493 7.22510 7.45435 7.68253 7.90945 8.13491 8.35872 8.58068 8.80060 9.01833 9.23373 9.44668 9.65707 9.86487 10.07000 10.27246 10.47223 10.66935 10.86390 11.05595 11.24559
0.00000 0.00000 0.00000 0.00001 0.00034 0.00128 0.00324 0.00675 0.01254 0.02169 0.03584 0.05734 0.08936 0.13575 0.20067 0.28800 0.40064 0.54006 0.70601 0.89670 1.10919 1.33990 1.58505 1.84101 2.10446 2.37252 2.64276 2.91320 3.18228 3.44882 3.71199 3.97129 4.22649 4.47761 4.72486 4.96859 5.20924 5.44731 5.68328 5.91757 6.15055 6.38247 6.61354 6.84385 7.07339 7.30215 7.53000 7.75681 7.98237 8.20652 8.42903 8.64970 8.86835 9.08483 9.29898 9.51070 9.71989 9.92648 10.13042 10.33168 10.53028 10.72625 10.91966 11.11061 11.29923
0.00000 0.00000 0.00000 0.00003 0.00042 0.00148 0.00360 0.00734 0.01345 0.02305 0.03783 0.06023 0.09349 0.14152 0.20852 0.29836 0.41391 0.55652 0.72585 0.91996 1.13579 1.36967 1.61772 1.87627 2.14198 2.41197 2.68382 2.95557 3.22566 3.49290 3.75650 4.01594 4.27104 4.52182 4.76853 5.01156 5.25138 5.48848 5.72335 5.95646 6.18818 6.41884 6.64863 6.87771 7.10611 7.33379 7.56061 7.78642 8.01104 8.23426 8.45588 8.67572 8.89361 9.10939 9.32290 9.53399 9.74254 9.94847 10.15172 10.35229 10.55020 10.74552 10.93833 11.12869 11.31670
0.00000 0.00000 0.00000 0.00005 0.00047 0.00158 0.00378 0.00763 0.01389 0.02371 0.03881 0.06167 0.09553 0.14429 0.21206 0.30260 0.41868 0.56156 0.73085 0.92463 1.13991 1.37306 1.62030 1.87797 2.14277 2.41184 2.68275 2.95353 3.22263 3.48888 3.75145 4.00986 4.26390 4.51361 4.75923 5.00116 5.23986 5.47585 5.70963 5.94166 6.17236 6.40205 6.63094 6.85919 7.08684 7.31385 7.54011 7.76545 7.98968 8.21260 8.43401 8.65370 8.87149 9.08722 9.30070 9.51179 9.72037 9.92634 10.12966 10.33028 10.52823 10.72357 10.91636 11.10666 11.29459
0.00000 0.00000 0.00000 0.00005 0.00046 0.00156 0.00374 0.00755 0.01378 0.02357 0.03865 0.06146 0.09522 0.14370 0.21088 0.30037 0.41476 0.55526 0.72150 0.91171 1.12307 1.35218 1.59542 1.84926 2.11049 2.37626 2.64413 2.91213 3.17868 3.44259 3.70305 3.95954 4.21184 4.45996 4.70413 4.94471 5.18217 5.41702 5.64978 5.88092 6.11085 6.33988 6.56824 6.79604 7.02333 7.25008 7.47618 7.70150 7.92584 8.14899 8.37071 8.59079 8.80902 9.02520 9.23917 9.45079 9.65994 9.86653 10.07048 10.27175 10.47033 10.66622 10.85950 11.05025 11.23857
0.00000 0.00000 0.00000 0.00003 0.00040 0.00142 0.00348 0.00713 0.01315 0.02264 0.03731 0.05952 0.09238 0.13953 0.20475 0.29146 0.40215 0.53798 0.69864 0.88255 1.08715 1.30932 1.54570 1.79298 2.04805 2.30816 2.57091 2.83429 3.09671 3.35696 3.61415 3.86775 4.11751 4.36343 4.60569 4.84463 5.08070 5.31439 5.54619 5.77656 6.00590 6.23450 6.46259 6.69028 6.91760 7.14452 7.37091 7.59663 7.82148 8.04522 8.26763 8.48848 8.70754 8.92461 9.13951 9.35208 9.56219 9.76974 9.97465 10.17687 10.37637 10.57317 10.76729 10.95880 11.14778
0.00000 0.00000 0.00000 0.00001 0.00032 0.00120 0.00307 0.00645 0.01207 0.02101 0.03485 0.05586 0.08697 0.13165 0.19350 0.27580 0.38092 0.51003 0.66294 0.83826 1.03373 1.24651 1.47353 1.71175 1.95825 2.21041 2.46589 2.72272 2.97930 3.23437 3.48704 3.73671 3.98308 4.22612 4.46596 4.70292 4.93739 5.16981 5.40067 5.63038 5.85931 6.08774 6.31585 6.54377 6.77147 6.99890 7.22595 7.45242 7.67810 7.90277 8.12617 8.34807 8.56822 8.78639 9.00242 9.21611 9.42734 9.63598 9.84195 10.04519 10.24565 10.44330 10.63820 10.83033 11.01973
0.00000 0.00000 0.00000 0.00000 0.00023 0.00096 0.00259 0.00561 0.01070 0.01883 0.03146 0.05067 0.07920 0.12031 0.17744 0.25373 0.35154 0.47209 0.61536 0.78017 0.96454 1.16590 1.38151 1.60856 1.84438 2.08650 2.33271 2.58112 2.83015 3.07852 3.32532 3.56992 3.81195 4.05133 4.28816 4.52267 4.75522 4.98621 5.21605 5.44512 5.67373 5.90212 6.13046 6.35878 6.58708 6.81525 7.04313 7.27054 7.49724 7.72295 7.94743 8.17040 8.39165 8.61091 8.82797 9.04268 9.25483 9.46435 9.67110 9.87501 10.07602 10.27407 10.46915 10.66122 10.85028
0.00000 0.00000 0.00000 0.00000 0.00015 0.00073 0.00211 0.00471 0.00916 0.01630 0.02742 0.04435 0.06957 0.10610 0.15725 0.22611 0.31507 0.42541 0.55734 0.70997 0.88157 1.06990 1.27244 1.48666 1.71010 1.94048 2.17576 2.41413 2.65405 2.89430 3.13394 3.37230 3.60900 3.84387 4.07697 4.30846 4.53865 4.76786 4.99644 5.22468 5.45285 5.68113 5.90961 6.13829 6.36712 6.59596 6.82459 7.05278 7.28030 7.50683 7.73213 7.95590 8.17785 8.39777 8.61541 8.83056 9.04308 9.25280 9.45959 9.66335 9.86398 10.06140 10.25554 10.44631 10.63364
0.00000 0.00000 0.00000 0.00000 0.00008 0.00053 0.00164 0.00381 0.00756 0.01358 0.02294 0.03719 0.05847 0.08947 0.13321 0.19275 0.27075 0.36905 0.48826 0.62779 0.78610 0.96089 1.14950 1.34971 1.55954 1.77695 2.00004 2.22710 2.45670 2.68764 2.91897 3.15005 3.38043 3.60992 3.83849 4.06627 4.29347 4.52034 4.74712 4.97409 5.20137 5.42909 5.65727 5.88587 6.11474 6.34370 6.57254 6.80095 7.02864 7.25533 7.48070 7.70445 7.92629 8.14596 8.36322 8.57784 8.78961 8.99835 9.20394 9.40621 9.60503 9.80028 9.99180 10.17949 10.36316
0.00000 0.00000 0.00000 0.00000 0.00003 0.00035 0.00123 0.00300 0.00611 0.01116 0.01902 0.03096 0.04876 0.07470 0.11143 0.16169 0.22797 0.31214 0.41526 0.53745 0.67809 0.83595 1.00943 1.19615 1.39344 1.59893 1.81041 2.02591 2.24439 2.46513 2.68726 2.91014 3.13331 3.35653 3.57973 3.80295 4.02634 4.25006 4.47427 4.69911 4.92466 5.15095 5.37794 5.60548 5.83340 6.06148 6.28942 6.51694 6.74367 6.96930 7.19350 7.41592 7.63630 7.85433 8.06976 8.28230 8.49176 8.69792 8.90058 9.09954 9.29466 9.48575 9.67259 9.85498 10.03275
0.00000 0.00000 0.00000 0.00000 0.00001 0.00023 0.00089 0.00229 0.00482 0.00896 0.01542 0.02524 0.03987 0.06123 0.09161 0.13348 0.18920 0.26065 0.34905 0.45484 0.57767 0.71661 0.87037 1.03737 1.21601 1.40469 1.60188 1.80615 2.01552 2.22818 2.44287 2.65859 2.87464 3.09089 3.30782 3.52552 3.74409 3.96358 4.18407 4.40560 4.62817 4.85174 5.07614 5.30120 5.52673 5.75239 5.97788 6.20284 6.42697 6.64987 6.87115 7.09052 7.30764 7.52217 7.73387 7.94243 8.14763 8.34917 8.54681 8.74036 8.92958 9.11421 9.29404 9.46882 9.63824
0.00000 0.00000 0.00000 0.00000 0.00000 0.00013 0.00059 0.00165 0.00363 0.00695 0.01215 0.02007 0.03188 0.04916 0.07385 0.10816 0.15427 0.21409 0.28902 0.37977 0.48637 0.60824 0.74436 0.89346 1.05409 1.22478 1.40413 1.59081 1.78364 1.98159 2.18384 2.38973 2.59877 2.81023 3.02310 3.23692 3.45143 3.66646 3.88203 4.09878 4.31680 4.53595 4.75606 4.97687 5.19810 5.41944 5.64051 5.86100 6.08047 6.29856 6.51491 6.72913 6.94087 7.14981 7.35561 7.55800 7.75667 7.95134 8.14172 8.32757 8.50856 8.68444 8.85488 9.01964 9.17837
0.00000 0.00000 0.00000 0.00000 0.00000 0.00005 0.00035 0.00111 0.00260 0.00517 0.00927 0.01554 0.02490 0.03861 0.05832 0.08592 0.12341 0.17268 0.23525 0.31211 0.40362 0.50960 0.62936 0.76189 0.90597 1.06029 1.22355 1.39450 1.57199 1.75503 1.94279 2.13461 2.33000 2.52860 2.73018 2.93460 3.14174 3.35149 3.56352 3.77691 3.99113 4.20586 4.42069 4.63544 4.85038 5.06528 5.27984 5.49363 5.70626 5.91734 6.12649 6.33333 6.53744 6.73854 6.93621 7.13015 7.32002 7.50553 7.68635 7.86217 8.03266 8.19754 8.35643 8.50897 8.65488
0.00000 0.00000 0.00000 0.00000 0.00000 0.00001 0.00017 0.00067 0.00174 0.00367 0.00681 0.01167 0.01894 0.02963 0.04505 0.06680 0.09668 0.13648 0.18778 0.25180 0.32922 0.42020 0.52443 0.64117 0.76946 0.90815 1.05606 1.21200 1.37488 1.54373 1.71771 1.89614 2.07849 2.26438 2.45351 2.64565 2.84066 3.03839 3.23868 3.44131 3.64613 3.85284 4.06116 4.27057 4.47998 4.68877 4.89642 5.10239 5.30632 5.50824 5.70798 5.90522 6.09954 6.29054 6.47788 6.66118 6.84012 7.01428 7.18339 7.34708 7.50497 7.65676 7.80207 7.94057 8.07186
0.00000 0.00000 0.00000 0.00000 0.00000 0.00000 0.00006 0.00035 0.00107 0.00245 0.00479 0.00846 0.01400 0.02217 0.03398 0.05076 0.07405 0.10548 0.14662 0.19883 0.26306 0.33979 0.42906 0.53047 0.64328 0.76657 0.89927 1.04030 1.18861 1.34324 1.50335 1.66825 1.83738 2.01028 2.18663 2.36616 2.54864 2.73386 2.92161 3.11166 3.30376 3.49761 3.69290 3.88924 4.08629 4.28362 4.48083 4.67748 4.87307 5.06663 5.25742 5.44493 5.62872 5.80830 5.98344 6.15412 6.32011 6.48105 6.63658 6.78627 6.92980 7.06677 7.19686 7.31964 7.43480
0.00000 0.00000 0.00000 0.00000 0.00000 0.00000 0.00001 0.00014 0.00058 0.00152 0.00319 0.00589 0.01002 0.01612 0.02499 0.03764 0.05536 0.07956 0.11172 0.15323 0.20521 0.26842 0.34322 0.42954 0.52694 0.63471 0.75198 0.87776 1.01108 1.15100 1.29670 1.44746 1.60270 1.76193 1.92477 2.09090 2.26003 2.43191 2.60630 2.78291 2.96145 3.14159 3.32299 3.50527 3.68799 3.87079 4.05320 4.23479 4.41515 4.59384 4.77043 4.94450 5.11560 5.28335 5.44719 5.60621 5.75985 5.90771 6.04928 6.18411 6.31194 6.43276 6.54631 6.65223 6.75013
0.00000 0.00000 0.00000 0.00000 0.00000 0.00000 0.00000 0.00004 0.00026 0.00084 0.00198 0.00389 0.00689 0.01136 0.01788 0.02721 0.04035 0.05848 0.08292 0.11496 0.15579 0.20636 0.26728 0.33880 0.42079 0.51281 0.61421 0.72416 0.84180 0.96625 1.09669 1.23243 1.37284 1.51742 1.66575 1.81747 1.97226 2.12981 2.28981 2.45199 2.61597 2.78143 2.94799 3.11523 3.28273 3.45009 3.61683 3.78254 3.94674 4.10904 4.26901 4.42616 4.58013 4.73051 4.87683 5.01875 5.15582 5.28765 5.41388 5.53408 5.64778 5.75410 5.85245 5.94243 6.02358
0.00000 0.00000 0.00000 0.00000 0.00000 0.00000 0.00000 0.00000 0.00008 0.00040 0.00111 0.00241 0.00451 0.00771 0.01239 0.01913 0.02864 0.04187 0.05987 0.08381 0.11481 0.15389 0.20182 0.25912 0.32593 0.40213 0.48729 0.58083 0.68201 0.79008 0.90428 1.02394 1.14843 1.27724 1.40992 1.54607 1.68535 1.82743 1.97196 2.11859 2.26698 2.41672 2.56741 2.71862 2.86992 3.02087 3.17100 3.31988 3.46709 3.61217 3.75466 3.89416 4.03023 4.16248 4.29047 4.41382 4.53213 4.64498 4.75197 4.85274 4.94688 5.03406 5.11386 5.18601 5.25008
0.00000 -0.00000 0.00000 0.00000 0.00000 0.00000 0.00000 0.00000 0.00000 0.00014 0.00054 0.00136 0.00277 0.00499 0.00828 0.01304 0.01977 0.02917 0.04204 0.05933 0.08202 0.11108 0.14733 0.19143 0.24377 0.30448 0.37342 0.45023 0.53440 0.62531 0.72234 0.82486 0.93230 1.04416 1.15997 1.27936 1.40193 1.52731 1.65516 1.78509 1.91672 2.04963 2.18337 2.31752 2.45159 2.58513 2.71769 2.84882 2.97807 3.10503 3.22922 3.35027 3.46771 3.58114 3.69019 3.79439 3.89339 3.98679 4.07422 4.15529 4.22962 4.29683 4.35659 4.40856 4.45238
0.00000 -0.00000 0.00000 0.00000 0.00000 0.00000 0.00000 0.00000 0.00000 0.00002 0.00020 0.00067 0.00156 0.00303 0.00529 0.00857 0.01324 0.01975 0.02870 0.04078 0.05679 0.07753 0.10379 0.13625 0.17544 0.22165 0.27501 0.33538 0.40248 0.47590 0.55516 0.63975 0.72921 0.82305 0.92089 1.02231 1.12696 1.23445 1.34442 1.45645 1.57015 1.68505 1.80071 1.91667 2.03243 2.14753 2.26151 2.37392 2.48435 2.59231 2.69742 2.79920 2.89728 2.99126 3.08076 3.16537 3.24468 3.31834 3.38596 3.44717 3.50162 3.54896 3.58888 3.62103 3.64511
0.00000 -0.00000 -0.00000 0.00000 0.00000 0.00000 0.00000 0.00000 0.00000 0.00000 0.00004 0.00026 0.00077 0.00169 0.00317 0.00538 0.00855 0.01297 0.01903 0.02723 0.03812 0.05235 0.07055 0.09334 0.12124 0.15467 0.19386 0.23889 0.28967 0.34601 0.40759 0.47408 0.54512 0.62034 0.69941 0.78199 0.86772 0.95627 1.04725 1.14027 1.23490 1.33070 1.42719 1.52388 1.62029 1.71594 1.81039 1.90319 1.99393 2.08217 2.16745 2.24937 2.32756 2.40163 2.47120 2.53588 2.59531 2.64911 2.69695 2.73848 2.77332 2.80115 2.82171 2.83466 2.83971
0.00000 -0.00000 -0.00000 0.00000 0.00000 0.00000 0.00000 0.00000 0.00000 0.00000 0.00000 0.00007 0.00031 0.00083 0.00175 0.00318 0.00527 0.00820 0.01222 0.01764 0.02483 0.03423 0.04631 0.06156 0.08044 0.10331 0.13048 0.16212 0.19829 0.23893 0.28392 0.33306 0.38615 0.44295 0.50323 0.56671 0.63313 0.70219 0.77354 0.84682 0.92161 0.99747 1.07396 1.15058 1.22688 1.30236 1.37663 1.44924 1.51979 1.58785 1.65297 1.71477 1.77290 1.82701 1.87675 1.92170 1.96149 1.99585 2.02444 2.04690 2.06285 2.07207 2.07434 2.06931 2.05664
0.00000 -0.00000 -0.00000 -0.00000 0.00000 0.00000 0.00000 0.00000 0.00000 0.00000 0.00000 0.00000 0.00008 0.00033 0.00085 0.00172 0.00304 0.00494 0.00754 0.01104 0.01566 0.02168 0.02940 0.03916 0.05129 0.06609 0.08381 0.10464 0.12869 0.15599 0.18654 0.22027 0.25708 0.29687 0.33949 0.38480 0.43259 0.48264 0.53468 0.58838 0.64342 0.69937 0.75583 0.81235 0.86849 0.92383 0.97798 1.03057 1.08120 1.12944 1.17486 1.21710 1.25587 1.29088 1.32173 1.34802 1.36943 1.38573 1.39667 1.40182 1.40082 1.39353 1.37986 1.35943 1.33183
0.00000 0.00000 -0.00000 -0.00000 0.00000 0.00000 0.00000 0.00000 0.00000 0.00000 0.00000 0.00000 0.00000 0.00009 0.00033 0.00082 0.00160 0.00277 0.00441 0.00662 0.00952 0.01327 0.01804 0.02405 0.03148 0.04055 0.05142 0.06423 0.07909 0.09606 0.11517 0.13641 0.15979 0.18526 0.21277 0.24226 0.27359 0.30663 0.34119 0.37702 0.41384 0.45135 0.48919 0.52699 0.56437 0.60098 0.63651 0.67063 0.70298 0.73315 0.76072 0.78542 0.80702 0.82529 0.83983 0.85021 0.85621 0.85775 0.85462 0.84636 0.83263 0.81360 0.78939 0.75957 0.72372
0.00000 -0.00000 -0.00000 -0.00000 -0.00000 0.00000 0.00000 0.00000 0.00000 0.00000 0.00000 0.00000 0.00000 0.00000 0.00009 0.00031 0.00073 0.00141 0.00239 0.00373 0.00550 0.00778 0.01065 0.01422 0.01860 0.02388 0.03016 0.03754 0.04605 0.05577 0.06671 0.07891 0.09238 0.10712 0.12313 0.14037 0.15880 0.17831 0.19880 0.22010 0.24201 0.26431 0.28673 0.30899 0.33080 0.35190 0.37207 0.39106 0.40856 0.42418 0.43758 0.44857 0.45708 0.46292 0.46568 0.46496 0.46074 0.45320 0.44221 0.42725 0.40817 0.38564 0.36016 0.33131 0.29870
0.00000 -0.00000 0.00000 -0.00000 -0.00000 0.00000 0.00000 0.00000 0.00000 0.00000 0.00000 0.00000 0.00000 0.00000 0.00000 0.00007 0.00026 0.00060 0.00114 0.00191 0.00295 0.00429 0.00597 0.00802 0.01050 0.01344 0.01688 0.02086 0.02540 0.03053 0.03628 0.04265 0.04967 0.05736 0.06571 0.07472 0.08435 0.09456 0.10527 0.11638 0.12776 0.13928 0.15074 0.16193 0.17267 0.18281 0.19222 0.20075 0.20812 0.21399 0.21812 0.22051 0.22123 0.22014 0.21685 0.21103 0.20298 0.19318 0.18157 0.16759 0.15127 0.13393 0.11644 0.09815 0.07854
0.00000 -0.00000 -0.00000 -0.00000 -0.00000 -0.00000 0.00000 0.00000 0.00000 0.00000 0.00000 0.00000 0.00000 0.00000 0.00000 0.00000 0.00005 0.00019 0.00044 0.00084 0.00141 0.00215 0.00309 0.00422 0.00557 0.00713 0.00892 0.01094 0.01321 0.01573 0.01851 0.02156 0.02490 0.02854 0.03247 0.03669 0.04118 0.04591 0.05083 0.05589 0.06100 0.06608 0.07100 0.07561 0.07983 0.08358 0.08686 0.08954 0.09143 0.09224 0.09184 0.09044 0.08823 0.08513 0.08070 0.07474 0.06786 0.06080 0.05341 0.04502 0.03572 0.02721 0.02033 0.01410 0.00767
