tests/data/gray99/saval2D/outputs/resuqv8.asc
north:     17.44
south:      0.00
east:      60.51
west:       0.00
rows:   68
cols:  236
[rows 29 to 57 of 68, columns 65 to 129 of 236]
0.11728 0.11049 0.10336 0.09594 0.08830 0.08050 0.07261 0.06468 0.05673 0.04877 0.04081 0.03285 0.02491 0.01702 0.00923 0.00156 -0.00594 -0.01326 -0.02037 -0.02727 -0.03396 -0.04043 -0.04667 -0.05269 -0.05846 -0.06398 -0.06925 -0.07427 -0.07903 -0.08354 -0.08780 -0.09182 -0.09560 -0.09914 -0.10246 -0.10554 -0.10842 -0.11108 -0.11355 -0.11583 -0.11793 -0.11988 -0.12167 -0.12333 -0.12488 -0.12632 -0.12767 -0.12894 -0.13014 -0.13128 -0.13236 -0.13339 -0.13437 -0.13529 -0.13616 -0.13711 -0.13804 -0.13901 -0.14017 -0.14168 -0.14371 -0.14643 -0.15001 -0.15460 -0.16035
0.09808 0.09356 0.08880 0.08384 0.07869 0.07340 0.06803 0.06260 0.05715 0.05171 0.04629 0.04089 0.03553 0.03021 0.02497 0.01982 0.01478 0.00988 0.00512 0.00053 -0.00390 -0.00816 -0.01225 -0.01616 -0.01989 -0.02345 -0.02682 -0.03002 -0.03303 -0.03586 -0.03851 -0.04100 -0.04332 -0.04549 -0.04750 -0.04937 -0.05110 -0.05270 -0.05417 -0.05553 -0.05679 -0.05795 -0.05904 -0.06006 -0.06102 -0.06193 -0.06281 -0.06365 -0.06447 -0.06527 -0.06605 -0.06683 -0.06759 -0.06834 -0.06908 -0.06986 -0.07052 -0.07115 -0.07185 -0.07278 -0.07405 -0.07582 -0.07820 -0.08133 -0.08533
0.07777 0.07578 0.07364 0.07138 0.06898 0.06649 0.06391 0.06128 0.05863 0.05598 0.05335 0.05074 0.04817 0.04564 0.04314 0.04070 0.03833 0.03604 0.03384 0.03175 0.02977 0.02791 0.02614 0.02447 0.02291 0.02145 0.02009 0.01885 0.01770 0.01667 0.01572 0.01486 0.01407 0.01336 0.01271 0.01212 0.01160 0.01113 0.01071 0.01032 0.00995 0.00960 0.00924 0.00889 0.00853 0.00817 0.00780 0.00741 0.00698 0.00651 0.00601 0.00547 0.00491 0.00432 0.00370 0.00307 0.00258 0.00215 0.00169 0.00112 0.00034 -0.00075 -0.00222 -0.00418 -0.00670
0.05613 0.05684 0.05747 0.05804 0.05857 0.05906 0.05950 0.05989 0.06026 0.06060 0.06093 0.06126 0.06161 0.06200 0.06242 0.06285 0.06329 0.06375 0.06423 0.06474 0.06529 0.06589 0.06657 0.06728 0.06802 0.06876 0.06951 0.07026 0.07103 0.07181 0.07262 0.07347 0.07431 0.07513 0.07591 0.07665 0.07734 0.07800 0.07862 0.07924 0.07983 0.08034 0.08077 0.08112 0.08137 0.08154 0.08163 0.08165 0.08164 0.08155 0.08137 0.08109 0.08071 0.08025 0.07971 0.07916 0.07871 0.07839 0.07809 0.07774 0.07730 0.07672 0.07597 0.07499 0.07376
0.03343 0.03698 0.04052 0.04405 0.04755 0.05102 0.05448 0.05795 0.06142 0.06490 0.06836 0.07180 0.07520 0.07855 0.08185 0.08514 0.08842 0.09170 0.09496 0.09820 0.10139 0.10453 0.10759 0.11060 0.11357 0.11651 0.11941 0.12225 0.12503 0.12772 0.13030 0.13275 0.13512 0.13741 0.13962 0.14173 0.14373 0.14561 0.14735 0.14892 0.15034 0.15163 0.15280 0.15385 0.15478 0.15557 0.15621 0.15670 0.15700 0.15717 0.15722 0.15717 0.15702 0.15676 0.15640 0.15597 0.15558 0.15519 0.15484 0.15455 0.15432 0.15415 0.15403 0.15396 0.15392
0.01047 0.01673 0.02307 0.02946 0.03591 0.04241 0.04895 0.05550 0.06205 0.06858 0.07507 0.08151 0.08788 0.09419 0.10045 0.10663 0.11274 0.11877 0.12471 0.13054 0.13626 0.14185 0.14733 0.15269 0.15791 0.16301 0.16795 0.17275 0.17739 0.18186 0.18616 0.19028 0.19424 0.19801 0.20159 0.20497 0.20816 0.21113 0.21389 0.21644 0.21878 0.22092 0.22285 0.22457 0.22608 0.22738 0.22847 0.22937 0.23009 0.23063 0.23100 0.23120 0.23123 0.23110 0.23083 0.23048 0.23014 0.22985 0.22964 0.22954 0.22961 0.22990 0.23046 0.23132 0.23252
-0.01255 -0.00374 0.00523 0.01436 0.02363 0.03300 0.04245 0.05193 0.06141 0.07085 0.08023 0.08954 0.09877 0.10790 0.11693 0.12585 0.13465 0.14331 0.15181 0.16014 0.16828 0.17623 0.18398 0.19153 0.19887 0.20599 0.21290 0.21957 0.22600 0.23219 0.23812 0.24380 0.24922 0.25437 0.25924 0.26385 0.26817 0.27222 0.27598 0.27945 0.28263 0.28554 0.28816 0.29051 0.29260 0.29443 0.29600 0.29733 0.29842 0.29929 0.29994 0.30038 0.30062 0.30066 0.30053 0.30033 0.30015 0.30002 0.30001 0.30021 0.30070 0.30160 0.30297 0.30491 0.30749
-0.03585 -0.02480 -0.01343 -0.00180 0.01006 0.02209 0.03421 0.04637 0.05852 0.07061 0.08264 0.09458 0.10642 0.11816 0.12978 0.14125 0.15255 0.16365 0.17452 0.18515 0.19553 0.20565 0.21551 0.22509 0.23440 0.24341 0.25213 0.26055 0.26865 0.27642 0.28387 0.29099 0.29777 0.30421 0.31030 0.31604 0.32144 0.32647 0.33116 0.33549 0.33946 0.34309 0.34638 0.34933 0.35197 0.35429 0.35632 0.35806 0.35952 0.36072 0.36167 0.36237 0.36284 0.36307 0.36310 0.36309 0.36316 0.36335 0.36373 0.36444 0.36560 0.36734 0.36978 0.37305 0.37725
-0.06031 -0.04733 -0.03388 -0.02003 -0.00589 0.00845 0.02288 0.03734 0.05178 0.06616 0.08049 0.09476 0.10895 0.12304 0.13699 0.15076 0.16431 0.17759 0.19058 0.20327 0.21565 0.22772 0.23948 0.25091 0.26201 0.27275 0.28313 0.29312 0.30274 0.31196 0.32080 0.32923 0.33727 0.34490 0.35211 0.35891 0.36529 0.37125 0.37679 0.38192 0.38663 0.39094 0.39485 0.39838 0.40154 0.40434 0.40681 0.40896 0.41079 0.41234 0.41360 0.41459 0.41532 0.41579 0.41602 0.41625 0.41670 0.41739 0.41841 0.41990 0.42202 0.42492 0.42877 0.43369 0.43984
-0.08738 -0.07284 -0.05768 -0.04204 -0.02610 -0.00998 0.00620 0.02241 0.03863 0.05487 0.07113 0.08740 0.10364 0.11979 0.13577 0.15152 0.16697 0.18210 0.19689 0.21134 0.22546 0.23925 0.25270 0.26578 0.27848 0.29076 0.30261 0.31403 0.32500 0.33554 0.34563 0.35528 0.36447 0.37319 0.38145 0.38923 0.39653 0.40335 0.40970 0.41558 0.42100 0.42596 0.43048 0.43457 0.43825 0.44154 0.44446 0.44704 0.44928 0.45121 0.45283 0.45417 0.45522 0.45598 0.45649 0.45701 0.45796 0.45936 0.46127 0.46386 0.46729 0.47174 0.47738 0.48436 0.49284
-0.11910 -0.10351 -0.08726 -0.07062 -0.05374 -0.03672 -0.01959 -0.00230 0.01517 0.03286 0.05072 0.06868 0.08663 0.10445 0.12204 0.13930 0.15621 0.17277 0.18900 0.20492 0.22053 0.23583 0.25077 0.26530 0.27940 0.29303 0.30618 0.31886 0.33106 0.34279 0.35405 0.36483 0.37511 0.38488 0.39413 0.40285 0.41105 0.41873 0.42588 0.43252 0.43865 0.44428 0.44943 0.45411 0.45835 0.46218 0.46562 0.46869 0.47141 0.47381 0.47590 0.47768 0.47916 0.48034 0.48125 0.48215 0.48372 0.48602 0.48909 0.49309 0.49820 0.50460 0.51246 0.52195 0.53322
-0.15812 -0.14254 -0.12652 -0.11034 -0.09397 -0.07728 -0.06009 -0.04232 -0.02396 -0.00514 0.01399 0.03321 0.05232 0.07118 0.08969 0.10784 0.12567 0.14325 0.16063 0.17781 0.19475 0.21139 0.22764 0.24343 0.25873 0.27351 0.28780 0.30161 0.31497 0.32787 0.34029 0.35220 0.36358 0.37441 0.38468 0.39439 0.40354 0.41213 0.42016 0.42764 0.43458 0.44097 0.44686 0.45225 0.45718 0.46168 0.46577 0.46948 0.47285 0.47589 0.47861 0.48103 0.48314 0.48495 0.48645 0.48788 0.49019 0.49357 0.49804 0.50377 0.51092 0.51969 0.53022 0.54268 0.55719
-0.21130 -0.19725 -0.18325 -0.16949 -0.15490 -0.13911 -0.12203 -0.10382 -0.08480 -0.06530 -0.04567 -0.02619 -0.00707 0.01169 0.03018 0.04855 0.06692 0.08535 0.10382 0.12221 0.14037 0.15817 0.17548 0.19225 0.20849 0.22426 0.23961 0.25459 0.26918 0.28335 0.29704 0.31019 0.32277 0.33477 0.34620 0.35704 0.36732 0.37703 0.38615 0.39469 0.40265 0.41004 0.41689 0.42323 0.42909 0.43452 0.43953 0.44417 0.44846 0.45243 0.45609 0.45946 0.46252 0.46527 0.46772 0.46999 0.47320 0.47783 0.48391 0.49163 0.50116 0.51267 0.52629 0.54215 0.56035
-0.26712 -0.26815 -0.26472 -0.25947 -0.24790 -0.23227 -0.21415 -0.19476 -0.17497 -0.15541 -0.13645 -0.11836 -0.10079 -0.08318 -0.06516 -0.04656 -0.02743 -0.00793 0.01164 0.03102 0.04997 0.06832 0.08608 0.10334 0.12028 0.13699 0.15354 0.16989 0.18594 0.20157 0.21669 0.23121 0.24513 0.25848 0.27129 0.28357 0.29531 0.30648 0.31705 0.32700 0.33633 0.34507 0.35326 0.36093 0.36813 0.37488 0.38122 0.38720 0.39285 0.39820 0.40327 0.40805 0.41255 0.41673 0.42059 0.42420 0.42863 0.43468 0.44258 0.45250 0.46465 0.47919 0.49623 0.51585 0.53810
-0.22278 -0.22810 -0.23338 -0.23515 -0.23935 -0.24439 -0.24921 -0.25275 -0.25407 -0.25241 -0.24714 -0.24043 -0.22903 -0.21372 -0.19544 -0.17538 -0.15459 -0.13386 -0.11374 -0.09451 -0.07633 -0.05894 -0.04184 -0.02465 -0.00716 0.01058 0.02841 0.04610 0.06344 0.08026 0.09646 0.11206 0.12717 0.14189 0.15626 0.17023 0.18372 0.19666 0.20896 0.22062 0.23165 0.24210 0.25202 0.26145 0.27041 0.27895 0.28709 0.29490 0.30242 0.30968 0.31672 0.32350 0.33001 0.33622 0.34211 0.34771 0.35381 0.36155 0.37140 0.38364 0.39852 0.41619 0.43677 0.46029 0.48670
-0.18313 -0.18676 -0.19032 -0.19381 -0.19724 -0.20061 -0.20393 -0.20719 -0.21041 -0.21359 -0.21674 -0.21712 -0.21811 -0.21984 -0.22192 -0.22362 -0.22423 -0.22312 -0.21972 -0.21357 -0.20659 -0.19598 -0.18224 -0.16607 -0.14849 -0.13041 -0.11252 -0.09520 -0.07862 -0.06284 -0.04769 -0.03271 -0.01765 -0.00246 0.01272 0.02771 0.04230 0.05636 0.06981 0.08266 0.09501 0.10694 0.11849 0.12965 0.14040 0.15076 0.16079 0.17057 0.18017 0.18965 0.19899 0.20816 0.21712 0.22581 0.23422 0.24234 0.25063 0.26029 0.27210 0.28653 0.30390 0.32444 0.34823 0.37528 0.40548
-0.14935 -0.15170 -0.15394 -0.15610 -0.15817 -0.16015 -0.16206 -0.16388 -0.16563 -0.16730 -0.16891 -0.17045 -0.17194 -0.17337 -0.17476 -0.17610 -0.17741 -0.17869 -0.17994 -0.18118 -0.18006 -0.17938 -0.17935 -0.17982 -0.18033 -0.18035 -0.17935 -0.17684 -0.17239 -0.16724 -0.15961 -0.14952 -0.13774 -0.12514 -0.11237 -0.09982 -0.08767 -0.07596 -0.06471 -0.05358 -0.04240 -0.03113 -0.01988 -0.00878 0.00211 0.01279 0.02334 0.03390 0.04459 0.05543 0.06637 0.07733 0.08822 0.09900 0.10964 0.12012 0.13062 0.14204 0.15533 0.17122 0.19017 0.21250 0.23833 0.26764 0.30028
-0.12058 -0.12193 -0.12318 -0.12433 -0.12538 -0.12633 -0.12719 -0.12795 -0.12863 -0.12922 -0.12972 -0.13015 -0.13050 -0.13078 -0.13099 -0.13113 -0.13122 -0.13125 -0.13122 -0.13115 -0.13105 -0.13091 -0.13072 -0.13052 -0.13031 -0.13010 -0.12990 -0.12969 -0.12951 -0.12786 -0.12646 -0.12604 -0.12646 -0.12736 -0.12828 -0.12878 -0.12844 -0.12698 -0.12524 -0.12137 -0.11629 -0.11048 -0.10432 -0.09801 -0.09159 -0.08501 -0.07809 -0.07055 -0.06225 -0.05325 -0.04371 -0.03376 -0.02353 -0.01302 -0.00224 0.00875 0.01997 0.03181 0.04508 0.06062 0.07906 0.10080 0.12604 0.15478 0.18689
-0.09610 -0.09671 -0.09721 -0.09762 -0.09792 -0.09812 -0.09822 -0.09823 -0.09815 -0.09797 -0.09771 -0.09737 -0.09695 -0.09644 -0.09587 -0.09523 -0.09453 -0.09375 -0.09291 -0.09202 -0.09110 -0.09011 -0.08907 -0.08799 -0.08690 -0.08580 -0.08466 -0.08348 -0.08228 -0.08111 -0.08002 -0.07898 -0.07792 -0.07686 -0.07587 -0.07508 -0.07455 -0.07432 -0.07324 -0.07334 -0.07471 -0.07706 -0.07996 -0.08305 -0.08595 -0.08828 -0.08981 -0.09010 -0.08895 -0.08658 -0.08318 -0.07890 -0.07379 -0.06778 -0.06083 -0.05298 -0.04440 -0.03511 -0.02473 -0.01265 0.00180 0.01908 0.03944 0.06302 0.08978
-0.07536 -0.07543 -0.07540 -0.07526 -0.07503 -0.07471 -0.07429 -0.07379 -0.07319 -0.07251 -0.07176 -0.07093 -0.07002 -0.06904 -0.06799 -0.06689 -0.06573 -0.06449 -0.06321 -0.06189 -0.06054 -0.05913 -0.05766 -0.05616 -0.05467 -0.05318 -0.05164 -0.05003 -0.04841 -0.04687 -0.04540 -0.04396 -0.04244 -0.04085 -0.03932 -0.03797 -0.03685 -0.03588 -0.03494 -0.03394 -0.03291 -0.03204 -0.03152 -0.03146 -0.03187 -0.03274 -0.03391 -0.03564 -0.03836 -0.04135 -0.04421 -0.04666 -0.04844 -0.04929 -0.04883 -0.04671 -0.04333 -0.03928 -0.03452 -0.02873 -0.02142 -0.01217 -0.00067 0.01328 0.02980
-0.05791 -0.05760 -0.05719 -0.05669 -0.05611 -0.05545 -0.05471 -0.05388 -0.05298 -0.05201 -0.05098 -0.04989 -0.04872 -0.04750 -0.04624 -0.04494 -0.04358 -0.04217 -0.04073 -0.03928 -0.03783 -0.03630 -0.03473 -0.03317 -0.03167 -0.03018 -0.02862 -0.02699 -0.02540 -0.02394 -0.02260 -0.02126 -0.01979 -0.01824 -0.01680 -0.01562 -0.01466 -0.01380 -0.01289 -0.01182 -0.01067 -0.00965 -0.00889 -0.00841 -0.00816 -0.00803 -0.00795 -0.00786 -0.00778 -0.00775 -0.00786 -0.00818 -0.00877 -0.00953 -0.01043 -0.01113 -0.01146 -0.01136 -0.01104 -0.01032 -0.00908 -0.00716 -0.00443 -0.00068 0.00433
-0.04337 -0.04281 -0.04217 -0.04145 -0.04066 -0.03981 -0.03890 -0.03792 -0.03687 -0.03578 -0.03466 -0.03348 -0.03224 -0.03097 -0.02970 -0.02841 -0.02707 -0.02568 -0.02431 -0.02298 -0.02165 -0.02025 -0.01882 -0.01746 -0.01621 -0.01499 -0.01368 -0.01230 -0.01103 -0.00997 -0.00906 -0.00813 -0.00702 -0.00583 -0.00486 -0.00419 -0.00373 -0.00332 -0.00284 -0.00224 -0.00157 -0.00101 -0.00066 -0.00047 -0.00037 -0.00030 -0.00026 -0.00023 -0.00021 -0.00019 -0.00019 -0.00018 -0.00019 -0.00020 -0.00022 -0.00025 -0.00030 -0.00036 -0.00042 -0.00049 -0.00056 -0.00062 -0.00066 -0.00061 -0.00038
-0.03142 -0.03073 -0.02998 -0.02915 -0.02828 -0.02737 -0.02642 -0.02540 -0.02435 -0.02328 -0.02220 -0.02108 -0.01991 -0.01874 -0.01760 -0.01648 -0.01530 -0.01409 -0.01294 -0.01189 -0.01085 -0.00972 -0.00858 -0.00759 -0.00675 -0.00596 -0.00504 -0.00404 -0.00324 -0.00271 -0.00232 -0.00189 -0.00130 -0.00062 -0.00017 -0.00003 -0.00001 -0.00001 -0.00000 -0.00000 -0.00000 -0.00000 -0.00000 -0.00000 -0.00000 -0.00000 -0.00000 -0.00000 -0.00000 -0.00000 -0.00000 -0.00000 -0.00000 -0.00000 -0.00000 -0.00000 -0.00000 -0.00000 -0.00000 -0.00000 -0.00000 -0.00000 -0.00000 -0.00001 -0.00001
-0.02181 -0.02109 -0.02031 -0.01947 -0.01862 -0.01775 -0.01686 -0.01591 -0.01494 -0.01400 -0.01307 -0.01211 -0.01111 -0.01014 -0.00925 -0.00839 -0.00747 -0.00653 -0.00571 -0.00502 -0.00434 -0.00357 -0.00278 -0.00221 -0.00183 -0.00148 -0.00101 -0.00044 -0.00008 -0.00000 -0.00000 -0.00000 -0.00000 -0.00000 -0.00000 -0.00000 -0.00000 -0.00000 -0.00000 -0.00000 -0.00000 -0.00000 -0.00000 -0.00000 -0.00000 -0.00000 -0.00000 -0.00000 -0.00000 -0.00000 -0.00000 -0.00000 -0.00000 -0.00000 -0.00000 -0.00000 -0.00000 -0.00000 -0.00000 -0.00000 -0.00000 -0.00000 -0.00000 -0.00000 -0.00000
-0.01429 -0.01361 -0.01288 -0.01211 -0.01135 -0.01061 -0.00985 -0.00904 -0.00823 -0.00749 -0.00679 -0.00605 -0.00527 -0.00457 -0.00399 -0.00344 -0.00281 -0.00217 -0.00170 -0.00138 -0.00108 -0.00067 -0.00023 -0.00003 -0.00000 -0.00000 -0.00000 -0.00000 -0.00000 -0.00000 -0.00000 -0.00000 -0.00000 -0.00000 -0.00000 -0.00000 -0.00000 -0.00000 -0.00000 -0.00000 -0.00000 -0.00000 -0.00000 -0.00000 -0.00000 -0.00000 -0.00000 -0.00000 -0.00000 -0.00000 -0.00000 -0.00000 -0.00000 -0.00000 -0.00000 -0.00000 -0.00000 -0.00000 -0.00000 -0.00000 -0.00000 -0.00000 -0.00000 -0.00000 -0.00000
-0.00865 -0.00807 -0.00744 -0.00679 -0.00618 -0.00562 -0.00504 -0.00440 -0.00380 -0.00331 -0.00286 -0.00237 -0.00183 -0.00140 -0.00113 -0.00089 -0.00056 -0.00020 -0.00002 -0.00000 -0.00000 -0.00000 -0.00000 -0.00000 -0.00000 -0.00000 -0.00000 -0.00000 -0.00000 -0.00000 -0.00000 -0.00000 0.00000 -0.00000 -0.00000 -0.00000 -0.00000 -0.00000 -0.00000 -0.00000 -0.00000 -0.00000 -0.00000 -0.00000 0.00000 -0.00000 -0.00000 -0.00000 -0.00000 0.00000 -0.00000 -0.00000 -0.00000 -0.00000 -0.00000 -0.00000 -0.00000 -0.00000 -0.00000 -0.00000 -0.00000 -0.00000 -0.00000 -0.00000 -0.00000
-0.00465 -0.00421 -0.00372 -0.00321 -0.00279 -0.00243 -0.00205 -0.00161 -0.00122 -0.00097 -0.00078 -0.00053 -0.00023 -0.00004 -0.00000 -0.00000 -0.00000 -0.00000 -0.00000 -0.00000 -0.00000 -0.00000 -0.00000 -0.00000 -0.00000 -0.00000 -0.00000 -0.00000 -0.00000 -0.00000 -0.00000 -0.00000 -0.00000 -0.00000 -0.00000 -0.00000 -0.00000 -0.00000 -0.00000 -0.00000 0.00000 -0.00000 -0.00000 -0.00000 -0.00000 -0.00000 -0.00000 -0.00000 -0.00000 -0.00000 -0.00000 -0.00000 -0.00000 -0.00000 -0.00000 -0.00000 -0.00000 -0.00000 -0.00000 -0.00000 -0.00000 -0.00000 -0.00000 -0.00000 -0.00000
-0.00206 -0.00177 -0.00142 -0.00108 -0.00085 -0.00069 -0.00051 -0.00026 -0.00006 -0.00000 -0.00000 -0.00000 -0.00000 -0.00000 -0.00000 -0.00000 -0.00000 -0.00000 0.00000 -0.00000 -0.00000 -0.00000 -0.00000 -0.00000 -0.00000 -0.00000 -0.00000 -0.00000 -0.00000 -0.00000 -0.00000 -0.00000 -0.00000 -0.00000 -0.00000 -0.00000 -0.00000 -0.00000 -0.00000 -0.00000 -0.00000 -0.00000 -0.00000 -0.00000 -0.00000 -0.00000 -0.00000 -0.00000 -0.00000 -0.00000 -0.00000 -0.00000 -0.00000 -0.00000 -0.00000 -0.00000 -0.00000 -0.00000 -0.00000 -0.00000 -0.00000 -0.00000 -0.00000 -0.00000 -0.00000
-0.00060 -0.00047 -0.00028 -0.00009 -0.00001 -0.00000 -0.00000 -0.00000 -0.00000 -0.00000 -0.00000 -0.00000 0.00000 -0.00000 -0.00000 0.00000 -0.00000 -0.00000 -0.00000 -0.00000 -0.00000 -0.00000 -0.00000 -0.00000 -0.00000 -0.00000 -0.00000 -0.00000 -0.00000 -0.00000 -0.00000 -0.00000 -0.00000 -0.00000 -0.00000 -0.00000 -0.00000 -0.00000 -0.00000 -0.00000 -0.00000 -0.00000 -0.00000 -0.00000 -0.00000 -0.00000 -0.00000 -0.00000 -0.00000 -0.00000 -0.00000 -0.00000 -0.00000 -0.00000 -0.00000 -0.00000 -0.00000 -0.00000 -0.00000 -0.00000 -0.00000 -0.00000 -0.00000 0.00000 -0.00000
