tests/data/gray99/saval2D/outputs/resuh3.asc
north:     17.44
south:      0.00
east:      60.51
west:       0.00
rows:   68
cols:  236
[rows 29 to 57 of 68, columns 0 to 66 of 236]
0.00001 0.00001 0.00001 0.00001 0.00161 0.01016 0.03648 0.09034 0.15823 0.22266 0.27873 0.32762 0.37098 0.41006 0.44588 0.48015 0.51399 0.54849 0.58445 0.62227 0.66195 0.70313 0.74525 0.78772 0.82999 0.87161 0.91221 0.95151 0.98933 1.02550 1.05994 1.09257 1.12334 1.15221 1.17916 1.20419 1.22729 1.24847 1.26773 1.28510 1.30061 1.31428 1.32613 1.33619 1.34448 1.35101 1.35581 1.35889 1.36030 1.36012 1.35842 1.35534 1.35100 1.34557 1.33919 1.33202 1.32421 1.31589 1.30717 1.29817 1.28895 1.27957 1.27005 1.26038 1.25049 1.24025 1.22944
0.00001 0.00001 0.00001 0.00005 0.00265 0.01311 0.04335 0.10021 0.16813 0.23131 0.28616 0.33412 0.37679 0.41540 0.45096 0.48510 0.51890 0.55341 0.58940 0.62728 0.66704 0.70832 0.75057 0.79321 0.83566 0.87748 0.91829 0.95782 0.99584 1.03222 1.06685 1.09966 1.13059 1.15961 1.18671 1.21187 1.23509 1.25638 1.27575 1.29321 1.30880 1.32254 1.33444 1.34455 1.35288 1.35945 1.36426 1.36736 1.36877 1.36856 1.36683 1.36370 1.35931 1.35380 1.34735 1.34010 1.33221 1.32381 1.31503 1.30596 1.29669 1.28729 1.27777 1.26814 1.25835 1.24828 1.23774
0.00001 0.00001 0.00001 0.00017 0.00375 0.01591 0.04922 0.10791 0.17555 0.23781 0.29186 0.33915 0.38128 0.41946 0.45475 0.48871 0.52242 0.55691 0.59292 0.63085 0.67068 0.71205 0.75441 0.79716 0.83976 0.88173 0.92269 0.96237 1.00054 1.03706 1.07182 1.10474 1.13578 1.16491 1.19210 1.21734 1.24064 1.26200 1.28143 1.29895 1.31458 1.32835 1.34029 1.35042 1.35876 1.36533 1.37015 1.37324 1.37463 1.37440 1.37264 1.36947 1.36502 1.35947 1.35295 1.34565 1.33770 1.32925 1.32042 1.31131 1.30201 1.29258 1.28307 1.27346 1.26373 1.25376 1.24339
0.00001 0.00001 0.00001 0.00035 0.00465 0.01812 0.05356 0.11331 0.18063 0.24228 0.29584 0.34272 0.38446 0.42228 0.45729 0.49105 0.52465 0.55909 0.59511 0.63308 0.67296 0.71440 0.75683 0.79967 0.84236 0.88442 0.92549 0.96527 1.00354 1.04014 1.07497 1.10795 1.13904 1.16820 1.19543 1.22073 1.24407 1.26547 1.28493 1.30246 1.31810 1.33187 1.34380 1.35392 1.36226 1.36883 1.37364 1.37670 1.37807 1.37780 1.37600 1.37278 1.36830 1.36271 1.35617 1.34884 1.34086 1.33237 1.32351 1.31437 1.30505 1.29562 1.28611 1.27652 1.26682 1.25692 1.24663
0.00001 0.00001 0.00001 0.00048 0.00512 0.01929 0.05587 0.11626 0.18349 0.24484 0.29814 0.34477 0.38624 0.42381 0.45859 0.49216 0.52564 0.56001 0.59601 0.63399 0.67391 0.71540 0.75789 0.80079 0.84353 0.88564 0.92675 0.96657 1.00487 1.04150 1.07635 1.10934 1.14044 1.16961 1.19684 1.22213 1.24547 1.26686 1.28630 1.30382 1.31944 1.33319 1.34509 1.35519 1.36349 1.37002 1.37479 1.37782 1.37915 1.37885 1.37702 1.37377 1.36926 1.36365 1.35709 1.34974 1.34175 1.33325 1.32439 1.31525 1.30593 1.29650 1.28700 1.27742 1.26773 1.25784 1.24758
0.00001 0.00001 0.00001 0.00049 0.00506 0.01916 0.05585 0.11661 0.18412 0.24553 0.29876 0.34526 0.38658 0.42397 0.45857 0.49200 0.52537 0.55967 0.59563 0.63361 0.67355 0.71508 0.75761 0.80055 0.84331 0.88543 0.92652 0.96631 1.00458 1.04117 1.07598 1.10894 1.14001 1.16915 1.19634 1.22157 1.24485 1.26619 1.28558 1.30306 1.31863 1.33234 1.34420 1.35424 1.36248 1.36894 1.37365 1.37662 1.37791 1.37757 1.37571 1.37245 1.36793 1.36230 1.35573 1.34838 1.34040 1.33192 1.32308 1.31397 1.30469 1.29528 1.28578 1.27621 1.26651 1.25660 1.24629
0.00001 0.00001 0.00001 0.00036 0.00447 0.01774 0.05351 0.11432 0.18245 0.24428 0.29765 0.34415 0.38540 0.42269 0.45715 0.49047 0.52376 0.55801 0.59396 0.63196 0.67193 0.71348 0.75602 0.79895 0.84168 0.88375 0.92478 0.96449 1.00268 1.03918 1.07390 1.10677 1.13774 1.16678 1.19388 1.21902 1.24221 1.26346 1.28277 1.30016 1.31565 1.32927 1.34105 1.35100 1.35917 1.36555 1.37018 1.37309 1.37432 1.37393 1.37204 1.36876 1.36423 1.35861 1.35207 1.34475 1.33680 1.32837 1.31957 1.31051 1.30126 1.29189 1.28242 1.27285 1.26313 1.25316 1.24273
0.00001 0.00001 0.00001 0.00019 0.00354 0.01541 0.04926 0.10962 0.17850 0.24097 0.29463 0.34123 0.38250 0.41978 0.45417 0.48744 0.52071 0.55496 0.59093 0.62897 0.66897 0.71054 0.75308 0.79596 0.83862 0.88059 0.92150 0.96108 0.99912 1.03547 1.07004 1.10276 1.13357 1.16247 1.18942 1.21443 1.23748 1.25859 1.27777 1.29504 1.31041 1.32392 1.33558 1.34543 1.35348 1.35977 1.36430 1.36713 1.36828 1.36785 1.36593 1.36264 1.35812 1.35252 1.34602 1.33875 1.33086 1.32250 1.31377 1.30477 1.29559 1.28626 1.27682 1.26725 1.25748 1.24740 1.23678
0.00001 0.00001 0.00001 0.00007 0.00253 0.01263 0.04358 0.10262 0.17210 0.23536 0.28946 0.33629 0.37770 0.41506 0.44947 0.48278 0.51610 0.55042 0.58648 0.62459 0.66465 0.70623 0.74874 0.79154 0.83408 0.87589 0.91662 0.95599 0.99382 1.02995 1.06430 1.09680 1.12741 1.15610 1.18285 1.20765 1.23052 1.25145 1.27045 1.28755 1.30276 1.31612 1.32763 1.33734 1.34526 1.35142 1.35584 1.35857 1.35965 1.35916 1.35721 1.35391 1.34941 1.34387 1.33742 1.33023 1.32243 1.31416 1.30552 1.29661 1.28750 1.27823 1.26882 1.25923 1.24938 1.23912 1.22820
0.00001 0.00001 0.00001 0.00002 0.00165 0.00978 0.03685 0.09332 0.16300 0.22716 0.28188 0.32910 0.37078 0.40836 0.44293 0.47638 0.50986 0.54433 0.58054 0.61878 0.65892 0.70052 0.74296 0.78563 0.82798 0.86956 0.91003 0.94912 0.98666 1.02250 1.05656 1.08877 1.11909 1.14750 1.17398 1.19853 1.22114 1.24183 1.26061 1.27749 1.29250 1.30565 1.31699 1.32652 1.33428 1.34028 1.34457 1.34718 1.34818 1.34763 1.34566 1.34237 1.33791 1.33242 1.32606 1.31897 1.31128 1.30313 1.29460 1.28580 1.27678 1.26758 1.25818 1.24855 1.23856 1.22802 1.21667
0.00001 0.00001 0.00001 0.00001 0.00098 0.00705 0.02942 0.08176 0.15097 0.21612 0.27168 0.31948 0.36163 0.39960 0.43447 0.46820 0.50194 0.53667 0.57310 0.61152 0.65176 0.69335 0.73569 0.77816 0.82024 0.86150 0.90162 0.94034 0.97750 1.01296 1.04664 1.07847 1.10842 1.13646 1.16260 1.18681 1.20911 1.22949 1.24798 1.26458 1.27933 1.29225 1.30335 1.31267 1.32023 1.32606 1.33020 1.33268 1.33358 1.33298 1.33099 1.32772 1.32331 1.31791 1.31165 1.30469 1.29714 1.28913 1.28074 1.27206 1.26314 1.25400 1.24460 1.23487 1.22465 1.21373 1.20175
0.00001 0.00001 0.00001 0.00001 0.00045 0.00474 0.02178 0.06818 0.13581 0.20198 0.25868 0.30736 0.35022 0.38879 0.42414 0.45829 0.49241 0.52750 0.56424 0.60288 0.64320 0.68474 0.72690 0.76907 0.81077 0.85159 0.89125 0.92949 0.96616 1.00114 1.03432 1.06566 1.09514 1.12272 1.14841 1.17219 1.19409 1.21409 1.23222 1.24849 1.26293 1.27555 1.28638 1.29545 1.30278 1.30840 1.31236 1.31471 1.31551 1.31485 1.31284 1.30960 1.30527 1.29997 1.29385 1.28704 1.27966 1.27181 1.26358 1.25504 1.24622 1.23712 1.22767 1.21777 1.20722 1.19573 1.18290
0.00001 0.00001 0.00001 0.00001 0.00015 0.00308 0.01530 0.05391 0.11809 0.18486 0.24292 0.29278 0.33661 0.37600 0.41205 0.44678 0.48143 0.51699 0.55411 0.59296 0.63332 0.67471 0.71655 0.75828 0.79946 0.83972 0.87877 0.91640 0.95245 0.98679 1.01935 1.05007 1.07894 1.10594 1.13107 1.15433 1.17572 1.19526 1.21295 1.22882 1.24288 1.25515 1.26566 1.27444 1.28150 1.28690 1.29066 1.29285 1.29355 1.29284 1.29083 1.28763 1.28338 1.27821 1.27225 1.26562 1.25843 1.25077 1.24272 1.23433 1.22561 1.21651 1.20695 1.19677 1.18571 1.17342 1.15943
0.00001 0.00001 0.00001 0.00001 0.00004 0.00180 0.00989 0.03914 0.09768 0.16458 0.22444 0.27589 0.32103 0.36151 0.39851 0.43401 0.46934 0.50546 0.54298 0.58200 0.62227 0.66334 0.70468 0.74578 0.78626 0.82577 0.86406 0.90090 0.93615 0.96969 1.00145 1.03139 1.05950 1.08578 1.11022 1.13282 1.15361 1.17258 1.18975 1.20514 1.21876 1.23064 1.24078 1.24922 1.25599 1.26112 1.26467 1.26670 1.26729 1.26652 1.26452 1.26138 1.25724 1.25222 1.24644 1.24001 1.23304 1.22560 1.21775 1.20951 1.20086 1.19171 1.18193 1.17130 1.15949 1.14606 1.13049
0.00001 0.00001 0.00001 0.00001 0.00001 0.00076 0.00571 0.02550 0.07542 0.14132 0.20328 0.25680 0.30362 0.34551 0.38375 0.42026 0.45646 0.49325 0.53114 0.57020 0.61018 0.65070 0.69131 0.73157 0.77114 0.80971 0.84702 0.88287 0.91711 0.94962 0.98037 1.00933 1.03650 1.06187 1.08547 1.10730 1.12736 1.14566 1.16223 1.17707 1.19019 1.20161 1.21134 1.21941 1.22585 1.23070 1.23403 1.23588 1.23636 1.23554 1.23355 1.23049 1.22648 1.22164 1.21608 1.20989 1.20317 1.19597 1.18833 1.18022 1.17158 1.16229 1.15212 1.14078 1.12786 1.11286 1.09514
0.00001 0.00001 0.00001 0.00001 0.00001 0.00015 0.00284 0.01451 0.05249 0.11501 0.17906 0.23526 0.28428 0.32803 0.36792 0.40578 0.44306 0.48058 0.51877 0.55770 0.59716 0.63689 0.67654 0.71574 0.75418 0.79158 0.82768 0.86228 0.89523 0.92647 0.95595 0.98368 1.00969 1.03398 1.05658 1.07748 1.09671 1.11427 1.13015 1.14437 1.15693 1.16785 1.17713 1.18480 1.19090 1.19546 1.19854 1.20022 1.20059 1.19974 1.19778 1.19482 1.19097 1.18634 1.18103 1.17513 1.16869 1.16175 1.15430 1.14627 1.13754 1.12790 1.11705 1.10461 1.09009 1.07289 1.05228
0.00001 0.00001 0.00001 0.00001 0.00001 0.00001 0.00101 0.00706 0.03144 0.08588 0.15104 0.21059 0.26254 0.30875 0.35081 0.39040 0.42899 0.46732 0.50574 0.54439 0.58316 0.62195 0.66048 0.69845 0.73558 0.77157 0.80620 0.83925 0.87062 0.90027 0.92821 0.95448 0.97911 1.00214 1.02358 1.04345 1.06175 1.07847 1.09361 1.10717 1.11915 1.12954 1.13835 1.14561 1.15134 1.15560 1.15846 1.15998 1.16025 1.15939 1.15749 1.15466 1.15101 1.14664 1.14163 1.13605 1.12991 1.12322 1.11590 1.10781 1.09875 1.08840 1.07640 1.06225 1.04538 1.02511 1.00063
0.00001 0.00001 0.00001 0.00001 0.00001 0.00001 0.00012 0.00281 0.01536 0.05546 0.11853 0.18174 0.23755 0.28693 0.33170 0.37342 0.41355 0.45278 0.49148 0.52987 0.56799 0.60586 0.64327 0.67995 0.71563 0.75003 0.78292 0.81415 0.84364 0.87143 0.89759 0.92219 0.94529 0.96693 0.98713 1.00590 1.02321 1.03907 1.05345 1.06634 1.07772 1.08758 1.09593 1.10278 1.10816 1.11214 1.11478 1.11616 1.11638 1.11554 1.11374 1.11110 1.10771 1.10364 1.09896 1.09369 1.08781 1.08125 1.07383 1.06535 1.05547 1.04381 1.02987 1.01309 0.99281 0.96828 0.93860
0.00001 0.00001 0.00001 0.00001 0.00001 0.00001 0.00001 0.00063 0.00603 0.02882 0.08218 0.14754 0.20800 0.26134 0.30934 0.35351 0.39540 0.43576 0.47502 0.51349 0.55129 0.58849 0.62496 0.66042 0.69463 0.72734 0.75835 0.78756 0.81502 0.84083 0.86513 0.88802 0.90956 0.92982 0.94880 0.96649 0.98287 0.99791 1.01156 1.02381 1.03462 1.04398 1.05188 1.05835 1.06342 1.06715 1.06962 1.07091 1.07111 1.07035 1.06871 1.06629 1.06317 1.05940 1.05499 1.04990 1.04403 1.03721 1.02917 1.01958 1.00801 0.99398 0.97691 0.95617 0.93106 0.90071 0.86410
0.00001 0.00001 0.00001 0.00001 0.00001 0.00001 0.00001 0.00002 0.00169 0.01139 0.04593 0.10726 0.17207 0.23030 0.28222 0.32935 0.37340 0.41530 0.45558 0.49460 0.53250 0.56942 0.60522 0.63966 0.67255 0.70365 0.73285 0.76016 0.78574 0.80977 0.83244 0.85387 0.87412 0.89323 0.91120 0.92800 0.94360 0.95794 0.97097 0.98266 0.99296 1.00186 1.00935 1.01547 1.02025 1.02376 1.02608 1.02731 1.02754 1.02686 1.02536 1.02311 1.02014 1.01646 1.01199 1.00661 1.00010 0.99219 0.98249 0.97057 0.95591 0.93798 0.91616 0.88977 0.85800 0.81987 0.77405
0.00001 0.00001 0.00001 0.00001 0.00001 0.00001 0.00001 0.00001 0.00009 0.00338 0.01883 0.06357 0.12847 0.19205 0.24891 0.29977 0.34653 0.39044 0.43216 0.47214 0.51052 0.54751 0.58302 0.61680 0.64873 0.67860 0.70642 0.73234 0.75661 0.77948 0.80113 0.82168 0.84117 0.85961 0.87697 0.89321 0.90828 0.92210 0.93464 0.94585 0.95568 0.96414 0.97123 0.97698 0.98145 0.98472 0.98687 0.98798 0.98813 0.98740 0.98584 0.98346 0.98022 0.97602 0.97071 0.96404 0.95569 0.94527 0.93234 0.91639 0.89688 0.87323 0.84478 0.81076 0.77019 0.72177 0.66371
0.00001 0.00001 0.00001 0.00001 0.00001 0.00001 0.00001 0.00001 0.00001 0.00035 0.00561 0.02710 0.07889 0.14487 0.20746 0.26313 0.31337 0.35984 0.40345 0.44480 0.48406 0.52150 0.55707 0.59058 0.62197 0.65114 0.67824 0.70351 0.72729 0.74982 0.77124 0.79162 0.81096 0.82924 0.84640 0.86240 0.87716 0.89063 0.90275 0.91349 0.92284 0.93079 0.93740 0.94270 0.94676 0.94966 0.95147 0.95226 0.95207 0.95091 0.94878 0.94559 0.94122 0.93547 0.92806 0.91866 0.90687 0.89224 0.87429 0.85249 0.82630 0.79508 0.75806 0.71422 0.66222 0.60026 0.52628
0.00001 0.00001 0.00001 0.00001 0.00001 0.00001 0.00001 0.00001 0.00001 0.00001 0.00085 0.00802 0.03437 0.08994 0.15594 0.21739 0.27223 0.32205 0.36815 0.41134 0.45192 0.49019 0.52623 0.55990 0.59122 0.62022 0.64714 0.67234 0.69614 0.71878 0.74037 0.76091 0.78037 0.79870 0.81582 0.83168 0.84621 0.85934 0.87103 0.88128 0.89008 0.89747 0.90351 0.90824 0.91174 0.91406 0.91526 0.91535 0.91433 0.91213 0.90863 0.90368 0.89705 0.88842 0.87747 0.86379 0.84696 0.82652 0.80197 0.77278 0.73830 0.69772 0.64997 0.59361 0.52689 0.44817 0.35750
0.00001 0.00001 0.00001 0.00001 0.00001 0.00001 0.00001 0.00001 0.00001 0.00001 0.00001 0.00147 0.01006 0.03906 0.09566 0.16061 0.22100 0.27530 0.32472 0.37038 0.41280 0.45238 0.48929 0.52350 0.55514 0.58432 0.61140 0.63677 0.66080 0.68367 0.70547 0.72618 0.74573 0.76406 0.78110 0.79678 0.81103 0.82378 0.83500 0.84469 0.85288 0.85963 0.86499 0.86901 0.87174 0.87321 0.87340 0.87228 0.86975 0.86566 0.85982 0.85196 0.84178 0.82893 0.81303 0.79367 0.77041 0.74277 0.71022 0.67206 0.62741 0.57508 0.51361 0.44150 0.35822 0.26632 0.17324
0.00001 0.00001 0.00001 0.00001 0.00001 0.00001 0.00001 0.00001 0.00001 0.00001 0.00001 0.00002 0.00200 0.01120 0.04028 0.09499 0.15796 0.21738 0.27121 0.32020 0.36518 0.40662 0.44486 0.48002 0.51233 0.54202 0.56950 0.59525 0.61963 0.64283 0.66489 0.68577 0.70542 0.72374 0.74068 0.75615 0.77008 0.78240 0.79309 0.80215 0.80964 0.81561 0.82010 0.82314 0.82473 0.82485 0.82341 0.82029 0.81532 0.80826 0.79886 0.78679 0.77171 0.75327 0.73106 0.70467 0.67361 0.63729 0.59494 0.54556 0.48790 0.42071 0.34343 0.25794 0.17068 0.09298 0.03764
0.00001 0.00001 0.00001 0.00001 0.00001 0.00001 0.00001 0.00001 0.00001 0.00001 0.00001 0.00001 0.00004 0.00227 0.01119 0.03765 0.08756 0.14742 0.20546 0.25864 0.30710 0.35113 0.39127 0.42784 0.46118 0.49164 0.51971 0.54595 0.57077 0.59434 0.61667 0.63773 0.65746 0.67578 0.69259 0.70784 0.72142 0.73326 0.74334 0.75165 0.75826 0.76321 0.76650 0.76813 0.76803 0.76608 0.76216 0.75605 0.74752 0.73629 0.72206 0.70450 0.68325 0.65793 0.62809 0.59321 0.55259 0.50537 0.45049 0.38695 0.31449 0.23494 0.15433 0.08324 0.03322 0.00838 0.00104
0.00001 0.00001 0.00001 0.00001 0.00001 0.00001 0.00001 0.00001 0.00001 0.00001 0.00001 0.00001 0.00001 0.00006 0.00222 0.01001 0.03171 0.07394 0.12862 0.18412 0.23633 0.28371 0.32641 0.36496 0.39971 0.43118 0.45995 0.48673 0.51198 0.53588 0.55847 0.57970 0.59950 0.61778 0.63447 0.64946 0.66265 0.67393 0.68327 0.69066 0.69614 0.69971 0.70134 0.70095 0.69840 0.69354 0.68614 0.67596 0.66274 0.64618 0.62593 0.60166 0.57293 0.53924 0.49997 0.45435 0.40150 0.34079 0.27245 0.19883 0.12609 0.06448 0.02374 0.00530 0.00055 0.00003 0.00001
0.00001 0.00001 0.00001 0.00001 0.00001 0.00001 0.00001 0.00001 0.00001 0.00001 0.00001 0.00001 0.00001 0.00001 0.00005 0.00185 0.00792 0.02369 0.05562 0.10184 0.15325 0.20278 0.24811 0.28901 0.32551 0.35820 0.38772 0.41497 0.44056 0.46473 0.48751 0.50887 0.52872 0.54698 0.56353 0.57825 0.59100 0.60164 0.61009 0.61632 0.62032 0.62205 0.62141 0.61828 0.61247 0.60376 0.59190 0.57661 0.55759 0.53449 0.50689 0.47431 0.43618 0.39182 0.34061 0.28244 0.21841 0.15174 0.08926 0.04068 0.01258 0.00215 0.00015 0.00001 0.00001 0.00001 0.00001
0.00001 0.00001 0.00001 0.00001 0.00001 0.00001 0.00001 0.00001 0.00001 0.00001 0.00001 0.00001 0.00001 0.00001 0.00001 0.00003 0.00121 0.00541 0.01524 0.03588 0.07004 0.11304 0.15720 0.19870 0.23633 0.27000 0.30013 0.32767 0.35339 0.37764 0.40053 0.42199 0.44192 0.46020 0.47666 0.49114 0.50343 0.51335 0.52076 0.52557 0.52770 0.52706 0.52352 0.51688 0.50693 0.49339 0.47598 0.45434 0.42806 0.39668 0.35970 0.31660 0.26727 0.21256 0.15463 0.09786 0.04982 0.01820 0.00403 0.00042 0.00002 0.00001 0.00001 0.00001 0.00001 0.00001 0.00001
