tests/data/gray99/saval2D/outputs/resuqu4.asc
north:     17.44
south:      0.00
east:      60.51
west:       0.00
rows:   68
cols:  236
[rows 29 to 57 of 68, columns 0 to 64 of 236]
0.00000 0.00000 0.00000 0.00000 0.00028 0.00204 0.00712 0.01941 0.04646 0.09914 0.18743 0.31523 0.47831 0.66716 0.87129 1.08218 1.29407 1.50363 1.70924 1.91042 2.10748 2.30129 2.49313 2.68457 2.87731 3.07301 3.27314 3.47887 3.69099 3.90989 4.13555 4.36761 4.60548 4.84832 5.09521 5.34519 5.59727 5.85050 6.10402 6.35699 6.60871 6.85852 7.10586 7.35025 7.59125 7.82850 8.06169 8.29055 8.51483 8.73431 8.94880 9.15811 9.36209 9.56061 9.75355 9.94089 10.12263 10.29876 10.46938 10.63463 10.79469 10.94978 11.10015 11.24610 11.38795
0.00000 0.00000 0.00000 0.00000 0.00051 0.00277 0.00887 0.02311 0.05352 0.11095 0.20485 0.33837 0.50684 0.70066 0.90942 1.12460 1.34039 1.55337 1.76184 1.96533 2.16418 2.35932 2.55218 2.74443 2.93791 3.13439 3.33544 3.54231 3.75580 3.97632 4.20385 4.43803 4.67819 4.92352 5.17306 5.42581 5.68076 5.93695 6.19347 6.44948 6.70424 6.95707 7.20738 7.45466 7.69848 7.93845 8.17426 8.40561 8.63226 8.85397 9.07054 9.28179 9.48755 9.68770 9.88215 10.07083 10.25372 10.43087 10.60234 10.76827 10.92883 11.08425 11.23482 11.38081 11.52258
0.00000 0.00000 0.00000 0.00002 0.00076 0.00349 0.01044 0.02626 0.05929 0.12038 0.21852 0.35624 0.52850 0.72564 0.93733 1.15517 1.37337 1.58850 1.79885 2.00389 2.20398 2.40009 2.59369 2.78655 2.98057 3.17760 3.37930 3.58694 3.80138 4.02303 4.25185 4.48747 4.72921 4.97623 5.22754 5.48212 5.73895 5.99706 6.25552 6.51347 6.77015 7.02487 7.27704 7.52613 7.77169 8.01334 8.25076 8.48367 8.71178 8.93489 9.15277 9.36523 9.57212 9.77330 9.96868 10.15820 10.34184 10.51964 10.69166 10.85804 11.01895 11.17463 11.32535 11.47142 11.61318
0.00000 0.00000 0.00000 0.00004 0.00097 0.00405 0.01161 0.02853 0.06340 0.12709 0.22826 0.36890 0.54353 0.74234 0.95515 1.17374 1.39249 1.60810 1.81888 2.02431 2.22473 2.42111 2.61492 2.80796 3.00219 3.19949 3.40154 3.60964 3.82463 4.04692 4.27645 4.51284 4.75542 5.00331 5.25555 5.51110 5.76894 6.02804 6.28747 6.54636 6.80395 7.05955 7.31257 7.56251 7.80892 8.05142 8.28963 8.52327 8.75205 8.97575 9.19418 9.40714 9.61451 9.81617 10.01199 10.20190 10.38586 10.56391 10.73611 10.90261 11.06360 11.21937 11.37017 11.51630 11.65808
0.00000 0.00000 0.00000 0.00007 0.00109 0.00433 0.01219 0.02968 0.06556 0.13075 0.23369 0.37589 0.55141 0.75029 0.96244 1.17991 1.39736 1.61169 1.82136 2.02592 2.22569 2.42163 2.61519 2.80812 3.00233 3.19970 3.40187 3.61014 3.82534 4.04784 4.27761 4.51422 4.75701 5.00508 5.25746 5.51312 5.77101 6.03013 6.28953 6.54837 6.80588 7.06139 7.31430 7.56410 7.81037 8.05271 8.29077 8.52424 8.75286 8.97640 9.19466 9.40746 9.61467 9.81616 10.01181 10.20156 10.38538 10.56329 10.73538 10.90178 11.06269 11.21838 11.36911 11.51518 11.65691
0.00000 0.00000 0.00000 0.00007 0.00107 0.00427 0.01207 0.02954 0.06556 0.13115 0.23460 0.37698 0.55197 0.74941 0.95935 1.17413 1.38873 1.60032 1.80754 2.01003 2.20819 2.40293 2.59564 2.78801 2.98186 3.17898 3.38094 3.58900 3.80396 4.02619 4.25563 4.49184 4.73414 4.98162 5.23330 5.48813 5.74510 6.00322 6.26158 6.51935 6.77578 7.03019 7.28200 7.53070 7.77584 8.01707 8.25404 8.48648 8.71413 8.93677 9.15417 9.36615 9.57256 9.77327 9.96818 10.15725 10.34047 10.51788 10.68955 10.85560 11.01624 11.17167 11.32217 11.46808 11.60971
0.00000 0.00000 0.00000 0.00005 0.00092 0.00387 0.01126 0.02811 0.06334 0.12806 0.23049 0.37145 0.54428 0.73874 0.94502 1.15578 1.36632 1.57408 1.77788 1.97748 2.17329 2.36621 2.55756 2.74892 2.94201 3.13851 3.33992 3.54740 3.76170 3.98315 4.21165 4.44677 4.68780 4.93384 5.18392 5.43701 5.69210 5.94824 6.20454 6.46019 6.71447 6.96673 7.21640 7.46300 7.70610 7.94533 8.18038 8.41096 8.63684 8.85777 9.07356 9.28402 9.48900 9.68838 9.88208 10.07003 10.25223 10.42873 10.59960 10.76498 10.92505 11.08005 11.23024 11.37593 11.51744
0.00000 0.00000 0.00000 0.00002 0.00070 0.00326 0.00995 0.02559 0.05899 0.12131 0.22087 0.35846 0.52733 0.71727 0.91866 1.12439 1.33007 1.53333 1.73315 1.92938 2.12244 2.31318 2.50284 2.69289 2.88491 3.08049 3.28100 3.48750 3.70069 3.92083 4.14779 4.38113 4.62012 4.86389 5.11146 5.36186 5.61409 5.86723 6.12044 6.37295 6.62406 6.87317 7.11973 7.36330 7.60343 7.83980 8.07209 8.30002 8.52335 8.74186 8.95536 9.16367 9.36663 9.56413 9.75609 9.94244 10.12320 10.29841 10.46816 10.63259 10.79186 10.94622 11.09594 11.24128 11.38256
0.00000 0.00000 0.00000 0.00000 0.00047 0.00257 0.00835 0.02226 0.05276 0.11098 0.20554 0.33756 0.50057 0.68453 0.87997 1.07999 1.28034 1.47881 1.67446 1.86718 2.05736 2.24579 2.43360 2.62214 2.81287 3.00723 3.20649 3.41162 3.62322 3.84151 4.06631 4.29715 4.53331 4.77395 5.01812 5.26486 5.51324 5.76240 6.01152 6.25989 6.50687 6.75188 6.99443 7.23406 7.47040 7.70310 7.93186 8.15642 8.37654 8.59199 8.80259 9.00817 9.20859 9.40372 9.59348 9.77785 9.95680 10.13040 10.29875 10.46197 10.62027 10.77383 10.92292 11.06780 11.20874
0.00000 0.00000 0.00000 0.00000 0.00028 0.00190 0.00666 0.01846 0.04510 0.09754 0.18486 0.30904 0.46424 0.64081 0.82943 1.02326 1.21809 1.41174 1.60329 1.79260 1.97998 2.16615 2.35209 2.53903 2.72830 2.92121 3.11893 3.32231 3.53187 3.74776 3.96977 4.19740 4.42997 4.66661 4.90646 5.14861 5.39219 5.63640 5.88050 6.12380 6.36575 6.60579 6.84348 7.07838 7.31017 7.53849 7.76305 7.98358 8.19987 8.41169 8.61887 8.82124 9.01864 9.21098 9.39817 9.58017 9.75702 9.92874 10.09545 10.25727 10.41438 10.56699 10.71532 10.85960 11.00004
0.00000 0.00000 0.00000 0.00000 0.00015 0.00131 0.00502 0.01445 0.03642 0.08148 0.15958 0.27390 0.41946 0.58730 0.76830 0.95556 1.14480 1.33374 1.52139 1.70750 1.89230 2.07634 2.26049 2.44583 2.63357 2.82489 3.02083 3.22215 3.42928 3.64228 3.86091 4.08467 4.31287 4.54473 4.77942 5.01611 5.25403 5.49243 5.73065 5.96810 6.20422 6.43856 6.67067 6.90021 7.12678 7.35010 7.56990 7.78590 7.99785 8.20559 8.40890 8.60762 8.80163 8.99083 9.17513 9.35453 9.52901 9.69862 9.86350 10.02375 10.17953 10.33102 10.47841 10.62186 10.76149
0.00000 0.00000 0.00000 0.00000 0.00005 0.00084 0.00363 0.01091 0.02823 0.06500 0.13154 0.23334 0.36774 0.52583 0.69847 0.87880 1.06237 1.24669 1.43063 1.61376 1.79615 1.97824 2.16072 2.34453 2.53075 2.72043 2.91446 3.11351 3.31788 3.52759 3.74234 3.96164 4.18485 4.41123 4.64006 4.87060 5.10215 5.33408 5.56579 5.79675 6.02648 6.25455 6.48060 6.70424 6.92514 7.14305 7.35765 7.56872 7.77600 7.97929 8.17842 8.37320 8.56355 8.74935 8.93056 9.10711 9.27905 9.44643 9.60931 9.76781 9.92208 10.07224 10.21836 10.36054 10.49880
0.00000 0.00000 0.00000 0.00000 0.00001 0.00051 0.00251 0.00794 0.02105 0.04986 0.10440 0.19169 0.31174 0.45830 0.62219 0.79529 0.97295 1.15258 1.33282 1.51305 1.69316 1.87339 2.05432 2.23671 2.42149 2.60956 2.80165 2.99830 3.19970 3.40580 3.61631 3.83073 4.04850 4.26894 4.49144 4.71535 4.94011 5.16516 5.38999 5.61412 5.83716 6.05870 6.27838 6.49588 6.71091 6.92315 7.13234 7.33823 7.54064 7.73930 7.93404 8.12473 8.31125 8.49349 8.67142 8.84502 9.01430 9.17927 9.33997 9.49651 9.64894 9.79728 9.94156 10.08169 10.21749
0.00000 0.00000 0.00000 0.00000 0.00000 0.00026 0.00159 0.00543 0.01492 0.03648 0.07937 0.15180 0.25620 0.38848 0.54106 0.70643 0.87840 1.05327 1.22968 1.40692 1.58471 1.76311 1.94253 2.12359 2.30702 2.49352 2.68369 2.87787 3.07619 3.27852 3.48455 3.69386 3.90594 4.12025 4.33627 4.55345 4.77131 4.98942 5.20733 5.42463 5.64099 5.85601 6.06938 6.28077 6.48988 6.69646 6.90022 7.10095 7.29838 7.49234 7.68267 7.86919 8.05179 8.23040 8.40495 8.57543 8.74182 8.90412 9.06232 9.21644 9.36638 9.51207 9.65332 9.78990 9.92139
0.00000 0.00000 0.00000 0.00000 0.00000 0.00009 0.00088 0.00343 0.00997 0.02530 0.05747 0.11520 0.20333 0.32030 0.45989 0.61487 0.77941 0.94957 1.12244 1.29660 1.47192 1.64841 1.82628 2.00599 2.18807 2.37302 2.56123 2.75290 2.94806 3.14652 3.34802 3.55220 3.75863 3.96689 4.17656 4.38724 4.59851 4.80998 5.02130 5.23215 5.44212 5.65095 5.85829 6.06385 6.26733 6.46841 6.66691 6.86254 7.05509 7.24439 7.43026 7.61259 7.79119 7.96605 8.13704 8.30411 8.46721 8.62628 8.78123 8.93190 9.07809 9.21955 9.35584 9.48642 9.61067
0.00000 0.00000 0.00000 0.00000 0.00000 0.00001 0.00039 0.00195 0.00621 0.01652 0.03931 0.08308 0.15461 0.25521 0.38064 0.52420 0.67975 0.84293 1.01104 1.18239 1.35550 1.52996 1.70614 1.88436 2.06493 2.24817 2.43427 2.62330 2.81519 3.00978 3.20681 3.40598 3.60700 3.80957 4.01334 4.21799 4.42321 4.62868 4.83405 5.03899 5.24321 5.44637 5.64815 5.84828 6.04645 6.24240 6.43585 6.62655 6.81434 6.99898 7.18034 7.35829 7.53270 7.70342 7.87036 8.03339 8.19238 8.34710 8.49737 8.64285 8.78312 8.91769 9.04591 9.16700 9.28001
0.00000 0.00000 0.00000 0.00000 0.00000 0.00000 0.00012 0.00094 0.00353 0.01006 0.02517 0.05634 0.11141 0.19456 0.30427 0.43504 0.58061 0.73604 0.89806 1.06469 1.23475 1.40745 1.58204 1.75851 1.93727 2.11847 2.30215 2.48828 2.67675 2.86739 3.06002 3.25444 3.45041 3.64774 3.84617 4.04545 4.24531 4.44544 4.64553 4.84527 5.04435 5.24241 5.43915 5.63425 5.82744 6.01842 6.20696 6.39281 6.57575 6.75561 6.93219 7.10533 7.27491 7.44072 7.60263 7.76034 7.91361 8.06210 8.20540 8.34294 8.47411 8.59813 8.71414 8.82107 8.91782
0.00000 0.00000 0.00000 0.00000 0.00000 0.00000 0.00001 0.00035 0.00176 0.00564 0.01498 0.03556 0.07512 0.14011 0.23224 0.34818 0.48216 0.62874 0.78395 0.94521 1.11094 1.28020 1.45245 1.62723 1.80399 1.98269 2.16352 2.34640 2.53118 2.71777 2.90603 3.09583 3.28708 3.47959 3.67319 3.86764 4.06267 4.25801 4.45336 4.64837 4.84269 5.03600 5.22797 5.41826 5.60652 5.79253 5.97601 6.15669 6.33440 6.50889 6.67998 6.84745 7.01106 7.17057 7.32568 7.47600 7.62111 7.76054 7.89356 8.01947 8.13743 8.24640 8.34531 8.43296 8.50806
0.00000 0.00000 0.00000 0.00000 0.00000 0.00000 0.00000 0.00006 0.00071 0.00283 0.00821 0.02071 0.04683 0.09394 0.16684 0.26535 0.38525 0.52107 0.66807 0.82296 0.98358 1.14856 1.31705 1.48850 1.66252 1.83867 2.01639 2.19559 2.37639 2.55873 2.74253 2.92779 3.11439 3.30224 3.49119 3.68102 3.87146 4.06221 4.25292 4.44327 4.63284 4.82130 5.00830 5.19347 5.37649 5.55708 5.73490 5.90973 6.08128 6.24931 6.41361 6.57381 6.72963 6.88071 7.02654 7.16666 7.30039 7.42702 7.54577 7.65564 7.75565 7.84466 7.92138 7.98456 8.03288
0.00000 0.00000 0.00000 0.00000 0.00000 0.00000 0.00000 0.00000 0.00018 0.00119 0.00407 0.01106 0.02672 0.05778 0.11091 0.18941 0.29191 0.41394 0.55041 0.69719 0.85134 1.01093 1.17471 1.34182 1.51164 1.68372 1.85774 2.03328 2.20993 2.38769 2.56680 2.74726 2.92906 3.11209 3.29619 3.48115 3.66669 3.85250 4.03822 4.22343 4.40776 4.59079 4.77213 4.95141 5.12828 5.30241 5.47344 5.64110 5.80507 5.96501 6.12054 6.27130 6.41680 6.55656 6.68995 6.81630 6.93483 7.04463 7.14469 7.23396 7.31128 7.37546 7.42517 7.45921 7.47615
0.00000 -0.00000 0.00000 0.00000 0.00000 0.00000 0.00000 0.00000 0.00000 0.00035 0.00174 0.00536 0.01388 0.03223 0.06707 0.12423 0.20589 0.31011 0.43247 0.56830 0.71383 0.86633 1.02398 1.18554 1.35011 1.51705 1.68590 1.85639 2.02832 2.20153 2.37577 2.55102 2.72744 2.90506 3.08370 3.26313 3.44305 3.62309 3.80287 3.98201 4.16002 4.33653 4.51104 4.68318 4.85251 5.01868 5.18128 5.33994 5.49423 5.64378 5.78806 5.92660 6.05878 6.18392 6.30129 6.41002 6.50921 6.59788 6.67494 6.73924 6.78956 6.82466 6.84330 6.84423 6.82618
0.00000 -0.00000 0.00000 0.00000 0.00000 0.00000 0.00000 0.00000 0.00000 0.00003 0.00056 0.00227 0.00652 0.01622 0.03644 0.07345 0.13231 0.21454 0.31805 0.43874 0.57227 0.71508 0.86457 1.01889 1.17679 1.33735 1.49996 1.66421 1.82988 1.99691 2.16528 2.33493 2.50563 2.67713 2.84930 3.02207 3.19518 3.36824 3.54084 3.71252 3.88282 4.05123 4.21729 4.38055 4.54053 4.69677 4.84883 4.99619 5.13838 5.27480 5.40494 5.52806 5.64348 5.75044 5.84803 5.93535 6.01133 6.07495 6.12505 6.16047 6.18005 6.18260 6.16691 6.13181 6.07618
0.00000 -0.00000 -0.00000 0.00000 0.00000 0.00000 0.00000 0.00000 0.00000 0.00000 0.00008 0.00075 0.00271 0.00738 0.01773 0.03865 0.07587 0.13381 0.21378 0.31393 0.43057 0.55971 0.69792 0.84259 0.99183 1.14434 1.29922 1.45590 1.61405 1.77352 1.93427 2.09626 2.25938 2.42354 2.58846 2.75365 2.91872 3.08330 3.24700 3.40946 3.57018 3.72863 3.88426 4.03653 4.18491 4.32887 4.46784 4.60123 4.72844 4.84880 4.96158 5.06603 5.16134 5.24657 5.32081 5.38306 5.43231 5.46739 5.48725 5.49076 5.47676 5.44412 5.39179 5.31867 5.22379
0.00000 -0.00000 -0.00000 0.00000 0.00000 0.00000 0.00000 0.00000 0.00000 0.00000 0.00000 0.00014 0.00091 0.00299 0.00777 0.01808 0.03834 0.07362 0.12791 0.20261 0.29642 0.40623 0.52841 0.65961 0.79718 0.93917 1.08423 1.23146 1.38035 1.53061 1.68209 1.83469 1.98830 2.14272 2.29774 2.45302 2.60821 2.76284 2.91635 3.06808 3.21743 3.36385 3.50674 3.64559 3.77985 3.90888 4.03202 4.14857 4.25779 4.35893 4.45118 4.53372 4.60562 4.66591 4.71368 4.74788 4.76742 4.77129 4.75839 4.72770 4.67815 4.60877 4.51861 4.40671 4.27212
0.00000 -0.00000 0.00000 -0.00000 0.00000 0.00000 0.00000 0.00000 0.00000 0.00000 0.00000 0.00000 0.00019 0.00099 0.00304 0.00761 0.01714 0.03537 0.06667 0.11465 0.18104 0.26525 0.36493 0.47690 0.59801 0.72559 0.85758 0.99259 1.12971 1.26840 1.40837 1.54943 1.69137 1.83394 1.97687 2.11982 2.26233 2.40397 2.54417 2.68235 2.81791 2.95016 3.07842 3.20194 3.31995 3.43177 3.53662 3.63373 3.72223 3.80133 3.87022 3.92803 3.97380 4.00658 4.02538 4.02926 4.01718 3.98809 3.94114 3.87536 3.78973 3.68343 3.55574 3.40573 3.23236
0.00000 0.00000 -0.00000 0.00000 0.00000 0.00000 0.00000 0.00000 0.00000 0.00000 0.00000 0.00000 0.00000 0.00021 0.00098 0.00287 0.00689 0.01499 0.03010 0.05577 0.09524 0.15051 0.22177 0.30753 0.40532 0.51234 0.62603 0.74433 0.86580 0.98949 1.11482 1.24140 1.36888 1.49696 1.62524 1.75332 1.88071 2.00687 2.13121 2.25306 2.37174 2.48651 2.59663 2.70136 2.79996 2.89162 2.97554 3.05079 3.11646 3.17174 3.21578 3.24756 3.26603 3.27025 3.25941 3.23262 3.18877 3.12695 3.04655 2.94679 2.82655 2.68517 2.52230 2.33663 2.12646
0.00000 -0.00000 -0.00000 -0.00000 -0.00000 0.00000 0.00000 0.00000 0.00000 0.00000 0.00000 0.00000 0.00000 0.00000 0.00020 0.00088 0.00247 0.00572 0.01199 0.02337 0.04253 0.07219 0.11432 0.16970 0.23774 0.31681 0.40476 0.49946 0.59909 0.70230 0.80813 0.91591 1.02510 1.13517 1.24560 1.35585 1.46530 1.57333 1.67923 1.78228 1.88166 1.97660 2.06626 2.14983 2.22655 2.29560 2.35606 2.40693 2.44729 2.47640 2.49352 2.49770 2.48775 2.46278 2.42229 2.36551 2.29116 2.19825 2.08664 1.95569 1.80344 1.62920 1.43446 1.21971 0.98652
0.00000 -0.00000 0.00000 -0.00000 -0.00000 0.00000 0.00000 0.00000 0.00000 0.00000 0.00000 0.00000 0.00000 0.00000 0.00000 0.00016 0.00071 0.00192 0.00429 0.00865 0.01635 0.02915 0.04897 0.07740 0.11539 0.16296 0.21938 0.28341 0.35369 0.42901 0.50837 0.59095 0.67604 0.76294 0.85096 0.93933 1.02729 1.11404 1.19873 1.28048 1.35838 1.43151 1.49896 1.55990 1.61354 1.65906 1.69545 1.72162 1.73660 1.73986 1.73093 1.70875 1.67185 1.61938 1.55156 1.46801 1.36693 1.24745 1.11186 0.96251 0.79949 0.62733 0.45936 0.30754 0.17608
0.00000 -0.00000 -0.00000 -0.00000 0.00000 -0.00000 0.00000 0.00000 0.00000 0.00000 0.00000 0.00000 0.00000 0.00000 0.00000 0.00000 0.00010 0.00048 0.00131 0.00285 0.00558 0.01020 0.01764 0.02895 0.04510 0.06677 0.09424 0.12739 0.16585 0.20916 0.25683 0.30839 0.36333 0.42106 0.48091 0.54210 0.60380 0.66511 0.72506 0.78266 0.83687 0.88663 0.93094 0.96892 0.99982 1.02282 1.03683 1.04056 1.03312 1.01446 0.98473 0.94300 0.88755 0.81816 0.73745 0.64766 0.54818 0.44043 0.33287 0.23518 0.14889 0.07528 0.02463 0.00365 0.00014
