tests/data/gray99/saval2D/outputs/resuqv10.asc
north:     17.44
south:      0.00
east:      60.51
west:       0.00
rows:   68
cols:  236
[rows 0 to 28 of 68, columns 65 to 129 of 236]
0.00000 0.00000 0.00000 0.00000 0.00000 0.00000 0.00000 0.00000 0.00000 0.00000 0.00000 0.00000 0.00000 0.00000 0.00000 0.00000 0.00000 0.00000 0.00000 0.00000 0.00000 0.00000 0.00000 0.00000 0.00000 0.00000 0.00000 0.00000 0.00000 0.00000 0.00000 0.00000 0.00000 0.00000 0.00000 0.00000 0.00000 0.00000 0.00000 0.00000 0.00000 0.00000 0.00000 0.00000 0.00000 0.00000 0.00000 0.00000 0.00000 0.00000 0.00000 0.00000 0.00000 0.00000 0.00000 0.00000 0.00000 0.00000 0.00000 0.00000 0.00000 0.00000 0.00000 0.00000 0.00000
0.00000 0.00000 0.00000 0.00000 0.00000 0.00000 0.00000 0.00000 0.00000 0.00000 0.00000 0.00000 0.00000 0.00000 0.00000 0.00000 0.00000 0.00000 0.00000 0.00000 0.00000 0.00000 0.00000 0.00000 0.00000 0.00000 0.00000 0.00000 0.00000 0.00000 0.00000 0.00000 0.00000 0.00000 0.00000 0.00000 0.00000 0.00000 0.00000 0.00000 0.00000 0.00000 0.00000 0.00000 0.00000 0.00000 0.00000 0.00000 0.00000 0.00000 0.00000 0.00000 0.00000 0.00000 0.00000 0.00000 0.00000 0.00000 0.00000 0.00000 0.00000 0.00000 0.00000 0.00000 0.00000
0.00000 0.00000 0.00000 0.00000 0.00000 0.00000 0.00000 0.00000 0.00000 0.00000 0.00000 0.00000 0.00000 0.00000 0.00000 0.00000 0.00000 0.00000 0.00000 0.00000 0.00000 0.00000 0.00000 0.00000 0.00000 0.00000 0.00000 0.00000 0.00000 0.00000 0.00000 0.00000 0.00000 0.00000 0.00000 0.00000 0.00000 0.00000 0.00000 0.00000 0.00000 0.00000 0.00000 0.00000 0.00000 0.00000 0.00000 0.00000 0.00000 0.00000 0.00000 0.00000 0.00000 0.00000 0.00000 0.00000 0.00000 0.00000 0.00000 0.00000 0.00000 0.00000 0.00000 0.00000 0.00000
0.00000 0.00000 0.00000 0.00000 0.00000 0.00000 0.00000 0.00000 0.00000 0.00000 0.00000 0.00000 0.00000 0.00000 0.00000 0.00000 0.00000 0.00000 0.00000 0.00000 0.00000 0.00000 0.00000 0.00000 0.00000 0.00000 0.00000 0.00000 0.00000 0.00000 0.00000 0.00000 0.00000 0.00000 0.00000 0.00000 0.00000 0.00000 0.00000 0.00000 0.00000 0.00000 0.00000 0.00000 0.00000 0.00000 0.00000 0.00000 0.00000 0.00000 0.00000 0.00000 0.00000 0.00000 0.00000 0.00000 0.00000 0.00000 0.00000 0.00000 0.00000 0.00000 0.00000 0.00000 0.00000
0.00000 0.00000 0.00000 0.00000 0.00000 0.00000 0.00000 0.00000 0.00000 0.00000 0.00000 0.00000 0.00000 0.00000 0.00000 0.00000 0.00000 0.00000 0.00000 0.00000 0.00000 0.00000 0.00000 0.00000 0.00000 0.00000 0.00000 0.00000 0.00000 0.00000 0.00000 0.00000 0.00000 0.00000 0.00000 0.00000 0.00000 0.00000 0.00000 0.00000 0.00000 0.00000 0.00000 0.00000 0.00000 0.00000 0.00000 0.00000 0.00000 0.00000 0.00000 0.00000 0.00000 0.00000 0.00000 0.00000 0.00000 0.00000 0.00000 0.00000 0.00000 0.00000 0.00000 0.00000 0.00000
0.00000 0.00000 0.00000 0.00000 0.00000 0.00000 0.00000 0.00000 0.00000 0.00000 0.00000 0.00000 0.00000 0.00000 0.00000 0.00000 0.00000 0.00000 0.00000 0.00000 0.00000 0.00000 0.00000 0.00000 0.00000 0.00000 0.00000 0.00000 0.00000 0.00000 0.00000 0.00000 0.00000 0.00000 0.00000 0.00000 0.00000 0.00000 0.00000 0.00000 0.00000 0.00000 0.00000 0.00000 0.00000 0.00000 0.00000 0.00000 0.00000 0.00000 0.00000 0.00000 0.00000 0.00000 0.00000 0.00000 0.00000 0.00000 0.00000 0.00000 0.00000 0.00000 0.00000 0.00000 0.00000
0.00000 0.00000 0.00000 0.00000 0.00000 0.00000 0.00000 0.00000 0.00000 0.00000 0.00000 0.00000 0.00000 0.00000 0.00000 0.00000 0.00000 0.00000 0.00000 0.00000 0.00000 0.00000 0.00000 0.00000 0.00000 0.00000 0.00000 0.00000 0.00000 0.00000 0.00000 0.00000 0.00000 0.00000 0.00000 0.00000 0.00000 0.00000 0.00000 0.00000 0.00000 0.00000 0.00000 0.00000 0.00000 0.00000 0.00000 0.00000 0.00000 0.00000 0.00000 0.00000 0.00000 0.00000 0.00000 0.00000 0.00000 0.00000 0.00000 0.00000 0.00000 0.00000 0.00000 0.00000 0.00000
0.00000 0.00000 0.00000 0.00000 0.00000 0.00000 0.00000 0.00000 0.00000 0.00000 0.00000 0.00000 0.00000 0.00000 0.00000 0.00000 0.00000 0.00000 0.00000 0.00000 0.00000 0.00000 0.00000 0.00000 0.00000 0.00000 0.00000 0.00000 0.00000 0.00000 0.00000 0.00000 0.00000 0.00000 0.00000 0.00000 0.00000 0.00000 0.00000 0.00000 0.00000 0.00000 0.00000 0.00000 0.00000 0.00000 0.00000 0.00000 0.00000 0.00000 0.00000 0.00000 0.00000 0.00000 0.00000 0.00000 0.00000 0.00000 0.00000 0.00000 0.00000 0.00000 0.00000 0.00000 0.00000
0.00003 0.00000 0.00000 0.00000 0.00000 0.00000 0.00000 0.00000 0.00000 0.00000 0.00000 0.00000 0.00000 0.00000 0.00000 0.00000 0.00000 0.00000 0.00000 0.00000 0.00000 0.00000 0.00000 0.00000 0.00000 0.00000 0.00000 0.00000 0.00000 0.00000 0.00000 0.00000 0.00000 0.00000 0.00000 0.00000 0.00000 0.00000 0.00000 0.00000 0.00000 0.00000 0.00000 0.00000 0.00000 0.00000 0.00000 0.00000 0.00000 0.00000 0.00000 0.00000 0.00000 0.00000 0.00000 0.00000 0.00000 0.00000 0.00000 0.00000 0.00000 0.00000 0.00000 0.00000 0.00000
0.00031 0.00025 0.00021 0.00018 0.00014 0.00007 0.00001 0.00000 0.00000 0.00000 0.00000 0.00000 0.00000 0.00000 0.00000 0.00000 0.00000 0.00000 0.00000 0.00000 0.00000 0.00000 0.00000 0.00000 0.00000 0.00000 0.00000 0.00000 0.00000 0.00000 0.00000 0.00000 0.00000 0.00000 0.00000 0.00000 0.00000 0.00000 0.00000 0.00000 0.00000 0.00000 0.00000 0.00000 0.00000 0.00000 0.00000 0.00000 0.00000 0.00000 0.00000 0.00000 0.00000 0.00000 0.00000 0.00000 0.00000 0.00000 0.00000 0.00000 0.00000 0.00000 0.00000 0.00000 0.00000
0.00089 0.00078 0.00070 0.00063 0.00053 0.00042 0.00032 0.00026 0.00022 0.00018 0.00010 0.00003 0.00000 0.00000 0.00000 0.00000 0.00000 0.00000 0.00000 0.00000 0.00000 0.00000 0.00000 0.00000 0.00000 0.00000 0.00000 0.00000 0.00000 0.00000 0.00000 0.00000 0.00000 0.00000 0.00000 0.00000 0.00000 0.00000 0.00000 0.00000 0.00000 0.00000 0.00000 0.00000 0.00000 0.00000 0.00000 0.00000 0.00000 0.00000 0.00000 0.00000 0.00000 0.00000 0.00000 0.00000 0.00000 0.00000 0.00000 0.00000 0.00000 0.00000 0.00000 0.00000 0.00000
0.00183 0.00168 0.00154 0.00142 0.00128 0.00112 0.00097 0.00086 0.00076 0.00066 0.00053 0.00041 0.00032 0.00027 0.00022 0.00015 0.00006 0.00001 0.00000 0.00000 0.00000 0.00000 0.00000 0.00000 0.00000 0.00000 0.00000 0.00000 0.00000 0.00000 0.00000 0.00000 0.00000 0.00000 0.00000 0.00000 0.00000 0.00000 0.00000 0.00000 0.00000 0.00000 0.00000 0.00000 0.00000 0.00000 0.00000 0.00000 0.00000 0.00000 0.00000 0.00000 0.00000 0.00000 0.00000 0.00000 0.00000 0.00000 0.00000 0.00000 0.00000 0.00000 0.00000 0.00000 0.00000
0.00319 0.00299 0.00281 0.00264 0.00246 0.00226 0.00206 0.00188 0.00172 0.00156 0.00138 0.00119 0.00104 0.00092 0.00081 0.00067 0.00052 0.00040 0.00034 0.00028 0.00022 0.00012 0.00003 0.00000 0.00000 0.00000 0.00000 0.00000 0.00000 0.00000 0.00000 0.00000 0.00000 0.00000 0.00000 0.00000 0.00000 0.00000 0.00000 0.00000 0.00000 0.00000 0.00000 0.00000 0.00000 0.00000 0.00000 0.00000 0.00000 0.00000 0.00000 0.00000 0.00000 0.00000 0.00000 0.00000 0.00000 0.00000 0.00000 0.00000 0.00000 0.00000 0.00000 0.00000 0.00000
0.00502 0.00479 0.00457 0.00435 0.00413 0.00389 0.00364 0.00341 0.00319 0.00297 0.00273 0.00249 0.00227 0.00208 0.00189 0.00169 0.00147 0.00128 0.00113 0.00101 0.00087 0.00069 0.00054 0.00044 0.00038 0.00032 0.00023 0.00012 0.00003 0.00000 0.00000 0.00000 0.00000 0.00000 0.00000 0.00000 0.00000 0.00000 0.00000 0.00000 0.00000 0.00000 0.00000 0.00000 0.00000 0.00000 0.00000 0.00000 0.00000 0.00000 0.00000 0.00000 0.00000 0.00000 0.00000 0.00000 0.00000 0.00000 0.00000 0.00000 0.00000 0.00000 0.00000 0.00000 0.00000
0.00737 0.00713 0.00688 0.00663 0.00637 0.00610 0.00581 0.00553 0.00526 0.00498 0.00470 0.00440 0.00411 0.00385 0.00359 0.00332 0.00304 0.00277 0.00254 0.00233 0.00211 0.00187 0.00163 0.00144 0.00129 0.00116 0.00099 0.00080 0.00063 0.00052 0.00046 0.00041 0.00034 0.00023 0.00012 0.00004 0.00001 0.00000 0.00000 0.00000 0.00000 0.00000 0.00000 0.00000 0.00000 0.00000 0.00000 0.00000 0.00000 0.00000 0.00000 0.00000 0.00000 0.00000 0.00000 0.00000 0.00000 0.00000 0.00000 0.00001 0.00001 0.00002 0.00004 0.00008 0.00019
0.01030 0.01005 0.00978 0.00951 0.00923 0.00894 0.00863 0.00831 0.00800 0.00768 0.00735 0.00701 0.00667 0.00634 0.00602 0.00568 0.00534 0.00501 0.00469 0.00440 0.00410 0.00379 0.00347 0.00319 0.00295 0.00272 0.00248 0.00221 0.00195 0.00174 0.00159 0.00145 0.00130 0.00112 0.00091 0.00075 0.00065 0.00059 0.00054 0.00049 0.00042 0.00035 0.00027 0.00020 0.00015 0.00014 0.00016 0.00019 0.00025 0.00033 0.00043 0.00055 0.00069 0.00085 0.00103 0.00122 0.00141 0.00161 0.00182 0.00205 0.00232 0.00269 0.00318 0.00373 0.00418
0.01384 0.01360 0.01335 0.01307 0.01279 0.01249 0.01217 0.01183 0.01149 0.01115 0.01079 0.01041 0.01004 0.00966 0.00928 0.00890 0.00851 0.00811 0.00773 0.00736 0.00699 0.00661 0.00623 0.00587 0.00553 0.00521 0.00489 0.00454 0.00420 0.00390 0.00364 0.00341 0.00317 0.00291 0.00263 0.00237 0.00217 0.00202 0.00190 0.00186 0.00211 0.00244 0.00286 0.00342 0.00412 0.00490 0.00575 0.00664 0.00756 0.00849 0.00941 0.01031 0.01118 0.01202 0.01283 0.01362 0.01443 0.01526 0.01615 0.01689 0.01730 0.01707 0.01592 0.01355 0.00963
0.01805 0.01784 0.01761 0.01736 0.01709 0.01680 0.01649 0.01616 0.01582 0.01546 0.01509 0.01470 0.01431 0.01390 0.01350 0.01308 0.01265 0.01222 0.01179 0.01137 0.01094 0.01051 0.01007 0.00964 0.00923 0.00883 0.00844 0.00803 0.00762 0.00723 0.00688 0.00655 0.00624 0.00638 0.00723 0.00844 0.00969 0.01114 0.01279 0.01451 0.01613 0.01762 0.01901 0.02030 0.02149 0.02258 0.02358 0.02448 0.02529 0.02602 0.02667 0.02727 0.02782 0.02836 0.02890 0.02945 0.03004 0.03063 0.03112 0.03110 0.03005 0.02735 0.02249 0.01510 0.00488
0.02295 0.02280 0.02262 0.02242 0.02219 0.02193 0.02166 0.02136 0.02104 0.02070 0.02034 0.01997 0.01958 0.01918 0.01877 0.01834 0.01791 0.01746 0.01701 0.01656 0.01610 0.01564 0.01518 0.01471 0.01425 0.01380 0.01336 0.01387 0.01569 0.01843 0.02111 0.02357 0.02595 0.02810 0.02999 0.03151 0.03282 0.03404 0.03512 0.03603 0.03673 0.03721 0.03749 0.03758 0.03752 0.03733 0.03704 0.03668 0.03627 0.03584 0.03540 0.03498 0.03458 0.03424 0.03396 0.03377 0.03367 0.03361 0.03328 0.03215 0.02952 0.02469 0.01714 0.00643 -0.00770
0.02859 0.02852 0.02842 0.02829 0.02814 0.02795 0.02773 0.02749 0.02723 0.02694 0.02663 0.02630 0.02595 0.02559 0.02520 0.02481 0.02440 0.02397 0.02353 0.02309 0.02265 0.02324 0.02569 0.02959 0.03405 0.03814 0.04155 0.04408 0.04602 0.04744 0.04843 0.04925 0.05002 0.05069 0.05111 0.05124 0.05110 0.05076 0.05023 0.04956 0.04875 0.04781 0.04677 0.04565 0.04445 0.04320 0.04193 0.04067 0.03944 0.03827 0.03717 0.03617 0.03528 0.03452 0.03390 0.03343 0.03308 0.03272 0.03191 0.03006 0.02646 0.02049 0.01162 -0.00055 -0.01631
0.03500 0.03505 0.03506 0.03504 0.03499 0.03491 0.03479 0.03464 0.03447 0.03427 0.03405 0.03380 0.03353 0.03324 0.03304 0.03369 0.03609 0.04011 0.04527 0.05056 0.05535 0.05903 0.06170 0.06372 0.06508 0.06595 0.06653 0.06691 0.06708 0.06702 0.06673 0.06625 0.06563 0.06487 0.06393 0.06282 0.06154 0.06013 0.05860 0.05699 0.05530 0.05357 0.05180 0.05002 0.04824 0.04648 0.04475 0.04308 0.04149 0.04000 0.03863 0.03740 0.03633 0.03542 0.03469 0.03415 0.03373 0.03318 0.03207 0.02980 0.02574 0.01935 0.01015 -0.00222 -0.01807
0.04222 0.04242 0.04259 0.04272 0.04281 0.04287 0.04289 0.04289 0.04289 0.04329 0.04493 0.04839 0.05334 0.05899 0.06442 0.06909 0.07287 0.07613 0.07879 0.08104 0.08284 0.08397 0.08438 0.08422 0.08371 0.08301 0.08225 0.08146 0.08062 0.07966 0.07854 0.07725 0.07581 0.07423 0.07252 0.07069 0.06877 0.06676 0.06470 0.06259 0.06045 0.05831 0.05618 0.05408 0.05201 0.05001 0.04808 0.04623 0.04449 0.04288 0.04140 0.04008 0.03894 0.03798 0.03721 0.03663 0.03615 0.03546 0.03418 0.03175 0.02762 0.02135 0.01252 0.00078 -0.01416
0.05028 0.05069 0.05106 0.05150 0.05243 0.05457 0.05828 0.06331 0.06880 0.07397 0.07848 0.08234 0.08587 0.08908 0.09210 0.09478 0.09689 0.09834 0.09914 0.09944 0.09930 0.09877 0.09789 0.09674 0.09547 0.09414 0.09278 0.09140 0.08995 0.08839 0.08670 0.08488 0.08294 0.08088 0.07874 0.07653 0.07426 0.07195 0.06961 0.06726 0.06492 0.06260 0.06031 0.05807 0.05590 0.05381 0.05181 0.04992 0.04815 0.04651 0.04502 0.04370 0.04254 0.04158 0.04081 0.04023 0.03967 0.03892 0.03762 0.03527 0.03141 0.02567 0.01768 0.00712 -0.00630
0.06200 0.06571 0.07044 0.07540 0.08007 0.08422 0.08797 0.09144 0.09473 0.09789 0.10081 0.10336 0.10552 0.10738 0.10900 0.11031 0.11113 0.11137 0.11102 0.11018 0.10898 0.10756 0.10599 0.10436 0.10270 0.10103 0.09934 0.09758 0.09575 0.09383 0.09180 0.08968 0.08747 0.08518 0.08285 0.08047 0.07806 0.07564 0.07323 0.07082 0.06844 0.06610 0.06381 0.06158 0.05943 0.05737 0.05541 0.05357 0.05185 0.05028 0.04885 0.04758 0.04648 0.04556 0.04483 0.04428 0.04367 0.04298 0.04182 0.03976 0.03644 0.03151 0.02465 0.01558 0.00401
0.08661 0.09008 0.09332 0.09649 0.09959 0.10253 0.10521 0.10764 0.10989 0.11199 0.11386 0.11541 0.11659 0.11743 0.11796 0.11817 0.11799 0.11739 0.11636 0.11497 0.11333 0.11155 0.10971 0.10785 0.10600 0.10413 0.10224 0.10029 0.09827 0.09618 0.09402 0.09179 0.08951 0.08719 0.08484 0.08247 0.08009 0.07772 0.07537 0.07305 0.07077 0.06854 0.06637 0.06427 0.06225 0.06032 0.05850 0.05679 0.05521 0.05376 0.05246 0.05130 0.05031 0.04949 0.04884 0.04835 0.04780 0.04726 0.04638 0.04478 0.04215 0.03819 0.03262 0.02517 0.01557
0.10048 0.10313 0.10561 0.10798 0.11023 0.11230 0.11411 0.11566 0.11699 0.11814 0.11909 0.11978 0.12019 0.12030 0.12011 0.11964 0.11888 0.11781 0.11646 0.11489 0.11315 0.11131 0.10944 0.10755 0.10566 0.10375 0.10182 0.09984 0.09781 0.09573 0.09361 0.09145 0.08926 0.08705 0.08483 0.08261 0.08041 0.07822 0.07606 0.07395 0.07187 0.06986 0.06791 0.06603 0.06423 0.06252 0.06091 0.05941 0.05803 0.05677 0.05565 0.05466 0.05383 0.05314 0.05261 0.05220 0.05182 0.05153 0.05102 0.04997 0.04811 0.04518 0.04092 0.03509 0.02743
0.10643 0.10835 0.11008 0.11166 0.11310 0.11438 0.11545 0.11630 0.11694 0.11739 0.11767 0.11775 0.11763 0.11729 0.11672 0.11592 0.11491 0.11369 0.11229 0.11074 0.10909 0.10738 0.10564 0.10389 0.10212 0.10033 0.09852 0.09668 0.09480 0.09289 0.09095 0.08900 0.08703 0.08506 0.08309 0.08114 0.07921 0.07731 0.07544 0.07362 0.07185 0.07013 0.06847 0.06689 0.06538 0.06396 0.06263 0.06139 0.06027 0.05925 0.05835 0.05757 0.05693 0.05642 0.05605 0.05575 0.05560 0.05562 0.05552 0.05504 0.05396 0.05202 0.04900 0.04468 0.03883
0.10497 0.10627 0.10740 0.10837 0.10919 0.10988 0.11040 0.11077 0.11096 0.11100 0.11089 0.11064 0.11024 0.10969 0.10897 0.10810 0.10708 0.10592 0.10465 0.10328 0.10186 0.10040 0.09891 0.09742 0.09592 0.09439 0.09285 0.09129 0.08970 0.08808 0.08645 0.08482 0.08318 0.08155 0.07993 0.07833 0.07676 0.07522 0.07372 0.07226 0.07085 0.06949 0.06819 0.06696 0.06579 0.06470 0.06369 0.06277 0.06193 0.06119 0.06056 0.06003 0.05961 0.05930 0.05911 0.05898 0.05908 0.05941 0.05972 0.05978 0.05939 0.05834 0.05643 0.05346 0.04923
0.09715 0.09800 0.09870 0.09927 0.09972 0.10005 0.10027 0.10036 0.10034 0.10020 0.09995 0.09960 0.09914 0.09858 0.09791 0.09714 0.09627 0.09532 0.09430 0.09322 0.09212 0.09099 0.08986 0.08873 0.08759 0.08645 0.08529 0.08411 0.08292 0.08171 0.08049 0.07926 0.07804 0.07683 0.07563 0.07445 0.07330 0.07218 0.07110 0.07005 0.06905 0.06810 0.06720 0.06635 0.06556 0.06484 0.06418 0.06359 0.06308 0.06265 0.06230 0.06203 0.06186 0.06178 0.06179 0.06186 0.06222 0.06284 0.06349 0.06400 0.06419 0.06388 0.06290 0.06108 0.05824
