tests/data/gray99/saval2D/outputs/resuh10.asc
north:     17.44
south:      0.00
east:      60.51
west:       0.00
rows:   68
cols:  236
[rows 29 to 57 of 68, columns 67 to 133 of 236]
0.34091 0.35261 0.36441 0.37629 0.38825 0.40028 0.41238 0.42453 0.43673 0.44898 0.46127 0.47360 0.48595 0.49833 0.51072 0.52314 0.53557 0.54802 0.56048 0.57296 0.58545 0.59795 0.61044 0.62293 0.63541 0.64786 0.66028 0.67267 0.68501 0.69731 0.70955 0.72174 0.73387 0.74595 0.75795 0.76990 0.78177 0.79358 0.80531 0.81696 0.82853 0.84003 0.85144 0.86277 0.87400 0.88515 0.89621 0.90717 0.91804 0.92880 0.93947 0.95004 0.96053 0.97123 0.98275 0.99473 1.00694 1.01933 1.03185 1.04445 1.05711 1.06978 1.08242 1.09499 1.10745 1.11977 1.13191
0.36340 0.37513 0.38694 0.39882 0.41076 0.42277 0.43483 0.44694 0.45909 0.47129 0.48352 0.49579 0.50808 0.52040 0.53274 0.54510 0.55747 0.56987 0.58227 0.59469 0.60711 0.61954 0.63196 0.64437 0.65677 0.66914 0.68149 0.69380 0.70607 0.71830 0.73048 0.74262 0.75469 0.76671 0.77867 0.79057 0.80240 0.81416 0.82585 0.83746 0.84899 0.86045 0.87183 0.88312 0.89432 0.90543 0.91646 0.92738 0.93822 0.94896 0.95959 0.97013 0.98059 0.99127 1.00260 1.01431 1.02624 1.03833 1.05057 1.06292 1.07534 1.08781 1.10029 1.11275 1.12516 1.13748 1.14966
0.37913 0.39087 0.40267 0.41454 0.42646 0.43843 0.45046 0.46253 0.47464 0.48679 0.49898 0.51119 0.52344 0.53571 0.54800 0.56032 0.57265 0.58499 0.59735 0.60972 0.62209 0.63446 0.64682 0.65918 0.67152 0.68383 0.69612 0.70838 0.72059 0.73277 0.74490 0.75698 0.76901 0.78099 0.79290 0.80476 0.81655 0.82828 0.83993 0.85151 0.86302 0.87445 0.88580 0.89707 0.90825 0.91934 0.93034 0.94125 0.95206 0.96278 0.97339 0.98391 0.99436 1.00501 1.01618 1.02769 1.03940 1.05128 1.06331 1.07547 1.08772 1.10005 1.11243 1.12482 1.13720 1.14952 1.16176
0.38795 0.39968 0.41147 0.42332 0.43523 0.44719 0.45919 0.47123 0.48331 0.49543 0.50758 0.51977 0.53199 0.54423 0.55650 0.56879 0.58109 0.59341 0.60574 0.61807 0.63041 0.64275 0.65508 0.66741 0.67971 0.69199 0.70424 0.71646 0.72864 0.74078 0.75289 0.76495 0.77695 0.78890 0.80079 0.81262 0.82439 0.83609 0.84773 0.85929 0.87079 0.88220 0.89354 0.90478 0.91594 0.92702 0.93801 0.94891 0.95971 0.97043 0.98103 0.99154 1.00198 1.01259 1.02367 1.03505 1.04664 1.05841 1.07032 1.08238 1.09454 1.10680 1.11912 1.13147 1.14384 1.15618 1.16845
0.38977 0.40150 0.41329 0.42514 0.43704 0.44899 0.46098 0.47301 0.48508 0.49719 0.50934 0.52151 0.53372 0.54596 0.55823 0.57051 0.58282 0.59513 0.60745 0.61978 0.63211 0.64444 0.65677 0.66908 0.68137 0.69364 0.70587 0.71808 0.73025 0.74239 0.75449 0.76653 0.77853 0.79047 0.80236 0.81418 0.82594 0.83764 0.84928 0.86084 0.87233 0.88374 0.89507 0.90632 0.91748 0.92856 0.93955 0.95045 0.96125 0.97196 0.98257 0.99309 1.00353 1.01414 1.02520 1.03656 1.04811 1.05985 1.07173 1.08376 1.09590 1.10814 1.12046 1.13281 1.14518 1.15753 1.16982
0.38462 0.39633 0.40810 0.41993 0.43182 0.44377 0.45576 0.46780 0.47989 0.49202 0.50419 0.51638 0.52861 0.54087 0.55316 0.56547 0.57780 0.59015 0.60250 0.61485 0.62720 0.63954 0.65188 0.66420 0.67650 0.68878 0.70104 0.71326 0.72544 0.73759 0.74969 0.76174 0.77375 0.78570 0.79760 0.80944 0.82122 0.83293 0.84457 0.85614 0.86764 0.87906 0.89041 0.90167 0.91285 0.92394 0.93494 0.94585 0.95667 0.96739 0.97802 0.98855 0.99901 1.00965 1.02077 1.03219 1.04381 1.05561 1.06756 1.07964 1.09184 1.10412 1.11647 1.12885 1.14124 1.15360 1.16590
0.37253 0.38423 0.39600 0.40783 0.41974 0.43169 0.44370 0.45575 0.46785 0.47998 0.49215 0.50437 0.51663 0.52893 0.54127 0.55364 0.56603 0.57843 0.59084 0.60324 0.61564 0.62803 0.64041 0.65277 0.66510 0.67742 0.68970 0.70196 0.71417 0.72635 0.73848 0.75057 0.76261 0.77459 0.78651 0.79838 0.81018 0.82192 0.83359 0.84519 0.85671 0.86816 0.87953 0.89082 0.90202 0.91314 0.92416 0.93510 0.94594 0.95669 0.96735 0.97790 0.98839 0.99908 1.01032 1.02190 1.03369 1.04565 1.05775 1.06998 1.08230 1.09470 1.10713 1.11958 1.13201 1.14438 1.15666
0.35361 0.36527 0.37703 0.38887 0.40078 0.41276 0.42479 0.43687 0.44900 0.46117 0.47337 0.48561 0.49789 0.51022 0.52259 0.53501 0.54746 0.55995 0.57244 0.58493 0.59741 0.60987 0.62232 0.63474 0.64714 0.65951 0.67184 0.68415 0.69642 0.70864 0.72082 0.73296 0.74504 0.75706 0.76903 0.78094 0.79279 0.80456 0.81627 0.82791 0.83947 0.85095 0.86236 0.87368 0.88492 0.89607 0.90714 0.91811 0.92899 0.93978 0.95047 0.96106 0.97158 0.98232 0.99375 1.00557 1.01760 1.02981 1.04215 1.05460 1.06712 1.07969 1.09226 1.10480 1.11729 1.12967 1.14192
0.32803 0.33964 0.35136 0.36319 0.37510 0.38708 0.39914 0.41125 0.42341 0.43561 0.44785 0.46011 0.47242 0.48478 0.49719 0.50965 0.52217 0.53472 0.54730 0.55989 0.57247 0.58503 0.59756 0.61007 0.62254 0.63499 0.64740 0.65977 0.67210 0.68439 0.69664 0.70883 0.72097 0.73305 0.74507 0.75703 0.76893 0.78076 0.79251 0.80420 0.81581 0.82734 0.83879 0.85015 0.86144 0.87263 0.88374 0.89476 0.90568 0.91652 0.92725 0.93789 0.94846 0.95924 0.97086 0.98297 0.99532 1.00785 1.02050 1.03324 1.04603 1.05882 1.07157 1.08425 1.09681 1.10922 1.12142
0.29606 0.30758 0.31924 0.33102 0.34290 0.35487 0.36693 0.37906 0.39124 0.40345 0.41570 0.42798 0.44030 0.45266 0.46509 0.47759 0.49016 0.50278 0.51544 0.52811 0.54079 0.55346 0.56610 0.57870 0.59127 0.60380 0.61629 0.62874 0.64115 0.65351 0.66582 0.67808 0.69029 0.70243 0.71452 0.72654 0.73849 0.75037 0.76219 0.77392 0.78558 0.79716 0.80866 0.82008 0.83141 0.84265 0.85381 0.86488 0.87585 0.88673 0.89752 0.90822 0.91884 0.92963 0.94144 0.95385 0.96656 0.97945 0.99248 1.00557 1.01868 1.03175 1.04472 1.05757 1.07022 1.08265 1.09480
0.25808 0.26947 0.28102 0.29269 0.30448 0.31640 0.32843 0.34054 0.35271 0.36491 0.37713 0.38938 0.40166 0.41399 0.42640 0.43890 0.45148 0.46414 0.47687 0.48963 0.50240 0.51516 0.52790 0.54060 0.55326 0.56588 0.57845 0.59098 0.60347 0.61590 0.62829 0.64062 0.65289 0.66509 0.67724 0.68932 0.70133 0.71327 0.72513 0.73692 0.74863 0.76026 0.77180 0.78327 0.79464 0.80594 0.81714 0.82826 0.83929 0.85022 0.86106 0.87181 0.88249 0.89328 0.90519 0.91790 0.93096 0.94425 0.95768 0.97116 0.98463 0.99802 1.01126 1.02429 1.03706 1.04952 1.06162
0.21452 0.22573 0.23708 0.24857 0.26022 0.27205 0.28402 0.29608 0.30817 0.32029 0.33242 0.34457 0.35675 0.36899 0.38130 0.39371 0.40625 0.41890 0.43165 0.44447 0.45731 0.47015 0.48297 0.49576 0.50850 0.52120 0.53384 0.54644 0.55899 0.57149 0.58393 0.59632 0.60864 0.62090 0.63310 0.64523 0.65728 0.66926 0.68117 0.69300 0.70475 0.71642 0.72801 0.73951 0.75093 0.76226 0.77351 0.78467 0.79574 0.80673 0.81762 0.82842 0.83915 0.84992 0.86183 0.87476 0.88815 0.90182 0.91565 0.92954 0.94339 0.95712 0.97065 0.98390 0.99679 1.00928 1.02131
0.16517 0.17631 0.18751 0.19883 0.21037 0.22215 0.23407 0.24602 0.25798 0.26995 0.28195 0.29396 0.30598 0.31801 0.33010 0.34231 0.35468 0.36723 0.37992 0.39273 0.40559 0.41848 0.43135 0.44418 0.45698 0.46972 0.48242 0.49505 0.50764 0.52018 0.53266 0.54508 0.55743 0.56973 0.58195 0.59411 0.60619 0.61820 0.63013 0.64198 0.65376 0.66545 0.67706 0.68859 0.70003 0.71139 0.72266 0.73385 0.74496 0.75598 0.76691 0.77776 0.78852 0.79929 0.81104 0.82407 0.83771 0.85170 0.86590 0.88017 0.89440 0.90847 0.92229 0.93575 0.94877 0.96129 0.97325
0.10530 0.11833 0.13046 0.14225 0.15415 0.16619 0.17823 0.19016 0.20204 0.21396 0.22594 0.23790 0.24974 0.26147 0.27319 0.28503 0.29707 0.30936 0.32188 0.33456 0.34737 0.36022 0.37309 0.38593 0.39873 0.41147 0.42417 0.43681 0.44939 0.46192 0.47439 0.48681 0.49916 0.51145 0.52367 0.53582 0.54789 0.55989 0.57181 0.58366 0.59543 0.60711 0.61872 0.63024 0.64169 0.65305 0.66432 0.67552 0.68663 0.69767 0.70862 0.71949 0.73028 0.74104 0.75253 0.76548 0.77922 0.79342 0.80789 0.82248 0.83703 0.85141 0.86548 0.87914 0.89227 0.90482 0.91670
0.05459 0.05747 0.06404 0.07366 0.08563 0.09932 0.11346 0.12643 0.13883 0.15123 0.16365 0.17590 0.18778 0.19933 0.21074 0.22222 0.23387 0.24573 0.25782 0.27017 0.28274 0.29545 0.30823 0.32101 0.33376 0.34645 0.35908 0.37166 0.38418 0.39664 0.40905 0.42140 0.43370 0.44592 0.45808 0.47018 0.48220 0.49414 0.50601 0.51781 0.52952 0.54116 0.55272 0.56420 0.57561 0.58693 0.59818 0.60935 0.62044 0.63145 0.64239 0.65325 0.66403 0.67478 0.68595 0.69859 0.71226 0.72649 0.74109 0.75586 0.77062 0.78522 0.79948 0.81327 0.82648 0.83903 0.85084
0.04555 0.04564 0.04570 0.04574 0.04575 0.04618 0.04866 0.05517 0.06494 0.07697 0.09067 0.10483 0.11772 0.12980 0.14174 0.15361 0.16532 0.17679 0.18819 0.19980 0.21176 0.22408 0.23663 0.24929 0.26194 0.27453 0.28705 0.29950 0.31190 0.32423 0.33651 0.34873 0.36089 0.37299 0.38502 0.39699 0.40889 0.42072 0.43248 0.44416 0.45577 0.46730 0.47876 0.49015 0.50146 0.51270 0.52386 0.53495 0.54597 0.55692 0.56780 0.57860 0.58934 0.60002 0.61091 0.62301 0.63634 0.65039 0.66489 0.67965 0.69445 0.70910 0.72343 0.73727 0.75050 0.76303 0.77481
0.03842 0.03840 0.03835 0.03828 0.03819 0.03807 0.03793 0.03777 0.03759 0.03739 0.03744 0.03923 0.04483 0.05357 0.06444 0.07700 0.09031 0.10256 0.11377 0.12488 0.13602 0.14742 0.15910 0.17106 0.18322 0.19549 0.20778 0.22007 0.23229 0.24444 0.25652 0.26853 0.28049 0.29239 0.30423 0.31600 0.32770 0.33934 0.35090 0.36240 0.37383 0.38519 0.39648 0.40770 0.41885 0.42993 0.44093 0.45188 0.46275 0.47357 0.48432 0.49501 0.50563 0.51619 0.52683 0.53824 0.55094 0.56450 0.57863 0.59311 0.60770 0.62220 0.63641 0.65017 0.66336 0.67589 0.68771
0.03227 0.03216 0.03203 0.03188 0.03170 0.03150 0.03129 0.03105 0.03079 0.03052 0.03023 0.02993 0.02961 0.02927 0.02893 0.02857 0.02921 0.03305 0.04010 0.04912 0.05952 0.07094 0.08193 0.09199 0.10214 0.11256 0.12350 0.13499 0.14665 0.15828 0.16984 0.18138 0.19291 0.20441 0.21586 0.22727 0.23863 0.24993 0.26119 0.27238 0.28352 0.29459 0.30560 0.31654 0.32741 0.33822 0.34896 0.35965 0.37027 0.38085 0.39137 0.40184 0.41224 0.42259 0.43294 0.44365 0.45541 0.46816 0.48156 0.49540 0.50946 0.52353 0.53742 0.55098 0.56411 0.57672 0.58880
0.02691 0.02674 0.02655 0.02633 0.02610 0.02584 0.02557 0.02528 0.02497 0.02464 0.02430 0.02395 0.02359 0.02321 0.02282 0.02242 0.02202 0.02160 0.02118 0.02075 0.02032 0.01988 0.02158 0.02632 0.03271 0.04003 0.04823 0.05752 0.06616 0.07488 0.08400 0.09367 0.10367 0.11383 0.12406 0.13437 0.14473 0.15515 0.16559 0.17605 0.18649 0.19690 0.20728 0.21761 0.22790 0.23815 0.24836 0.25853 0.26866 0.27876 0.28883 0.29885 0.30882 0.31873 0.32860 0.33862 0.34919 0.36074 0.37299 0.38577 0.39890 0.41221 0.42557 0.43888 0.45204 0.46502 0.47778
0.02223 0.02201 0.02177 0.02151 0.02123 0.02094 0.02063 0.02030 0.01996 0.01960 0.01923 0.01885 0.01846 0.01806 0.01765 0.01724 0.01681 0.01638 0.01595 0.01551 0.01507 0.01463 0.01417 0.01373 0.01329 0.01286 0.01241 0.01196 0.01417 0.01779 0.02199 0.02701 0.03296 0.03929 0.04581 0.05276 0.06014 0.06785 0.07582 0.08399 0.09232 0.10078 0.10934 0.11799 0.12672 0.13551 0.14435 0.15323 0.16214 0.17106 0.17999 0.18890 0.19780 0.20666 0.21549 0.22440 0.23345 0.24323 0.25374 0.26486 0.27655 0.28875 0.30142 0.31454 0.32805 0.34190 0.35603
0.01814 0.01788 0.01761 0.01732 0.01701 0.01670 0.01636 0.01601 0.01565 0.01528 0.01490 0.01451 0.01411 0.01371 0.01330 0.01288 0.01246 0.01203 0.01160 0.01118 0.01076 0.01032 0.00988 0.00945 0.00905 0.00864 0.00822 0.00778 0.00736 0.00700 0.00666 0.00631 0.00593 0.00619 0.00734 0.00900 0.01131 0.01421 0.01757 0.02120 0.02517 0.02947 0.03409 0.03902 0.04423 0.04969 0.05536 0.06122 0.06721 0.07332 0.07951 0.08578 0.09210 0.09847 0.10490 0.11142 0.11805 0.12504 0.13273 0.14121 0.15062 0.16108 0.17268 0.18546 0.19939 0.21437 0.23026
0.01456 0.01428 0.01399 0.01368 0.01336 0.01303 0.01269 0.01233 0.01197 0.01160 0.01122 0.01084 0.01044 0.01005 0.00965 0.00926 0.00884 0.00843 0.00804 0.00765 0.00725 0.00684 0.00643 0.00605 0.00570 0.00534 0.00494 0.00453 0.00417 0.00389 0.00363 0.00335 0.00299 0.00259 0.00227 0.00207 0.00193 0.00181 0.00173 0.00189 0.00221 0.00275 0.00351 0.00447 0.00564 0.00701 0.00858 0.01034 0.01227 0.01438 0.01664 0.01904 0.02156 0.02416 0.02685 0.02961 0.03250 0.03560 0.03925 0.04376 0.04943 0.05654 0.06531 0.07587 0.08823 0.10235 0.11807
0.01144 0.01115 0.01085 0.01054 0.01022 0.00989 0.00955 0.00919 0.00884 0.00849 0.00813 0.00775 0.00737 0.00701 0.00665 0.00628 0.00589 0.00551 0.00516 0.00483 0.00448 0.00409 0.00372 0.00341 0.00315 0.00285 0.00247 0.00209 0.00182 0.00164 0.00149 0.00129 0.00097 0.00056 0.00024 0.00010 0.00006 0.00004 0.00003 0.00002 0.00002 0.00002 0.00002 0.00003 0.00005 0.00009 0.00015 0.00023 0.00034 0.00048 0.00065 0.00086 0.00110 0.00138 0.00170 0.00205 0.00244 0.00290 0.00353 0.00448 0.00595 0.00821 0.01156 0.01633 0.02283 0.03132 0.04193
0.00874 0.00845 0.00815 0.00784 0.00753 0.00722 0.00689 0.00655 0.00622 0.00589 0.00556 0.00521 0.00486 0.00454 0.00423 0.00390 0.00354 0.00320 0.00292 0.00266 0.00236 0.00199 0.00168 0.00147 0.00131 0.00110 0.00075 0.00032 0.00007 0.00001 0.00001 0.00001 0.00001 0.00001 0.00001 0.00001 0.00001 0.00001 0.00001 0.00001 0.00001 0.00001 0.00001 0.00001 0.00001 0.00001 0.00001 0.00001 0.00001 0.00001 0.00001 0.00001 0.00001 0.00001 0.00001 0.00001 0.00002 0.00002 0.00003 0.00004 0.00008 0.00017 0.00037 0.00084 0.00186 0.00383 0.00724
0.00643 0.00614 0.00585 0.00556 0.00528 0.00498 0.00467 0.00436 0.00406 0.00378 0.00349 0.00316 0.00285 0.00259 0.00235 0.00206 0.00173 0.00145 0.00126 0.00110 0.00086 0.00050 0.00016 0.00002 0.00001 0.00001 0.00001 0.00001 0.00001 0.00001 0.00001 0.00001 0.00001 0.00001 0.00001 0.00001 0.00001 0.00001 0.00001 0.00001 0.00001 0.00001 0.00001 0.00001 0.00001 0.00001 0.00001 0.00001 0.00001 0.00001 0.00001 0.00001 0.00001 0.00001 0.00001 0.00001 0.00001 0.00001 0.00001 0.00001 0.00001 0.00001 0.00001 0.00001 0.00002 0.00005 0.00021
0.00447 0.00421 0.00393 0.00366 0.00342 0.00316 0.00287 0.00258 0.00234 0.00212 0.00187 0.00157 0.00130 0.00113 0.00097 0.00075 0.00042 0.00013 0.00002 0.00001 0.00001 0.00001 0.00001 0.00001 0.00001 0.00001 0.00001 0.00001 0.00001 0.00001 0.00001 0.00001 0.00001 0.00001 0.00001 0.00001 0.00001 0.00001 0.00001 0.00001 0.00001 0.00001 0.00001 0.00001 0.00001 0.00001 0.00001 0.00001 0.00001 0.00001 0.00001 0.00001 0.00001 0.00001 0.00001 0.00001 0.00001 0.00001 0.00001 0.00001 0.00001 0.00001 0.00001 0.00001 0.00001 0.00001 0.00001
0.00287 0.00262 0.00236 0.00214 0.00194 0.00173 0.00146 0.00121 0.00103 0.00090 0.00071 0.00042 0.00014 0.00002 0.00001 0.00001 0.00001 0.00001 0.00001 0.00001 0.00001 0.00001 0.00001 0.00001 0.00001 0.00001 0.00001 0.00001 0.00001 0.00001 0.00001 0.00001 0.00001 0.00001 0.00001 0.00001 0.00001 0.00001 0.00001 0.00001 0.00001 0.00001 0.00001 0.00001 0.00001 0.00001 0.00001 0.00001 0.00001 0.00001 0.00001 0.00001 0.00001 0.00001 0.00001 0.00001 0.00001 0.00001 0.00001 0.00001 0.00001 0.00001 0.00001 0.00001 0.00001 0.00001 0.00001
0.00160 0.00137 0.00113 0.00096 0.00084 0.00069 0.00044 0.00017 0.00003 0.00001 0.00001 0.00001 0.00001 0.00001 0.00001 0.00001 0.00001 0.00001 0.00001 0.00001 0.00001 0.00001 0.00001 0.00001 0.00001 0.00001 0.00001 0.00001 0.00001 0.00001 0.00001 0.00001 0.00001 0.00001 0.00001 0.00001 0.00001 0.00001 0.00001 0.00001 0.00001 0.00001 0.00001 0.00001 0.00001 0.00001 0.00001 0.00001 0.00001 0.00001 0.00001 0.00001 0.00001 0.00001 0.00001 0.00001 0.00001 0.00001 0.00001 0.00001 0.00001 0.00001 0.00001 0.00001 0.00001 0.00001 0.00001
0.00065 0.00045 0.00020 0.00004 0.00001 0.00001 0.00001 0.00001 0.00001 0.00001 0.00001 0.00001 0.00001 0.00001 0.00001 0.00001 0.00001 0.00001 0.00001 0.00001 0.00001 0.00001 0.00001 0.00001 0.00001 0.00001 0.00001 0.00001 0.00001 0.00001 0.00001 0.00001 0.00001 0.00001 0.00001 0.00001 0.00001 0.00001 0.00001 0.00001 0.00001 0.00001 0.00001 0.00001 0.00001 0.00001 0.00001 0.00001 0.00001 0.00001 0.00001 0.00001 0.00001 0.00001 0.00001 0.00001 0.00001 0.00001 0.00001 0.00001 0.00001 0.00001 0.00001 0.00001 0.00001 0.00001 0.00001
