tests/data/gray99/saval2D/outputs/resuqu7.asc
north:     17.44
south:      0.00
east:      60.51
west:       0.00
rows:   68
cols:  236
[rows 0 to 28 of 68, columns 0 to 64 of 236]
0.00000 0.00000 0.00000 0.00000 0.00000 0.00000 0.00000 0.00000 0.00000 0.00000 0.00000 0.00000 0.00000 0.00000 0.00000 0.00000 0.00000 0.00000 0.00000 0.00000 0.00000 0.00000 0.00000 0.00000 0.00000 0.00000 0.00000 0.00000 0.00000 0.00000 0.00000 0.00000 0.00000 0.00000 0.00000 0.00000 0.00000 0.00000 0.00000 0.00000 0.00000 0.00000 0.00000 0.00000 0.00000 0.00000 0.00000 0.00000 0.00000 0.00000 0.00000 0.00000 0.00000 0.00000 0.00000 0.00000 0.00000 0.00000 0.00000 0.00000 0.00000 0.00000 0.00000 0.00000 0.00000
0.00000 0.00000 -0.00000 0.00000 -0.00000 -0.00000 0.00000 -0.00000 -0.00000 0.00000 -0.00000 0.00000 0.00000 0.00000 0.00000 0.00000 0.00000 0.00000 0.00000 0.00000 0.00000 0.00000 0.00000 0.00000 0.00000 0.00000 0.00000 0.00000 0.00000 0.00000 0.00000 0.00000 0.00000 0.00000 0.00000 0.00000 0.00000 0.00000 0.00000 0.00000 0.00000 0.00000 0.00000 0.00000 0.00000 0.00000 0.00000 0.00000 0.00000 0.00000 0.00000 0.00000 0.00000 0.00000 0.00000 0.00000 0.00000 0.00000 0.00000 0.00000 0.00000 0.00000 0.00000 0.00000 0.00000
0.00000 0.00000 0.00000 -0.00000 -0.00000 0.00000 -0.00000 -0.00000 0.00000 0.00000 0.00000 0.00000 0.00000 0.00000 0.00000 0.00000 0.00000 0.00000 0.00000 0.00000 0.00000 0.00000 0.00000 0.00000 0.00000 0.00000 0.00000 0.00000 0.00000 0.00000 0.00000 0.00000 0.00000 0.00000 0.00000 0.00000 0.00000 0.00000 0.00000 0.00000 0.00000 0.00000 0.00000 0.00000 0.00000 0.00000 0.00000 0.00000 0.00000 0.00000 0.00000 0.00000 0.00000 0.00000 0.00000 0.00000 0.00000 0.00000 0.00000 0.00000 0.00000 0.00000 0.00000 0.00000 0.00000
0.00000 -0.00000 -0.00000 -0.00000 0.00000 -0.00000 -0.00000 -0.00000 -0.00000 -0.00000 0.00000 0.00000 0.00000 0.00000 0.00000 0.00000 0.00000 0.00000 0.00000 0.00000 0.00000 0.00000 0.00000 0.00000 0.00000 0.00000 0.00000 0.00000 0.00000 0.00000 0.00000 0.00000 0.00000 0.00000 0.00000 0.00000 0.00000 0.00000 0.00000 0.00000 0.00000 0.00000 0.00000 0.00000 0.00000 0.00000 0.00000 0.00000 0.00000 0.00000 0.00000 0.00000 0.00000 0.00000 0.00000 0.00000 0.00000 0.00000 0.00000 0.00000 0.00000 0.00000 0.00000 0.00000 0.00000
0.00000 -0.00000 -0.00000 -0.00000 -0.00000 -0.00000 -0.00000 0.00000 -0.00000 0.00000 0.00000 0.00000 0.00000 0.00000 0.00000 0.00000 0.00000 0.00000 0.00000 0.00000 0.00000 0.00000 0.00000 0.00000 0.00000 0.00000 0.00000 0.00000 0.00000 0.00000 0.00000 0.00000 0.00001 0.00001 0.00001 0.00001 0.00001 0.00001 0.00000 0.00000 0.00000 0.00000 0.00000 0.00000 0.00000 0.00000 0.00000 0.00000 0.00000 0.00000 0.00000 0.00000 0.00000 0.00000 0.00000 0.00000 0.00000 0.00000 0.00000 0.00000 0.00000 0.00000 0.00000 0.00000 0.00000
0.00000 -0.00000 0.00000 -0.00000 -0.00000 -0.00000 -0.00000 -0.00000 0.00000 0.00000 0.00000 0.00000 0.00000 0.00000 0.00000 0.00000 0.00000 0.00000 0.00000 0.00000 0.00000 0.00000 0.00000 0.00000 0.00000 0.00001 0.00003 0.00004 0.00006 0.00008 0.00009 0.00011 0.00012 0.00014 0.00015 0.00016 0.00017 0.00017 0.00017 0.00017 0.00017 0.00016 0.00014 0.00011 0.00006 0.00003 0.00001 0.00000 0.00000 0.00000 0.00000 0.00000 0.00000 0.00000 0.00000 0.00000 0.00000 0.00000 0.00000 0.00000 0.00000 0.00000 0.00000 0.00000 0.00000
0.00000 -0.00000 -0.00000 -0.00000 -0.00000 -0.00000 -0.00000 0.00000 0.00000 0.00000 0.00000 0.00000 0.00000 0.00000 0.00000 0.00000 0.00000 0.00000 0.00000 0.00000 0.00000 0.00000 0.00002 0.00004 0.00006 0.00010 0.00014 0.00018 0.00023 0.00028 0.00033 0.00037 0.00042 0.00046 0.00050 0.00053 0.00056 0.00059 0.00060 0.00061 0.00061 0.00060 0.00057 0.00053 0.00046 0.00041 0.00037 0.00034 0.00032 0.00028 0.00022 0.00011 0.00003 0.00000 0.00000 0.00000 0.00000 0.00000 0.00000 0.00000 0.00000 0.00000 0.00000 0.00000 0.00000
0.00000 -0.00000 -0.00000 -0.00000 -0.00000 -0.00000 -0.00000 0.00000 0.00000 0.00000 0.00000 0.00000 0.00000 0.00000 0.00000 0.00000 0.00000 0.00000 0.00000 0.00001 0.00003 0.00005 0.00009 0.00015 0.00021 0.00029 0.00038 0.00047 0.00057 0.00067 0.00077 0.00087 0.00097 0.00106 0.00115 0.00123 0.00130 0.00136 0.00142 0.00146 0.00149 0.00149 0.00148 0.00143 0.00137 0.00131 0.00126 0.00121 0.00117 0.00109 0.00097 0.00080 0.00066 0.00057 0.00052 0.00047 0.00038 0.00022 0.00006 0.00000 0.00000 0.00000 0.00000 0.00000 0.00000
0.00000 -0.00000 -0.00000 0.00000 -0.00000 -0.00000 0.00000 0.00000 0.00000 0.00000 0.00000 0.00000 0.00000 0.00000 0.00000 0.00000 0.00000 0.00000 0.00002 0.00005 0.00010 0.00017 0.00026 0.00037 0.00050 0.00064 0.00080 0.00097 0.00115 0.00133 0.00151 0.00170 0.00187 0.00205 0.00221 0.00237 0.00251 0.00265 0.00277 0.00287 0.00296 0.00301 0.00304 0.00304 0.00300 0.00296 0.00291 0.00286 0.00281 0.00272 0.00257 0.00236 0.00216 0.00200 0.00188 0.00175 0.00157 0.00130 0.00103 0.00086 0.00075 0.00065 0.00049 0.00025 0.00005
0.00000 -0.00000 -0.00000 -0.00000 -0.00000 -0.00000 0.00000 0.00000 0.00000 0.00000 0.00000 0.00000 0.00000 0.00000 0.00000 0.00000 0.00001 0.00003 0.00008 0.00016 0.00026 0.00040 0.00056 0.00075 0.00096 0.00120 0.00146 0.00174 0.00203 0.00233 0.00263 0.00294 0.00324 0.00353 0.00382 0.00409 0.00436 0.00461 0.00484 0.00504 0.00523 0.00538 0.00550 0.00557 0.00561 0.00563 0.00563 0.00562 0.00559 0.00551 0.00537 0.00517 0.00493 0.00472 0.00454 0.00435 0.00409 0.00373 0.00335 0.00304 0.00279 0.00254 0.00221 0.00178 0.00140
0.00000 0.00000 -0.00000 -0.00000 -0.00000 0.00000 0.00000 0.00000 0.00000 0.00000 0.00000 0.00000 0.00000 0.00000 0.00000 0.00001 0.00005 0.00011 0.00021 0.00035 0.00053 0.00076 0.00102 0.00132 0.00166 0.00203 0.00243 0.00285 0.00330 0.00376 0.00424 0.00471 0.00519 0.00566 0.00612 0.00657 0.00700 0.00742 0.00782 0.00820 0.00854 0.00886 0.00913 0.00935 0.00953 0.00967 0.00978 0.00986 0.00992 0.00992 0.00986 0.00971 0.00951 0.00930 0.00909 0.00887 0.00857 0.00817 0.00772 0.00728 0.00689 0.00649 0.00600 0.00540 0.00481
0.00000 0.00000 -0.00000 -0.00000 0.00000 0.00000 0.00000 0.00000 0.00000 0.00000 0.00000 0.00000 0.00000 0.00000 0.00002 0.00006 0.00014 0.00026 0.00044 0.00067 0.00095 0.00129 0.00169 0.00214 0.00263 0.00318 0.00377 0.00439 0.00505 0.00573 0.00643 0.00714 0.00785 0.00857 0.00928 0.00998 0.01066 0.01133 0.01198 0.01260 0.01320 0.01375 0.01426 0.01472 0.01513 0.01549 0.01581 0.01609 0.01633 0.01650 0.01660 0.01661 0.01654 0.01643 0.01629 0.01612 0.01587 0.01551 0.01506 0.01458 0.01410 0.01360 0.01301 0.01228 0.01152
0.00000 -0.00000 -0.00000 -0.00000 0.00000 0.00000 0.00000 0.00000 0.00000 0.00000 0.00000 0.00000 0.00000 0.00002 0.00007 0.00016 0.00030 0.00051 0.00078 0.00113 0.00154 0.00204 0.00261 0.00325 0.00395 0.00472 0.00555 0.00644 0.00737 0.00833 0.00933 0.01036 0.01139 0.01244 0.01349 0.01453 0.01557 0.01659 0.01760 0.01858 0.01953 0.02045 0.02132 0.02215 0.02292 0.02363 0.02429 0.02491 0.02547 0.02596 0.02637 0.02668 0.02689 0.02703 0.02712 0.02715 0.02709 0.02691 0.02661 0.02624 0.02583 0.02536 0.02478 0.02405 0.02324
0.00000 -0.00000 -0.00000 0.00000 0.00000 0.00000 0.00000 0.00000 0.00000 0.00000 0.00000 0.00000 0.00002 0.00007 0.00016 0.00032 0.00056 0.00087 0.00127 0.00177 0.00236 0.00305 0.00383 0.00471 0.00568 0.00674 0.00788 0.00909 0.01037 0.01171 0.01309 0.01452 0.01599 0.01747 0.01897 0.02049 0.02200 0.02351 0.02501 0.02650 0.02797 0.02941 0.03081 0.03217 0.03348 0.03473 0.03593 0.03708 0.03816 0.03918 0.04011 0.04094 0.04167 0.04230 0.04285 0.04332 0.04368 0.04392 0.04403 0.04402 0.04392 0.04373 0.04341 0.04293 0.04231
0.00000 -0.00000 -0.00000 0.00000 0.00000 0.00000 0.00000 0.00000 0.00000 0.00000 0.00000 0.00001 0.00006 0.00016 0.00033 0.00058 0.00092 0.00137 0.00194 0.00262 0.00343 0.00436 0.00542 0.00660 0.00790 0.00931 0.01083 0.01246 0.01418 0.01599 0.01787 0.01983 0.02184 0.02390 0.02600 0.02813 0.03029 0.03246 0.03465 0.03684 0.03902 0.04119 0.04335 0.04547 0.04756 0.04961 0.05161 0.05357 0.05547 0.05730 0.05906 0.06073 0.06229 0.06375 0.06511 0.06638 0.06754 0.06857 0.06946 0.07021 0.07084 0.07134 0.07170 0.07188 0.07189
0.00000 -0.00000 -0.00000 0.00000 0.00000 0.00000 0.00000 0.00000 0.00000 0.00000 0.00000 0.00005 0.00014 0.00031 0.00057 0.00094 0.00143 0.00205 0.00281 0.00373 0.00480 0.00603 0.00742 0.00897 0.01067 0.01253 0.01453 0.01667 0.01895 0.02135 0.02386 0.02648 0.02920 0.03200 0.03488 0.03783 0.04084 0.04390 0.04700 0.05014 0.05331 0.05650 0.05970 0.06290 0.06610 0.06928 0.07245 0.07559 0.07869 0.08176 0.08478 0.08772 0.09058 0.09335 0.09603 0.09862 0.10111 0.10349 0.10573 0.10783 0.10980 0.11163 0.11332 0.11483 0.11615
0.00000 -0.00000 0.00000 0.00000 0.00000 0.00000 0.00000 0.00000 0.00000 0.00000 0.00003 0.00012 0.00028 0.00054 0.00092 0.00143 0.00209 0.00292 0.00392 0.00512 0.00651 0.00810 0.00990 0.01190 0.01410 0.01650 0.01909 0.02187 0.02483 0.02797 0.03128 0.03474 0.03836 0.04211 0.04600 0.05001 0.05413 0.05836 0.06269 0.06710 0.07160 0.07617 0.08080 0.08549 0.09023 0.09501 0.09982 0.10465 0.10950 0.11436 0.11921 0.12404 0.12884 0.13359 0.13829 0.14293 0.14751 0.15202 0.15643 0.16073 0.16494 0.16903 0.17300 0.17683 0.18050
0.00000 0.00000 0.00000 0.00000 0.00000 0.00000 0.00000 0.00000 0.00000 0.00002 0.00010 0.00025 0.00049 0.00087 0.00138 0.00207 0.00294 0.00401 0.00531 0.00684 0.00862 0.01065 0.01293 0.01547 0.01827 0.02133 0.02464 0.02821 0.03202 0.03608 0.04038 0.04490 0.04966 0.05463 0.05981 0.06519 0.07076 0.07652 0.08245 0.08856 0.09483 0.10126 0.10783 0.11455 0.12140 0.12837 0.13546 0.14266 0.14996 0.15735 0.16482 0.17236 0.17996 0.18759 0.19526 0.20296 0.21068 0.21840 0.22612 0.23382 0.24150 0.24915 0.25676 0.26432 0.27181
0.00000 0.00000 0.00000 0.00000 0.00000 0.00000 0.00000 0.00000 0.00001 0.00007 0.00020 0.00043 0.00078 0.00129 0.00198 0.00287 0.00399 0.00537 0.00701 0.00894 0.01117 0.01371 0.01658 0.01977 0.02329 0.02715 0.03134 0.03587 0.04073 0.04593 0.05146 0.05732 0.06351 0.07002 0.07685 0.08399 0.09144 0.09918 0.10722 0.11555 0.12417 0.13306 0.14223 0.15166 0.16135 0.17130 0.18150 0.19194 0.20262 0.21353 0.22466 0.23600 0.24755 0.25928 0.27119 0.28327 0.29553 0.30794 0.32051 0.33322 0.34606 0.35904 0.37214 0.38537 0.39869
0.00000 0.00000 0.00000 0.00000 0.00000 0.00000 0.00000 0.00000 0.00004 0.00015 0.00035 0.00068 0.00117 0.00184 0.00273 0.00387 0.00529 0.00701 0.00905 0.01145 0.01422 0.01738 0.02093 0.02490 0.02929 0.03411 0.03937 0.04507 0.05122 0.05783 0.06490 0.07242 0.08042 0.08888 0.09780 0.10719 0.11704 0.12735 0.13813 0.14935 0.16104 0.17317 0.18576 0.19880 0.21229 0.22623 0.24061 0.25543 0.27070 0.28640 0.30254 0.31912 0.33612 0.35353 0.37136 0.38961 0.40826 0.42733 0.44680 0.46668 0.48696 0.50765 0.52875 0.55025 0.57215
0.00000 0.00000 0.00000 0.00000 0.00000 0.00000 0.00000 0.00002 0.00010 0.00027 0.00056 0.00101 0.00165 0.00252 0.00365 0.00508 0.00684 0.00897 0.01149 0.01443 0.01783 0.02171 0.02608 0.03097 0.03640 0.04238 0.04892 0.05606 0.06379 0.07214 0.08111 0.09071 0.10097 0.11189 0.12347 0.13572 0.14865 0.16226 0.17656 0.19154 0.20722 0.22360 0.24068 0.25847 0.27698 0.29620 0.31615 0.33684 0.35826 0.38043 0.40335 0.42703 0.45146 0.47667 0.50264 0.52939 0.55693 0.58526 0.61440 0.64436 0.67515 0.70679 0.73928 0.77266 0.80692
0.00000 0.00000 0.00000 0.00000 0.00000 0.00000 0.00000 0.00005 0.00019 0.00043 0.00083 0.00142 0.00225 0.00334 0.00475 0.00652 0.00868 0.01128 0.01435 0.01793 0.02207 0.02679 0.03212 0.03811 0.04477 0.05215 0.06026 0.06914 0.07881 0.08929 0.10063 0.11283 0.12593 0.13994 0.15489 0.17078 0.18764 0.20549 0.22433 0.24417 0.26504 0.28695 0.30991 0.33393 0.35905 0.38527 0.41261 0.44110 0.47076 0.50160 0.53365 0.56694 0.60148 0.63731 0.67444 0.71290 0.75273 0.79396 0.83663 0.88076 0.92642 0.97365 1.02250 1.07303 1.12531
0.00000 0.00000 0.00000 0.00000 0.00000 0.00000 0.00002 0.00011 0.00031 0.00065 0.00117 0.00193 0.00296 0.00432 0.00605 0.00820 0.01082 0.01396 0.01767 0.02200 0.02700 0.03271 0.03919 0.04648 0.05462 0.06368 0.07368 0.08469 0.09675 0.10989 0.12417 0.13963 0.15630 0.17424 0.19346 0.21402 0.23593 0.25923 0.28395 0.31012 0.33777 0.36693 0.39763 0.42990 0.46379 0.49934 0.53658 0.57556 0.61633 0.65894 0.70345 0.74992 0.79840 0.84897 0.90170 0.95666 1.01395 1.07367 1.13594 1.20088 1.26867 1.33949 1.41360 1.49132 1.57311
0.00000 0.00000 0.00000 0.00000 0.00000 0.00000 0.00005 0.00019 0.00047 0.00091 0.00158 0.00253 0.00380 0.00545 0.00755 0.01014 0.01329 0.01706 0.02150 0.02670 0.03270 0.03958 0.04741 0.05625 0.06619 0.07728 0.08961 0.10324 0.11826 0.13473 0.15272 0.17230 0.19354 0.21651 0.24126 0.26787 0.29638 0.32686 0.35935 0.39393 0.43063 0.46954 0.51070 0.55420 0.60011 0.64851 0.69949 0.75316 0.80964 0.86905 0.93154 0.99727 1.06644 1.13930 1.21611 1.29730 1.38344 1.47547 1.57524 1.68796 1.82736 1.98947 2.16830 2.36018 2.56260
0.00000 0.00000 0.00000 0.00000 0.00000 0.00001 0.00010 0.00030 0.00065 0.00122 0.00206 0.00321 0.00475 0.00674 0.00924 0.01233 0.01608 0.02057 0.02587 0.03206 0.03925 0.04751 0.05695 0.06767 0.07978 0.09338 0.10859 0.12551 0.14427 0.16498 0.18775 0.21269 0.23992 0.26956 0.30170 0.33647 0.37397 0.41432 0.45763 0.50403 0.55365 0.60663 0.66314 0.72338 0.78757 0.85603 0.92913 1.00745 1.09191 1.18444 1.29047 1.42168 1.57466 1.74560 1.93222 2.13288 2.34622 2.57079 2.80446 3.04204 3.26980 3.49152 3.71152 3.93161 4.15257
0.00000 0.00000 0.00000 0.00000 0.00000 0.00003 0.00016 0.00042 0.00087 0.00157 0.00259 0.00397 0.00581 0.00817 0.01113 0.01478 0.01921 0.02451 0.03079 0.03815 0.04672 0.05663 0.06802 0.08103 0.09582 0.11256 0.13142 0.15258 0.17623 0.20255 0.23175 0.26403 0.29960 0.33868 0.38152 0.42839 0.47960 0.53550 0.59659 0.66356 0.73759 0.82107 0.91959 1.03655 1.17082 1.32198 1.48983 1.67413 1.87431 2.08885 2.31279 2.53500 2.75882 2.98674 3.21949 3.45714 3.69940 3.94578 4.19565 4.44831 4.70306 4.95897 5.21582 5.47333 5.73118
0.00000 0.00000 0.00000 0.00000 0.00000 0.00006 0.00023 0.00056 0.00112 0.00196 0.00317 0.00481 0.00697 0.00973 0.01320 0.01747 0.02266 0.02889 0.03630 0.04503 0.05526 0.06715 0.08093 0.09680 0.11503 0.13586 0.15961 0.18658 0.21714 0.25171 0.29077 0.33499 0.38529 0.44330 0.51078 0.58877 0.67848 0.78125 0.89835 1.03085 1.17934 1.34320 1.51840 1.70296 1.89854 2.10565 2.32419 2.55371 2.79351 3.04277 3.30050 3.56556 3.83678 4.11349 4.39500 4.68053 4.96936 5.26075 5.55398 5.84834 6.14308 6.43758 6.73149 7.02447 7.31625
0.00000 0.00000 0.00000 0.00000 0.00001 0.00010 0.00033 0.00074 0.00142 0.00244 0.00387 0.00581 0.00836 0.01163 0.01574 0.02081 0.02701 0.03449 0.04344 0.05409 0.06669 0.08153 0.09896 0.11938 0.14328 0.17121 0.20382 0.24186 0.28623 0.33790 0.39797 0.46757 0.54775 0.63903 0.74188 0.85752 0.98687 1.13063 1.28928 1.46309 1.65207 1.85598 2.07439 2.30651 2.55173 2.80932 3.07844 3.35816 3.64750 3.94537 4.25067 4.56218 4.87884 5.19980 5.52425 5.85140 6.18051 6.51083 6.84167 7.17232 7.50213 7.83054 8.15709 8.48147 8.80331
0.00000 0.00000 0.00000 0.00000 0.00003 0.00016 0.00045 0.00095 0.00176 0.00295 0.00462 0.00688 0.00985 0.01365 0.01845 0.02441 0.03174 0.04065 0.05143 0.06438 0.07987 0.09836 0.12036 0.14645 0.17735 0.21383 0.25678 0.30718 0.36607 0.43459 0.51387 0.60506 0.70927 0.82749 0.96058 1.10928 1.27416 1.45556 1.65364 1.86828 2.09917 2.34574 2.60724 2.88275 3.17135 3.47204 3.78378 4.10550 4.43607 4.77433 5.11912 5.46928 5.82374 6.18156 6.54189 6.90395 7.26693 7.63012 7.99283 8.35436 8.71411 9.07148 9.42605 9.77737 10.12507
