tests/data/gray99/saval2D/outputs/resuh10.asc
north:     17.44
south:      0.00
east:      60.51
west:       0.00
rows:   68
cols:  236
[rows 0 to 28 of 68, columns 67 to 133 of 236]
0.00001 0.00001 0.00001 0.00001 0.00001 0.00001 0.00001 0.00001 0.00001 0.00001 0.00001 0.00001 0.00001 0.00001 0.00001 0.00001 0.00001 0.00001 0.00001 0.00001 0.00001 0.00001 0.00001 0.00001 0.00001 0.00001 0.00001 0.00001 0.00001 0.00001 0.00001 0.00001 0.00001 0.00001 0.00001 0.00001 0.00001 0.00001 0.00001 0.00001 0.00001 0.00001 0.00001 0.00001 0.00001 0.00001 0.00001 0.00001 0.00001 0.00001 0.00001 0.00001 0.00001 0.00001 0.00001 0.00001 0.00001 0.00001 0.00001 0.00001 0.00001 0.00001 0.00001 0.00001 0.00001 0.00001 0.00001
0.00001 0.00001 0.00001 0.00001 0.00001 0.00001 0.00001 0.00001 0.00001 0.00001 0.00001 0.00001 0.00001 0.00001 0.00001 0.00001 0.00001 0.00001 0.00001 0.00001 0.00001 0.00001 0.00001 0.00001 0.00001 0.00001 0.00001 0.00001 0.00001 0.00001 0.00001 0.00001 0.00001 0.00001 0.00001 0.00001 0.00001 0.00001 0.00001 0.00001 0.00001 0.00001 0.00001 0.00001 0.00001 0.00001 0.00001 0.00001 0.00001 0.00001 0.00001 0.00001 0.00001 0.00001 0.00001 0.00001 0.00001 0.00001 0.00001 0.00001 0.00001 0.00001 0.00001 0.00001 0.00001 0.00001 0.00001
0.00001 0.00001 0.00001 0.00001 0.00001 0.00001 0.00001 0.00001 0.00001 0.00001 0.00001 0.00001 0.00001 0.00001 0.00001 0.00001 0.00001 0.00001 0.00001 0.00001 0.00001 0.00001 0.00001 0.00001 0.00001 0.00001 0.00001 0.00001 0.00001 0.00001 0.00001 0.00001 0.00001 0.00001 0.00001 0.00001 0.00001 0.00001 0.00001 0.00001 0.00001 0.00001 0.00001 0.00001 0.00001 0.00001 0.00001 0.00001 0.00001 0.00001 0.00001 0.00001 0.00001 0.00001 0.00001 0.00001 0.00001 0.00001 0.00001 0.00001 0.00001 0.00001 0.00001 0.00001 0.00001 0.00001 0.00001
0.00001 0.00001 0.00001 0.00001 0.00001 0.00001 0.00001 0.00001 0.00001 0.00001 0.00001 0.00001 0.00001 0.00001 0.00001 0.00001 0.00001 0.00001 0.00001 0.00001 0.00001 0.00001 0.00001 0.00001 0.00001 0.00001 0.00001 0.00001 0.00001 0.00001 0.00001 0.00001 0.00001 0.00001 0.00001 0.00001 0.00001 0.00001 0.00001 0.00001 0.00001 0.00001 0.00001 0.00001 0.00001 0.00001 0.00001 0.00001 0.00001 0.00001 0.00001 0.00001 0.00001 0.00001 0.00001 0.00001 0.00001 0.00001 0.00001 0.00001 0.00001 0.00001 0.00001 0.00001 0.00001 0.00001 0.00001
0.00001 0.00001 0.00001 0.00001 0.00001 0.00001 0.00001 0.00001 0.00001 0.00001 0.00001 0.00001 0.00001 0.00001 0.00001 0.00001 0.00001 0.00001 0.00001 0.00001 0.00001 0.00001 0.00001 0.00001 0.00001 0.00001 0.00001 0.00001 0.00001 0.00001 0.00001 0.00001 0.00001 0.00001 0.00001 0.00001 0.00001 0.00001 0.00001 0.00001 0.00001 0.00001 0.00001 0.00001 0.00001 0.00001 0.00001 0.00001 0.00001 0.00001 0.00001 0.00001 0.00001 0.00001 0.00001 0.00001 0.00001 0.00001 0.00001 0.00001 0.00001 0.00001 0.00001 0.00001 0.00001 0.00001 0.00001
0.00001 0.00001 0.00001 0.00001 0.00001 0.00001 0.00001 0.00001 0.00001 0.00001 0.00001 0.00001 0.00001 0.00001 0.00001 0.00001 0.00001 0.00001 0.00001 0.00001 0.00001 0.00001 0.00001 0.00001 0.00001 0.00001 0.00001 0.00001 0.00001 0.00001 0.00001 0.00001 0.00001 0.00001 0.00001 0.00001 0.00001 0.00001 0.00001 0.00001 0.00001 0.00001 0.00001 0.00001 0.00001 0.00001 0.00001 0.00001 0.00001 0.00001 0.00001 0.00001 0.00001 0.00001 0.00001 0.00001 0.00001 0.00001 0.00001 0.00001 0.00001 0.00001 0.00001 0.00001 0.00001 0.00001 0.00001
0.00001 0.00001 0.00001 0.00001 0.00001 0.00001 0.00001 0.00001 0.00001 0.00001 0.00001 0.00001 0.00001 0.00001 0.00001 0.00001 0.00001 0.00001 0.00001 0.00001 0.00001 0.00001 0.00001 0.00001 0.00001 0.00001 0.00001 0.00001 0.00001 0.00001 0.00001 0.00001 0.00001 0.00001 0.00001 0.00001 0.00001 0.00001 0.00001 0.00001 0.00001 0.00001 0.00001 0.00001 0.00001 0.00001 0.00001 0.00001 0.00001 0.00001 0.00001 0.00001 0.00001 0.00001 0.00001 0.00001 0.00001 0.00001 0.00001 0.00001 0.00001 0.00001 0.00001 0.00001 0.00001 0.00001 0.00001
0.00001 0.00001 0.00001 0.00001 0.00001 0.00001 0.00001 0.00001 0.00001 0.00001 0.00001 0.00001 0.00001 0.00001 0.00001 0.00001 0.00001 0.00001 0.00001 0.00001 0.00001 0.00001 0.00001 0.00001 0.00001 0.00001 0.00001 0.00001 0.00001 0.00001 0.00001 0.00001 0.00001 0.00001 0.00001 0.00001 0.00001 0.00001 0.00001 0.00001 0.00001 0.00001 0.00001 0.00001 0.00001 0.00001 0.00001 0.00001 0.00001 0.00001 0.00001 0.00001 0.00001 0.00001 0.00001 0.00001 0.00001 0.00001 0.00001 0.00001 0.00001 0.00001 0.00001 0.00001 0.00001 0.00001 0.00001
0.00001 0.00001 0.00001 0.00001 0.00001 0.00001 0.00001 0.00001 0.00001 0.00001 0.00001 0.00001 0.00001 0.00001 0.00001 0.00001 0.00001 0.00001 0.00001 0.00001 0.00001 0.00001 0.00001 0.00001 0.00001 0.00001 0.00001 0.00001 0.00001 0.00001 0.00001 0.00001 0.00001 0.00001 0.00001 0.00001 0.00001 0.00001 0.00001 0.00001 0.00001 0.00001 0.00001 0.00001 0.00001 0.00001 0.00001 0.00001 0.00001 0.00001 0.00001 0.00001 0.00001 0.00001 0.00001 0.00001 0.00001 0.00001 0.00001 0.00001 0.00001 0.00001 0.00001 0.00001 0.00001 0.00001 0.00001
0.00084 0.00076 0.00063 0.00040 0.00014 0.00003 0.00001 0.00001 0.00001 0.00001 0.00001 0.00001 0.00001 0.00001 0.00001 0.00001 0.00001 0.00001 0.00001 0.00001 0.00001 0.00001 0.00001 0.00001 0.00001 0.00001 0.00001 0.00001 0.00001 0.00001 0.00001 0.00001 0.00001 0.00001 0.00001 0.00001 0.00001 0.00001 0.00001 0.00001 0.00001 0.00001 0.00001 0.00001 0.00001 0.00001 0.00001 0.00001 0.00001 0.00001 0.00001 0.00001 0.00001 0.00001 0.00001 0.00001 0.00001 0.00001 0.00001 0.00001 0.00001 0.00001 0.00001 0.00001 0.00001 0.00001 0.00001
0.00190 0.00177 0.00159 0.00135 0.00113 0.00099 0.00089 0.00076 0.00054 0.00024 0.00005 0.00001 0.00001 0.00001 0.00001 0.00001 0.00001 0.00001 0.00001 0.00001 0.00001 0.00001 0.00001 0.00001 0.00001 0.00001 0.00001 0.00001 0.00001 0.00001 0.00001 0.00001 0.00001 0.00001 0.00001 0.00001 0.00001 0.00001 0.00001 0.00001 0.00001 0.00001 0.00001 0.00001 0.00001 0.00001 0.00001 0.00001 0.00001 0.00001 0.00001 0.00001 0.00001 0.00001 0.00001 0.00001 0.00001 0.00001 0.00001 0.00001 0.00001 0.00001 0.00001 0.00001 0.00001 0.00001 0.00001
0.00328 0.00311 0.00291 0.00266 0.00242 0.00222 0.00205 0.00187 0.00162 0.00135 0.00116 0.00103 0.00090 0.00069 0.00037 0.00010 0.00002 0.00001 0.00001 0.00001 0.00001 0.00001 0.00001 0.00001 0.00001 0.00001 0.00001 0.00001 0.00001 0.00001 0.00001 0.00001 0.00001 0.00001 0.00001 0.00001 0.00001 0.00001 0.00001 0.00001 0.00001 0.00001 0.00001 0.00001 0.00001 0.00001 0.00001 0.00001 0.00001 0.00001 0.00001 0.00001 0.00001 0.00001 0.00001 0.00001 0.00001 0.00001 0.00001 0.00001 0.00001 0.00001 0.00001 0.00001 0.00001 0.00001 0.00001
0.00500 0.00479 0.00457 0.00432 0.00406 0.00382 0.00361 0.00338 0.00311 0.00283 0.00258 0.00238 0.00218 0.00193 0.00162 0.00137 0.00122 0.00109 0.00091 0.00060 0.00024 0.00004 0.00001 0.00001 0.00001 0.00001 0.00001 0.00001 0.00001 0.00001 0.00001 0.00001 0.00001 0.00001 0.00001 0.00001 0.00001 0.00001 0.00001 0.00001 0.00001 0.00001 0.00001 0.00001 0.00001 0.00001 0.00001 0.00001 0.00001 0.00001 0.00001 0.00001 0.00001 0.00001 0.00001 0.00001 0.00001 0.00001 0.00001 0.00001 0.00001 0.00001 0.00001 0.00001 0.00001 0.00001 0.00001
0.00707 0.00684 0.00661 0.00635 0.00608 0.00581 0.00556 0.00531 0.00502 0.00472 0.00444 0.00418 0.00393 0.00364 0.00332 0.00303 0.00279 0.00258 0.00234 0.00201 0.00169 0.00148 0.00134 0.00120 0.00098 0.00062 0.00023 0.00004 0.00001 0.00001 0.00001 0.00001 0.00001 0.00001 0.00001 0.00001 0.00001 0.00001 0.00001 0.00001 0.00001 0.00001 0.00001 0.00001 0.00001 0.00001 0.00001 0.00001 0.00001 0.00001 0.00001 0.00001 0.00001 0.00001 0.00001 0.00001 0.00001 0.00001 0.00001 0.00001 0.00001 0.00001 0.00001 0.00002 0.00006 0.00026 0.00090
0.00950 0.00927 0.00903 0.00877 0.00850 0.00822 0.00795 0.00767 0.00738 0.00706 0.00675 0.00646 0.00617 0.00586 0.00552 0.00519 0.00490 0.00462 0.00433 0.00399 0.00365 0.00336 0.00312 0.00290 0.00262 0.00226 0.00193 0.00171 0.00157 0.00144 0.00127 0.00100 0.00063 0.00030 0.00014 0.00008 0.00005 0.00003 0.00003 0.00002 0.00002 0.00001 0.00001 0.00001 0.00001 0.00001 0.00001 0.00001 0.00001 0.00001 0.00002 0.00002 0.00003 0.00004 0.00005 0.00006 0.00008 0.00011 0.00015 0.00023 0.00039 0.00072 0.00142 0.00279 0.00520 0.00909 0.01484
0.01234 0.01211 0.01188 0.01162 0.01136 0.01108 0.01080 0.01051 0.01021 0.00989 0.00957 0.00925 0.00894 0.00861 0.00826 0.00791 0.00758 0.00726 0.00693 0.00657 0.00620 0.00586 0.00556 0.00527 0.00495 0.00458 0.00422 0.00392 0.00368 0.00347 0.00323 0.00291 0.00255 0.00224 0.00203 0.00189 0.00179 0.00168 0.00153 0.00134 0.00112 0.00093 0.00077 0.00074 0.00081 0.00097 0.00120 0.00151 0.00190 0.00236 0.00290 0.00351 0.00418 0.00491 0.00569 0.00650 0.00737 0.00836 0.00965 0.01153 0.01427 0.01817 0.02350 0.03053 0.03945 0.05040 0.06337
0.01562 0.01541 0.01518 0.01495 0.01469 0.01442 0.01415 0.01387 0.01357 0.01326 0.01294 0.01261 0.01228 0.01195 0.01160 0.01124 0.01088 0.01053 0.01018 0.00981 0.00943 0.00906 0.00871 0.00837 0.00802 0.00764 0.00726 0.00690 0.00659 0.00631 0.00602 0.00568 0.00531 0.00496 0.00468 0.00445 0.00427 0.00425 0.00484 0.00580 0.00708 0.00874 0.01076 0.01304 0.01558 0.01836 0.02135 0.02455 0.02792 0.03145 0.03510 0.03887 0.04273 0.04668 0.05071 0.05485 0.05913 0.06362 0.06872 0.07464 0.08167 0.09006 0.09999 0.11156 0.12475 0.13947 0.15554
0.01938 0.01920 0.01900 0.01879 0.01856 0.01832 0.01806 0.01779 0.01751 0.01722 0.01691 0.01659 0.01627 0.01594 0.01560 0.01524 0.01488 0.01453 0.01417 0.01380 0.01341 0.01303 0.01266 0.01230 0.01193 0.01154 0.01115 0.01077 0.01041 0.01008 0.00975 0.01020 0.01209 0.01480 0.01811 0.02216 0.02691 0.03216 0.03758 0.04317 0.04909 0.05528 0.06172 0.06836 0.07519 0.08219 0.08931 0.09653 0.10384 0.11121 0.11862 0.12607 0.13354 0.14101 0.14848 0.15600 0.16357 0.17159 0.18031 0.18971 0.19983 0.21073 0.22244 0.23501 0.24842 0.26260 0.27745
0.02369 0.02355 0.02339 0.02322 0.02303 0.02282 0.02260 0.02237 0.02212 0.02185 0.02157 0.02128 0.02098 0.02067 0.02035 0.02002 0.01968 0.01933 0.01898 0.01862 0.01826 0.01788 0.01751 0.01715 0.01678 0.01784 0.02131 0.02637 0.03226 0.03892 0.04645 0.05440 0.06222 0.07016 0.07846 0.08716 0.09616 0.10533 0.11460 0.12392 0.13327 0.14266 0.15206 0.16148 0.17091 0.18035 0.18978 0.19921 0.20862 0.21800 0.22734 0.23664 0.24590 0.25509 0.26423 0.27344 0.28289 0.29320 0.30424 0.31585 0.32790 0.34027 0.35287 0.36564 0.37853 0.39151 0.40455
0.02863 0.02855 0.02845 0.02833 0.02819 0.02804 0.02787 0.02768 0.02748 0.02726 0.02703 0.02678 0.02652 0.02626 0.02597 0.02568 0.02538 0.02507 0.02476 0.02588 0.03000 0.03678 0.04501 0.05425 0.06436 0.07456 0.08416 0.09366 0.10332 0.11336 0.12385 0.13463 0.14550 0.15633 0.16713 0.17793 0.18871 0.19948 0.21023 0.22094 0.23161 0.24222 0.25277 0.26327 0.27371 0.28410 0.29443 0.30472 0.31495 0.32512 0.33524 0.34528 0.35526 0.36516 0.37501 0.38504 0.39582 0.40764 0.42017 0.43321 0.44653 0.45994 0.47326 0.48636 0.49914 0.51154 0.52354
0.03431 0.03430 0.03428 0.03423 0.03417 0.03409 0.03399 0.03387 0.03373 0.03358 0.03342 0.03324 0.03318 0.03419 0.03779 0.04470 0.05381 0.06446 0.07638 0.08860 0.09998 0.11063 0.12126 0.13195 0.14285 0.15403 0.16544 0.17699 0.18863 0.20031 0.21201 0.22371 0.23535 0.24693 0.25845 0.26990 0.28130 0.29264 0.30393 0.31515 0.32632 0.33742 0.34845 0.35940 0.37029 0.38110 0.39184 0.40252 0.41312 0.42367 0.43414 0.44454 0.45486 0.46509 0.47534 0.48607 0.49798 0.51088 0.52442 0.53838 0.55252 0.56661 0.58045 0.59388 0.60676 0.61901 0.63060
0.04087 0.04096 0.04103 0.04109 0.04112 0.04113 0.04118 0.04171 0.04391 0.04920 0.05789 0.06872 0.08113 0.09442 0.10745 0.11940 0.13102 0.14261 0.15415 0.16549 0.17665 0.18781 0.19915 0.21076 0.22266 0.23477 0.24700 0.25923 0.27143 0.28356 0.29564 0.30766 0.31962 0.33152 0.34336 0.35514 0.36685 0.37849 0.39007 0.40158 0.41303 0.42440 0.43569 0.44691 0.45805 0.46910 0.48008 0.49099 0.50181 0.51256 0.52323 0.53382 0.54433 0.55475 0.56528 0.57675 0.58953 0.60315 0.61732 0.63180 0.64637 0.66082 0.67495 0.68858 0.70158 0.71385 0.72534
0.04852 0.04890 0.04994 0.05277 0.05873 0.06790 0.07921 0.09207 0.10567 0.11886 0.13110 0.14325 0.15545 0.16758 0.17948 0.19112 0.20258 0.21401 0.22551 0.23712 0.24886 0.26076 0.27286 0.28513 0.29753 0.31001 0.32252 0.33500 0.34742 0.35979 0.37208 0.38432 0.39649 0.40860 0.42064 0.43262 0.44452 0.45636 0.46812 0.47981 0.49142 0.50295 0.51440 0.52577 0.53706 0.54826 0.55938 0.57042 0.58137 0.59224 0.60302 0.61371 0.62432 0.63486 0.64566 0.65782 0.67117 0.68519 0.69964 0.71432 0.72903 0.74357 0.75776 0.77145 0.78451 0.79683 0.80835
0.07638 0.08724 0.09951 0.11242 0.12487 0.13661 0.14837 0.16024 0.17217 0.18408 0.19597 0.20794 0.22000 0.23210 0.24412 0.25603 0.26784 0.27965 0.29155 0.30360 0.31581 0.32818 0.34068 0.35328 0.36594 0.37860 0.39125 0.40386 0.41641 0.42890 0.44132 0.45368 0.46597 0.47819 0.49035 0.50244 0.51446 0.52640 0.53826 0.55004 0.56175 0.57337 0.58491 0.59636 0.60773 0.61901 0.63021 0.64131 0.65233 0.66325 0.67409 0.68483 0.69548 0.70609 0.71721 0.72986 0.74347 0.75762 0.77211 0.78674 0.80136 0.81579 0.82988 0.84350 0.85654 0.86889 0.88050
0.13873 0.14960 0.16067 0.17190 0.18325 0.19473 0.20640 0.21828 0.23028 0.24234 0.25443 0.26656 0.27875 0.29097 0.30320 0.31540 0.32759 0.33979 0.35206 0.36443 0.37693 0.38953 0.40221 0.41495 0.42771 0.44045 0.45316 0.46582 0.47842 0.49096 0.50343 0.51584 0.52819 0.54046 0.55267 0.56481 0.57687 0.58885 0.60076 0.61258 0.62432 0.63598 0.64756 0.65904 0.67044 0.68175 0.69297 0.70409 0.71513 0.72607 0.73691 0.74766 0.75832 0.76895 0.78040 0.79331 0.80695 0.82102 0.83533 0.84975 0.86412 0.87831 0.89220 0.90567 0.91863 0.93099 0.94270
0.18998 0.20098 0.21223 0.22368 0.23526 0.24698 0.25885 0.27087 0.28302 0.29525 0.30753 0.31984 0.33218 0.34455 0.35694 0.36932 0.38172 0.39415 0.40663 0.41918 0.43180 0.44449 0.45724 0.47000 0.48277 0.49552 0.50822 0.52088 0.53348 0.54602 0.55849 0.57090 0.58325 0.59553 0.60773 0.61987 0.63193 0.64391 0.65582 0.66764 0.67938 0.69104 0.70261 0.71409 0.72548 0.73678 0.74799 0.75910 0.77013 0.78105 0.79188 0.80261 0.81325 0.82389 0.83561 0.84855 0.86204 0.87587 0.88989 0.90398 0.91801 0.93189 0.94552 0.95880 0.97165 0.98401 0.99581
0.23590 0.24719 0.25868 0.27035 0.28216 0.29407 0.30610 0.31823 0.33047 0.34278 0.35515 0.36755 0.37998 0.39243 0.40489 0.41737 0.42986 0.44238 0.45494 0.46754 0.48020 0.49289 0.50562 0.51835 0.53108 0.54378 0.55644 0.56905 0.58161 0.59412 0.60656 0.61893 0.63125 0.64349 0.65566 0.66777 0.67980 0.69175 0.70363 0.71542 0.72714 0.73876 0.75030 0.76176 0.77312 0.78439 0.79557 0.80666 0.81765 0.82854 0.83933 0.85002 0.86063 0.87130 0.88314 0.89595 0.90918 0.92267 0.93632 0.95002 0.96369 0.97723 0.99058 1.00365 1.01639 1.02873 1.04062
0.27673 0.28823 0.29989 0.31168 0.32360 0.33562 0.34772 0.35991 0.37217 0.38450 0.39687 0.40929 0.42173 0.43420 0.44667 0.45917 0.47167 0.48421 0.49677 0.50936 0.52198 0.53463 0.54729 0.55996 0.57261 0.58523 0.59782 0.61037 0.62287 0.63531 0.64769 0.66001 0.67227 0.68446 0.69659 0.70864 0.72062 0.73253 0.74436 0.75611 0.76778 0.77937 0.79087 0.80228 0.81360 0.82484 0.83598 0.84702 0.85797 0.86882 0.87957 0.89022 0.90078 0.91148 0.92330 0.93587 0.94877 0.96189 0.97514 0.98844 1.00174 1.01496 1.02804 1.04092 1.05355 1.06587 1.07784
0.31190 0.32353 0.33528 0.34714 0.35910 0.37114 0.38326 0.39545 0.40769 0.41999 0.43234 0.44472 0.45713 0.46956 0.48201 0.49447 0.50695 0.51945 0.53197 0.54452 0.55708 0.56965 0.58223 0.59481 0.60737 0.61991 0.63242 0.64488 0.65730 0.66967 0.68199 0.69424 0.70644 0.71857 0.73064 0.74264 0.75456 0.76642 0.77820 0.78990 0.80152 0.81306 0.82452 0.83588 0.84716 0.85835 0.86945 0.88045 0.89135 0.90216 0.91287 0.92347 0.93400 0.94471 0.95641 0.96869 0.98123 0.99397 1.00683 1.01976 1.03271 1.04564 1.05848 1.07120 1.08374 1.09606 1.10811
