tests/data/gray99/saval2D/outputs/resuqu1.asc
north:     17.44
south:      0.00
east:      60.51
west:       0.00
rows:   68
cols:  236
[rows 29 to 57 of 68, columns 0 to 64 of 236]
0.00000 0.00000 0.00000 0.00000 0.00000 -0.00008 -0.00415 -0.04176 -0.17049 -0.40556 -0.69753 -0.98776 -1.24158 -1.44200 -1.31743 -1.16397 -0.89541 -0.51250 -0.02008 0.57130 1.25044 2.00803 2.83313 3.71183 4.63069 5.57665 6.53666 7.49856 8.45101 9.38273 10.28266 11.13997 11.94391 12.68354 13.34748 13.92376 14.39995 14.76328 15.00085 15.09590 15.02210 14.74760 14.22197 13.38366 12.35722 11.21682 9.99944 8.72202 7.39215 6.01741 4.61773 3.24343 1.99183 0.99710 0.36495 0.08161 0.00805 0.00019 0.00000 0.00000 0.00000 0.00000 0.00000 0.00000 0.00000
0.00000 0.00000 0.00000 0.00000 0.00000 -0.00033 -0.00922 -0.06724 -0.22703 -0.48282 -0.77861 -1.06327 -1.30938 -1.50218 -1.34144 -1.15970 -0.86600 -0.46022 0.05415 0.66786 1.37078 2.15274 3.00133 3.90247 4.84249 5.80812 6.78630 7.76474 8.73191 9.67672 10.58828 11.45601 12.26943 13.01789 13.69028 14.27488 14.75939 15.13099 15.37660 15.47996 15.41488 15.15032 14.63815 13.78780 12.74537 11.59070 10.36181 9.07565 7.73928 6.35815 4.94723 3.54833 2.24915 1.18141 0.46577 0.11736 0.01419 0.00048 0.00000 0.00000 0.00000 0.00000 0.00000 0.00000 0.00000
0.00000 0.00000 0.00000 0.00000 -0.00000 -0.00090 -0.01645 -0.09524 -0.28057 -0.55086 -0.84808 -1.12738 -1.36648 -1.55231 -1.36575 -1.16128 -0.84688 -0.42218 0.11007 0.74166 1.46325 2.26397 3.13047 4.04861 5.00461 5.98502 6.97675 7.96744 8.94550 9.89985 10.81987 11.69516 12.51545 13.27033 13.94894 14.53974 15.03046 15.40830 15.66003 15.76969 15.71131 15.45431 14.95347 14.09500 13.04262 11.87985 10.64507 9.35485 8.01534 6.63007 5.21027 3.79200 2.45654 1.33346 0.55296 0.15101 0.02092 0.00090 0.00001 0.00000 0.00000 0.00000 0.00000 0.00000 0.00000
0.00000 0.00000 0.00000 0.00000 -0.00002 -0.00167 -0.02372 -0.11883 -0.32162 -0.60082 -0.89841 -1.17377 -1.40782 -1.58858 -1.38536 -1.16533 -0.83646 -0.39842 0.14635 0.79044 1.52496 2.33857 3.21736 4.14711 5.11388 6.10400 7.10433 8.10279 9.08790 10.04859 10.97429 11.85474 12.67976 13.43902 14.12161 14.71621 15.21097 15.59305 15.84906 15.96320 15.90962 15.65792 15.16548 14.30192 13.24399 12.07739 10.84035 9.54889 8.20824 6.82041 5.39427 3.96240 2.60223 1.44185 0.61703 0.17715 0.02669 0.00133 0.00001 0.00000 0.00000 0.00000 0.00000 0.00000 0.00000
0.00000 0.00000 0.00000 0.00000 -0.00003 -0.00226 -0.02841 -0.13265 -0.34450 -0.62817 -0.92598 -1.19944 -1.43103 -1.60927 -1.39791 -1.17005 -0.83362 -0.38846 0.16299 0.81359 1.55464 2.37464 3.25948 4.19489 5.16694 6.16192 7.16672 8.16918 9.15780 10.12155 11.04992 11.93272 12.75992 13.52128 14.20602 14.80288 15.30002 15.68459 15.94305 16.05967 16.00870 15.75976 15.27223 14.40602 13.34572 12.17802 10.94091 9.64990 8.30954 6.92094 5.49174 4.05283 2.67981 1.50005 0.65204 0.19189 0.03014 0.00161 0.00001 0.00000 0.00000 0.00000 0.00000 0.00000 0.00000
0.00000 0.00000 0.00000 0.00000 -0.00003 -0.00231 -0.02871 -0.13349 -0.34597 -0.63024 -0.92864 -1.20272 -1.43498 -1.61399 -1.40338 -1.17613 -0.83970 -0.39416 0.15772 0.80851 1.54952 2.36935 3.25394 4.18914 5.16108 6.15627 7.16165 8.16470 9.15366 10.11749 11.04570 11.92822 12.75511 13.51632 14.20138 14.79895 15.29687 15.68220 15.94132 16.05850 16.00799 15.75920 15.27274 14.40584 13.34553 12.17861 10.94284 9.65344 8.31467 6.92736 5.49889 4.06004 2.68627 1.50504 0.65513 0.19325 0.03047 0.00164 0.00002 0.00000 0.00000 0.00000 0.00000 0.00000 0.00000
0.00000 0.00000 0.00000 0.00000 -0.00002 -0.00174 -0.02427 -0.12048 -0.32472 -0.60558 -0.90506 -1.18259 -1.41913 -1.60275 -1.40266 -1.18512 -0.85688 -0.41853 0.12659 0.77070 1.50483 2.31786 3.19611 4.12544 5.09200 6.08232 7.08339 8.08276 9.06868 10.03003 10.95620 11.83698 12.66236 13.42225 14.10608 14.70253 15.19948 15.58388 15.84202 15.95806 15.90606 15.65497 15.16577 14.29990 13.24161 12.07709 10.84396 9.55741 8.22177 6.83815 5.41462 3.98327 2.62118 1.45658 0.62615 0.18109 0.02763 0.00141 0.00001 0.00000 0.00000 0.00000 0.00000 0.00000 0.00000
0.00000 0.00000 0.00000 0.00000 -0.00001 -0.00096 -0.01707 -0.09727 -0.28468 -0.55757 -0.85799 -1.14110 -1.38459 -1.57538 -1.39436 -1.19408 -0.88066 -0.45561 0.07677 0.70811 1.42893 2.22866 3.09436 4.01193 4.96762 5.94813 6.94042 7.93215 8.91140 9.86682 10.78769 11.66369 12.48476 13.24075 13.92103 14.51430 15.00828 15.38987 15.64528 15.75839 15.70297 15.44725 14.95198 14.08934 13.03534 11.87486 10.64553 9.36279 8.03149 6.65373 5.23944 3.82349 2.48618 1.35692 0.56744 0.15710 0.02228 0.00100 0.00001 0.00000 0.00000 0.00000 0.00000 0.00000 0.00000
0.00000 0.00000 0.00000 0.00000 0.00000 -0.00037 -0.00968 -0.06912 -0.23127 -0.49043 -0.79082 -1.08121 -1.33388 -1.53384 -1.38130 -1.20533 -0.91250 -0.50603 0.00830 0.62136 1.32284 2.10298 2.95008 3.85009 4.78949 5.75511 6.73410 7.71411 8.68305 9.62939 10.54220 11.41094 12.22544 12.97543 13.65023 14.23838 14.72752 15.10448 15.35535 15.46361 15.40253 15.13928 14.63441 13.77735 12.73063 11.57673 10.35323 9.07606 7.75085 6.38120 4.97989 3.58642 2.28668 1.21174 0.48430 0.12476 0.01567 0.00057 0.00000 0.00000 0.00000 0.00000 0.00000 0.00000 0.00000
0.00000 0.00000 0.00000 0.00000 0.00000 -0.00010 -0.00438 -0.04297 -0.17387 -0.41299 -0.71126 -1.00953 -1.27230 -1.48208 -1.36869 -1.22211 -0.95359 -0.56937 -0.07731 0.51271 1.18936 1.94400 2.76661 3.64339 4.56104 5.50677 6.46783 7.43190 8.38675 9.32062 10.22224 11.08087 11.88620 12.62775 13.29475 13.87566 14.35798 14.72840 14.97293 15.07435 15.00542 14.73186 14.21460 13.36637 12.33122 11.18773 9.97325 8.70419 7.38721 6.02807 4.64377 3.28066 2.03210 1.03058 0.38497 0.08900 0.00929 0.00024 0.00000 0.00000 0.00000 0.00000 0.00000 0.00000 0.00000
0.00000 0.00000 0.00000 0.00000 0.00000 -0.00002 -0.00180 -0.02525 -0.12668 -0.34243 -0.63482 -0.93779 -1.20800 -1.42560 -1.36306 -1.24384 -0.99995 -0.64036 -0.17455 0.38752 1.03384 1.75692 2.54900 3.39674 4.28716 5.20786 6.14622 7.09002 8.02688 8.94465 9.83174 10.67720 11.47039 12.20080 12.85752 13.42888 13.90222 14.26409 14.50038 14.59294 14.51385 14.22716 13.69582 12.86063 11.84296 10.71560 9.51506 8.25809 6.95243 5.60658 4.24333 2.91869 1.73597 0.82747 0.28067 0.05550 0.00443 0.00007 0.00000 0.00000 0.00000 0.00000 0.00000 0.00000 0.00000
0.00000 0.00000 0.00000 0.00000 0.00000 -0.00000 -0.00078 -0.01521 -0.09246 -0.27997 -0.55523 -0.85459 -1.12990 -1.35608 -1.35575 -1.25795 -1.04104 -0.71097 -0.27715 0.25112 0.86140 1.54705 2.30260 3.11558 3.97332 4.86387 5.77481 6.69400 7.60878 8.50665 9.37566 10.20452 10.98243 11.69873 12.34241 12.90167 13.36365 13.71485 13.94092 14.02234 13.93069 13.62808 13.08252 12.26535 11.27306 10.16998 8.99066 7.75192 6.46256 5.13428 3.79741 2.52052 1.41898 0.62140 0.18451 0.02931 0.00159 0.00001 0.00000 0.00000 0.00000 0.00000 0.00000 0.00000 0.00000
0.00000 0.00000 0.00000 0.00000 0.00000 0.00000 -0.00013 -0.00523 -0.04855 -0.19010 -0.44081 -0.74450 -1.03724 -1.27887 -1.34314 -1.26083 -1.07452 -0.77894 -0.38212 0.10728 0.67669 1.31975 2.03330 2.80606 3.62590 4.48136 5.36011 6.25029 7.13884 8.01285 8.85994 9.66856 10.42773 11.12665 11.75422 12.29854 12.74662 13.08480 13.29837 13.36605 13.25916 12.93800 12.38009 11.58656 10.62939 9.56150 8.41379 7.20248 5.93764 4.63496 3.33383 2.11728 1.11213 0.43695 0.10913 0.01297 0.00042 0.00000 0.00000 0.00000 0.00000 0.00000 0.00000 0.00000 0.00000
0.00000 0.00000 0.00000 0.00000 0.00000 0.00000 -0.00002 -0.00182 -0.02596 -0.13134 -0.35465 -0.65094 -0.94563 -1.18929 -1.30165 -1.24020 -1.09018 -0.83556 -0.48170 -0.03700 0.48623 1.08168 1.74806 2.47531 3.25209 4.06752 4.90946 5.76622 6.62436 7.47037 8.29150 9.07597 9.81261 10.49055 11.09868 11.62498 12.05624 12.37882 12.57709 12.62780 12.50246 12.16004 11.59379 10.82903 9.91735 8.89842 7.79706 6.62776 5.40210 4.14138 2.89524 1.75893 0.86253 0.30441 0.06392 0.00564 0.00011 0.00000 0.00000 0.00000 0.00000 0.00000 0.00000 0.00000 0.00000
0.00000 0.00000 0.00000 0.00000 0.00000 0.00000 -0.00000 -0.00030 -0.00878 -0.06700 -0.23181 -0.49510 -0.78799 -1.04673 -1.21015 -1.19484 -1.08516 -0.87666 -0.57082 -0.17608 0.29577 0.83924 1.45404 2.13074 2.85952 3.63023 4.43079 5.24984 6.07332 6.88706 7.67802 8.43418 9.14426 9.79736 10.38235 10.88723 11.29859 11.60267 11.78252 11.81272 11.66590 11.30152 10.73213 9.99628 9.13209 8.16725 7.11924 5.99901 4.81931 3.60875 2.43065 1.39362 0.62485 0.19152 0.03187 0.00187 0.00002 0.00000 0.00000 0.00000 0.00000 0.00000 0.00000 0.00000 0.00000
0.00000 0.00000 0.00000 0.00000 0.00000 0.00000 0.00000 -0.00002 -0.00170 -0.02464 -0.12369 -0.32923 -0.59670 -0.85796 -1.05984 -1.11748 -1.05578 -0.89837 -0.64499 -0.30539 0.10970 0.59754 1.15740 1.77923 2.45557 3.17724 3.93214 4.70943 5.49409 6.27133 7.02779 7.75124 8.43043 9.05453 9.61241 10.09216 10.48019 10.76254 10.92038 10.92597 10.75518 10.37216 9.80900 9.10411 8.28636 7.37504 6.38143 5.31273 4.18188 3.02528 1.92396 1.00479 0.38803 0.09347 0.01036 0.00030 0.00000 0.00000 0.00000 0.00000 0.00000 0.00000 0.00000 0.00000 0.00000
0.00000 0.00000 0.00000 0.00000 0.00000 0.00000 0.00000 0.00000 -0.00014 -0.00560 -0.04970 -0.18540 -0.40969 -0.65913 -0.87168 -0.98467 -0.98509 -0.88990 -0.69514 -0.41935 -0.06798 0.36095 0.86341 1.42706 2.04726 2.71604 3.42146 4.15334 4.89531 5.63182 6.34924 7.03540 7.67911 8.26963 8.79606 9.24669 9.60762 9.86424 9.99532 9.97169 9.77535 9.37797 8.82528 8.14965 7.37205 6.50624 5.56130 4.54588 3.47889 2.40841 1.42923 0.66926 0.21726 0.03935 0.00266 0.00003 0.00000 0.00000 0.00000 0.00000 0.00000 0.00000 0.00000 0.00000 0.00000
0.00000 0.00000 0.00000 0.00000 0.00000 0.00000 0.00000 0.00000 -0.00000 -0.00057 -0.01243 -0.07765 -0.23289 -0.44703 -0.65199 -0.78444 -0.81672 -0.80065 -0.71978 -0.53688 -0.25181 0.12183 0.56932 1.07519 1.63838 2.25225 2.90571 3.58955 4.28539 4.97701 5.65078 6.29469 6.89788 7.44987 7.94019 8.35745 8.68727 8.91386 9.01273 8.95627 8.73790 8.33770 7.79994 7.15021 6.40216 5.56409 4.64350 3.65499 2.63486 1.65988 0.84919 0.31471 0.07010 0.00672 0.00015 0.00000 0.00000 0.00000 0.00000 0.00000 0.00000 0.00000 0.00000 0.00000 0.00000
0.00000 0.00000 0.00000 0.00000 0.00000 0.00000 0.00000 0.00000 0.00000 -0.00001 -0.00145 -0.02062 -0.10012 -0.25705 -0.44739 -0.60745 -0.68770 -0.71248 -0.68688 -0.58396 -0.38200 -0.07685 0.30441 0.74398 1.24535 1.79941 2.39670 3.02885 3.67426 4.31593 4.94043 5.53625 6.09293 6.60060 7.04940 7.42858 7.72300 7.91503 7.97539 7.88600 7.65329 7.26321 6.74783 6.12621 5.40779 4.59900 3.71007 2.76706 1.83008 1.00491 0.41348 0.10828 0.01358 0.00048 0.00000 0.00000 0.00000 0.00000 0.00000 0.00000 0.00000 0.00000 0.00000 0.00000 0.00000
0.00000 0.00000 0.00000 0.00000 0.00000 0.00000 0.00000 0.00000 0.00000 0.00000 -0.00005 -0.00262 -0.02753 -0.11204 -0.25871 -0.41992 -0.53271 -0.58189 -0.57198 -0.49326 -0.37392 -0.20969 0.04254 0.40774 0.85414 1.34943 1.89151 2.47234 3.06484 3.65187 4.22101 4.76171 5.26453 5.72061 6.12127 6.45704 6.71197 6.86495 6.88345 6.76150 6.51571 6.13930 5.65157 5.06317 4.37870 3.60526 2.76246 1.89748 1.10057 0.49114 0.14564 0.02234 0.00111 0.00001 0.00000 0.00000 0.00000 0.00000 0.00000 0.00000 0.00000 0.00000 0.00000 0.00000 0.00000
0.00000 -0.00000 0.00000 0.00000 0.00000 0.00000 0.00000 0.00000 0.00000 0.00000 0.00000 -0.00009 -0.00366 -0.03113 -0.11243 -0.24113 -0.36511 -0.43837 -0.45260 -0.39929 -0.31917 -0.20118 -0.03145 0.19112 0.48464 0.88479 1.37905 1.91636 2.45495 2.98038 3.48352 3.95651 4.39214 4.78381 5.12524 5.40994 5.62563 5.74649 5.73227 5.57520 5.28399 4.86504 4.35158 3.77289 3.14147 2.46040 1.74715 1.06091 0.50373 0.16278 0.02837 0.00173 0.00002 0.00000 0.00000 0.00000 0.00000 0.00000 0.00000 0.00000 0.00000 0.00000 0.00000 0.00000 0.00000
0.00000 -0.00000 0.00000 0.00000 0.00000 0.00000 0.00000 0.00000 0.00000 0.00000 0.00000 0.00000 -0.00014 -0.00413 -0.03061 -0.10195 -0.20397 -0.28793 -0.32353 -0.29474 -0.25356 -0.17250 -0.03506 0.15179 0.38326 0.65689 0.96225 1.28782 1.62404 1.96239 2.29265 2.60489 2.89056 3.14271 3.35542 3.52079 3.62890 3.70752 3.72454 3.68215 3.57187 3.37030 3.06609 2.65722 2.15082 1.57277 0.98446 0.48479 0.16449 0.03079 0.00211 0.00003 0.00000 0.00000 0.00000 0.00000 0.00000 0.00000 0.00000 0.00000 0.00000 0.00000 0.00000 0.00000 0.00000
0.00000 -0.00000 -0.00000 0.00000 0.00000 0.00000 0.00000 0.00000 0.00000 0.00000 0.00000 0.00000 -0.00000 -0.00015 -0.00386 -0.02610 -0.08110 -0.14982 -0.19490 -0.18753 -0.18010 -0.12902 -0.01750 0.13440 0.32724 0.55497 0.80618 1.07272 1.35259 1.63799 1.91771 2.18093 2.41868 2.62401 2.79052 2.91086 2.97055 3.00858 2.98589 2.90577 2.76341 2.54183 2.22937 1.82538 1.34903 0.85300 0.42455 0.14589 0.02777 0.00195 0.00003 0.00000 0.00000 0.00000 0.00000 0.00000 0.00000 0.00000 0.00000 0.00000 0.00000 0.00000 0.00000 0.00000 0.00000
0.00000 -0.00000 -0.00000 0.00000 0.00000 0.00000 0.00000 0.00000 0.00000 0.00000 0.00000 0.00000 0.00000 -0.00000 -0.00013 -0.00292 -0.01846 -0.05270 -0.08766 -0.09208 -0.10577 -0.07764 0.01021 0.12409 0.27656 0.45771 0.65905 0.87481 1.10603 1.34426 1.57765 1.79514 1.98794 2.14920 2.27214 2.34939 2.36387 2.36527 2.31089 2.19964 2.02757 1.78324 1.46179 1.07759 0.67607 0.33163 0.11125 0.02035 0.00134 0.00002 0.00000 0.00000 0.00000 0.00000 0.00000 0.00000 0.00000 0.00000 0.00000 0.00000 0.00000 0.00000 0.00000 0.00000 0.00000
0.00000 -0.00000 -0.00000 -0.00000 0.00000 0.00000 0.00000 0.00000 0.00000 0.00000 0.00000 0.00000 0.00000 0.00000 0.00000 -0.00007 -0.00166 -0.00967 -0.02385 -0.02734 -0.04351 -0.02953 0.03593 0.11146 0.22555 0.36118 0.51641 0.68804 0.87694 1.07275 1.26323 1.43780 1.58825 1.70781 1.79005 1.82730 1.80028 1.76476 1.68136 1.54290 1.34635 1.09035 0.78858 0.48042 0.22551 0.07080 0.01167 0.00065 0.00001 0.00000 0.00000 0.00000 0.00000 0.00000 0.00000 0.00000 0.00000 0.00000 0.00000 0.00000 0.00000 0.00000 0.00000 0.00000 0.00000
0.00000 0.00000 -0.00000 -0.00000 0.00000 0.00000 0.00000 0.00000 0.00000 0.00000 0.00000 0.00000 0.00000 0.00000 0.00000 0.00000 -0.00003 -0.00056 -0.00254 -0.00141 -0.00805 0.00037 0.04573 0.08925 0.16960 0.26235 0.37534 0.50840 0.65926 0.81555 0.96543 1.09935 1.20973 1.29051 1.33563 1.33691 1.27450 1.20300 1.09407 0.93889 0.74063 0.51531 0.29692 0.12864 0.03588 0.00492 0.00020 0.00000 0.00000 0.00000 0.00000 0.00000 0.00000 0.00000 0.00000 0.00000 0.00000 0.00000 0.00000 0.00000 0.00000 0.00000 0.00000 0.00000 0.00000
0.00000 -0.00000 -0.00000 -0.00000 -0.00000 0.00000 0.00000 0.00000 0.00000 0.00000 0.00000 0.00000 0.00000 0.00000 0.00000 0.00000 0.00000 0.00000 0.00004 0.00127 0.00109 0.00670 0.03370 0.05649 0.10810 0.16336 0.23821 0.33637 0.45060 0.56823 0.67873 0.77388 0.84728 0.89343 0.90654 0.87865 0.79294 0.69720 0.57977 0.43856 0.28724 0.15173 0.05800 0.01344 0.00139 0.00004 0.00000 0.00000 0.00000 0.00000 0.00000 0.00000 0.00000 0.00000 0.00000 0.00000 0.00000 0.00000 0.00000 0.00000 0.00000 0.00000 0.00000 0.00000 0.00000
0.00000 -0.00000 0.00000 -0.00000 -0.00000 0.00000 0.00000 0.00000 0.00000 0.00000 0.00000 0.00000 0.00000 0.00000 0.00000 0.00000 0.00000 0.00000 0.00001 0.00017 0.00047 0.00246 0.01321 0.02368 0.05040 0.07714 0.11843 0.18252 0.25926 0.33814 0.41071 0.47031 0.51154 0.52976 0.52014 0.47680 0.39082 0.30124 0.21142 0.12642 0.05886 0.01872 0.00330 0.00023 0.00000 0.00000 0.00000 0.00000 0.00000 0.00000 0.00000 0.00000 0.00000 0.00000 0.00000 0.00000 0.00000 0.00000 0.00000 0.00000 0.00000 0.00000 0.00000 0.00000 0.00000
0.00000 -0.00000 -0.00000 -0.00000 -0.00000 -0.00000 0.00000 0.00000 0.00000 0.00000 0.00000 0.00000 0.00000 0.00000 0.00000 0.00000 0.00000 0.00000 0.00000 0.00000 0.00002 0.00022 0.00211 0.00502 0.01357 0.02256 0.03839 0.06965 0.10985 0.15232 0.19107 0.22109 0.23834 0.23960 0.22220 0.18438 0.12708 0.07691 0.03930 0.01511 0.00368 0.00044 0.00002 0.00000 0.00000 0.00000 0.00000 0.00000 0.00000 0.00000 0.00000 0.00000 0.00000 0.00000 0.00000 0.00000 0.00000 0.00000 0.00000 0.00000 0.00000 0.00000 0.00000 0.00000 0.00000
