tests/data/gray99/saval2D/outputs/resuh8.asc
north:     17.44
south:      0.00
east:      60.51
west:       0.00
rows:   68
cols:  236
[rows 29 to 57 of 68, columns 0 to 66 of 236]
0.00001 0.00001 0.00001 0.00001 0.00024 0.00059 0.00108 0.00172 0.00252 0.00348 0.00461 0.00593 0.00745 0.00917 0.01112 0.01330 0.01572 0.01841 0.02138 0.02464 0.02822 0.03214 0.03642 0.04110 0.04620 0.05176 0.05782 0.06443 0.07163 0.07947 0.08801 0.09730 0.10740 0.11836 0.13024 0.14308 0.15692 0.17178 0.18769 0.20465 0.22265 0.24168 0.26172 0.28274 0.30469 0.32752 0.35114 0.37547 0.40043 0.42595 0.45198 0.47846 0.50532 0.53251 0.55993 0.58749 0.61512 0.64275 0.67036 0.69791 0.72538 0.75275 0.77998 0.80702 0.83381 0.86031 0.88646
0.00001 0.00001 0.00001 0.00003 0.00031 0.00070 0.00124 0.00193 0.00278 0.00381 0.00502 0.00642 0.00804 0.00988 0.01197 0.01430 0.01692 0.01982 0.02304 0.02660 0.03051 0.03482 0.03954 0.04472 0.05039 0.05660 0.06337 0.07077 0.07884 0.08763 0.09720 0.10758 0.11884 0.13102 0.14415 0.15828 0.17342 0.18959 0.20681 0.22505 0.24431 0.26456 0.28577 0.30790 0.33090 0.35471 0.37925 0.40445 0.43024 0.45652 0.48325 0.51035 0.53776 0.56544 0.59329 0.62127 0.64929 0.67730 0.70525 0.73311 0.76084 0.78841 0.81581 0.84298 0.86990 0.89651 0.92279
0.00001 0.00001 0.00001 0.00008 0.00037 0.00080 0.00138 0.00211 0.00301 0.00409 0.00536 0.00684 0.00854 0.01047 0.01266 0.01513 0.01789 0.02096 0.02438 0.02816 0.03234 0.03694 0.04201 0.04757 0.05367 0.06034 0.06764 0.07560 0.08428 0.09373 0.10400 0.11512 0.12716 0.14013 0.15408 0.16904 0.18502 0.20204 0.22008 0.23914 0.25920 0.28023 0.30218 0.32501 0.34867 0.37310 0.39822 0.42396 0.45025 0.47701 0.50417 0.53166 0.55943 0.58740 0.61553 0.64375 0.67200 0.70024 0.72840 0.75645 0.78435 0.81207 0.83957 0.86683 0.89382 0.92051 0.94685
0.00001 0.00001 0.00001 0.00012 0.00043 0.00088 0.00148 0.00224 0.00318 0.00429 0.00561 0.00713 0.00888 0.01088 0.01314 0.01568 0.01854 0.02172 0.02526 0.02918 0.03352 0.03830 0.04356 0.04934 0.05568 0.06262 0.07020 0.07848 0.08749 0.09729 0.10793 0.11944 0.13187 0.14525 0.15962 0.17499 0.19140 0.20883 0.22728 0.24674 0.26719 0.28858 0.31088 0.33404 0.35801 0.38272 0.40811 0.43410 0.46062 0.48758 0.51493 0.54259 0.57050 0.59862 0.62687 0.65520 0.68357 0.71190 0.74016 0.76830 0.79629 0.82408 0.85165 0.87897 0.90600 0.93271 0.95908
0.00001 0.00001 0.00001 0.00015 0.00046 0.00092 0.00153 0.00231 0.00325 0.00439 0.00572 0.00726 0.00903 0.01105 0.01334 0.01591 0.01879 0.02201 0.02558 0.02954 0.03392 0.03874 0.04405 0.04987 0.05626 0.06325 0.07088 0.07921 0.08828 0.09813 0.10881 0.12037 0.13285 0.14627 0.16068 0.17610 0.19253 0.20998 0.22845 0.24792 0.26836 0.28975 0.31204 0.33518 0.35912 0.38380 0.40915 0.43510 0.46157 0.48849 0.51580 0.54342 0.57129 0.59936 0.62758 0.65589 0.68423 0.71256 0.74082 0.76896 0.79695 0.82475 0.85232 0.87964 0.90667 0.93339 0.95976
0.00001 0.00001 0.00001 0.00014 0.00046 0.00091 0.00152 0.00229 0.00323 0.00436 0.00568 0.00721 0.00897 0.01097 0.01324 0.01579 0.01864 0.02181 0.02533 0.02922 0.03352 0.03825 0.04345 0.04915 0.05539 0.06221 0.06966 0.07778 0.08662 0.09622 0.10664 0.11791 0.13008 0.14319 0.15726 0.17232 0.18839 0.20547 0.22355 0.24264 0.26270 0.28370 0.30561 0.32838 0.35196 0.37629 0.40130 0.42693 0.45310 0.47973 0.50677 0.53414 0.56179 0.58966 0.61770 0.64586 0.67407 0.70229 0.73044 0.75848 0.78638 0.81408 0.84157 0.86883 0.89582 0.92251 0.94887
0.00001 0.00001 0.00001 0.00012 0.00042 0.00086 0.00145 0.00220 0.00311 0.00421 0.00550 0.00699 0.00871 0.01065 0.01285 0.01532 0.01807 0.02113 0.02451 0.02825 0.03235 0.03686 0.04180 0.04720 0.05311 0.05956 0.06658 0.07424 0.08257 0.09162 0.10144 0.11207 0.12357 0.13596 0.14930 0.16360 0.17888 0.19517 0.21246 0.23075 0.25002 0.27025 0.29140 0.31344 0.33633 0.35999 0.38437 0.40938 0.43497 0.46107 0.48760 0.51451 0.54175 0.56927 0.59700 0.62489 0.65285 0.68083 0.70877 0.73662 0.76434 0.79190 0.81926 0.84640 0.87329 0.89992 0.92622
0.00001 0.00001 0.00001 0.00008 0.00036 0.00078 0.00134 0.00205 0.00293 0.00398 0.00521 0.00664 0.00828 0.01014 0.01223 0.01457 0.01718 0.02006 0.02323 0.02672 0.03055 0.03473 0.03929 0.04426 0.04967 0.05556 0.06196 0.06892 0.07647 0.08467 0.09357 0.10321 0.11364 0.12492 0.13709 0.15018 0.16423 0.17927 0.19530 0.21235 0.23039 0.24941 0.26941 0.29033 0.31215 0.33481 0.35823 0.38233 0.40705 0.43232 0.45811 0.48435 0.51100 0.53800 0.56528 0.59274 0.62031 0.64792 0.67550 0.70303 0.73046 0.75779 0.78497 0.81198 0.83875 0.86525 0.89144
0.00001 0.00001 0.00001 0.00004 0.00030 0.00068 0.00121 0.00187 0.00270 0.00369 0.00486 0.00620 0.00775 0.00949 0.01145 0.01363 0.01604 0.01871 0.02163 0.02482 0.02830 0.03209 0.03620 0.04064 0.04546 0.05067 0.05629 0.06237 0.06894 0.07605 0.08373 0.09205 0.10105 0.11079 0.12133 0.13272 0.14501 0.15826 0.17249 0.18773 0.20400 0.22131 0.23965 0.25899 0.27932 0.30057 0.32263 0.34545 0.36896 0.39312 0.41789 0.44323 0.46910 0.49542 0.52207 0.54893 0.57590 0.60293 0.62998 0.65704 0.68409 0.71111 0.73807 0.76489 0.79151 0.81782 0.84381
0.00001 0.00001 0.00001 0.00001 0.00024 0.00059 0.00106 0.00168 0.00245 0.00338 0.00446 0.00572 0.00715 0.00876 0.01056 0.01257 0.01478 0.01720 0.01985 0.02273 0.02585 0.02922 0.03285 0.03675 0.04093 0.04540 0.05019 0.05532 0.06080 0.06666 0.07295 0.07970 0.08697 0.09481 0.10329 0.11248 0.12244 0.13325 0.14499 0.15772 0.17149 0.18635 0.20232 0.21943 0.23765 0.25690 0.27707 0.29810 0.31997 0.34266 0.36612 0.39032 0.41522 0.44066 0.46644 0.49240 0.51850 0.54471 0.57105 0.59753 0.62415 0.65084 0.67752 0.70408 0.73040 0.75641 0.78204
0.00001 0.00001 0.00001 0.00001 0.00018 0.00049 0.00092 0.00149 0.00220 0.00305 0.00405 0.00520 0.00651 0.00799 0.00963 0.01145 0.01345 0.01563 0.01800 0.02055 0.02329 0.02623 0.02936 0.03268 0.03619 0.03990 0.04379 0.04788 0.05215 0.05662 0.06128 0.06614 0.07122 0.07655 0.08217 0.08815 0.09458 0.10158 0.10931 0.11795 0.12771 0.13883 0.15155 0.16614 0.18269 0.20003 0.21827 0.23745 0.25758 0.27865 0.30065 0.32357 0.34736 0.37172 0.39627 0.42099 0.44591 0.47113 0.49668 0.52258 0.54884 0.57522 0.60152 0.62760 0.65337 0.67881 0.70394
0.00001 0.00001 0.00001 0.00001 0.00012 0.00039 0.00078 0.00130 0.00194 0.00272 0.00363 0.00469 0.00589 0.00724 0.00874 0.01040 0.01222 0.01421 0.01635 0.01866 0.02114 0.02378 0.02659 0.02956 0.03269 0.03598 0.03942 0.04300 0.04673 0.05058 0.05456 0.05865 0.06286 0.06715 0.07154 0.07601 0.08056 0.08517 0.08984 0.09458 0.09937 0.10423 0.10915 0.11415 0.11942 0.12649 0.13571 0.14739 0.16182 0.17917 0.19958 0.22311 0.24978 0.27536 0.30044 0.32537 0.35040 0.37572 0.40141 0.42752 0.45406 0.48031 0.50606 0.53134 0.55626 0.58096 0.60555
0.00001 0.00001 0.00001 0.00001 0.00006 0.00030 0.00065 0.00111 0.00169 0.00240 0.00324 0.00420 0.00530 0.00654 0.00792 0.00944 0.01111 0.01292 0.01488 0.01699 0.01925 0.02164 0.02419 0.02686 0.02968 0.03262 0.03568 0.03886 0.04215 0.04553 0.04901 0.05256 0.05618 0.05986 0.06360 0.06737 0.07118 0.07502 0.07888 0.08276 0.08665 0.09055 0.09447 0.09840 0.10235 0.10632 0.11032 0.11433 0.11839 0.12248 0.12662 0.13081 0.13506 0.14385 0.15713 0.17477 0.19650 0.22200 0.25093 0.28302 0.31468 0.34444 0.37247 0.39940 0.42572 0.45175 0.47768
0.00001 0.00001 0.00001 0.00001 0.00002 0.00022 0.00052 0.00092 0.00144 0.00208 0.00283 0.00371 0.00471 0.00585 0.00711 0.00850 0.01002 0.01168 0.01347 0.01539 0.01745 0.01962 0.02193 0.02435 0.02688 0.02953 0.03227 0.03510 0.03802 0.04101 0.04406 0.04717 0.05033 0.05352 0.05673 0.05996 0.06321 0.06645 0.06970 0.07294 0.07618 0.07941 0.08262 0.08583 0.08903 0.09223 0.09542 0.09862 0.10181 0.10500 0.10820 0.11141 0.11463 0.11787 0.12112 0.12439 0.12769 0.13102 0.13439 0.13781 0.14444 0.15633 0.17354 0.19542 0.22129 0.25059 0.28283
0.00001 0.00001 0.00001 0.00001 0.00001 0.00014 0.00038 0.00073 0.00119 0.00175 0.00243 0.00322 0.00414 0.00517 0.00631 0.00759 0.00898 0.01049 0.01212 0.01388 0.01574 0.01772 0.01981 0.02200 0.02429 0.02667 0.02913 0.03166 0.03426 0.03691 0.03961 0.04235 0.04510 0.04788 0.05067 0.05345 0.05623 0.05900 0.06176 0.06449 0.06721 0.06991 0.07258 0.07524 0.07787 0.08048 0.08308 0.08566 0.08823 0.09077 0.09331 0.09583 0.09834 0.10084 0.10333 0.10581 0.10829 0.11076 0.11323 0.11570 0.11818 0.12066 0.12316 0.12567 0.12821 0.13077 0.13336
0.00001 0.00001 0.00001 0.00001 0.00001 0.00005 0.00025 0.00055 0.00094 0.00144 0.00204 0.00276 0.00358 0.00451 0.00555 0.00671 0.00798 0.00936 0.01085 0.01244 0.01414 0.01594 0.01783 0.01982 0.02188 0.02403 0.02623 0.02850 0.03082 0.03318 0.03556 0.03797 0.04039 0.04281 0.04523 0.04763 0.05002 0.05239 0.05474 0.05706 0.05935 0.06161 0.06385 0.06606 0.06824 0.07039 0.07252 0.07462 0.07669 0.07874 0.08076 0.08276 0.08473 0.08668 0.08860 0.09050 0.09237 0.09422 0.09605 0.09786 0.09966 0.10143 0.10319 0.10494 0.10668 0.10841 0.11013
0.00001 0.00001 0.00001 0.00001 0.00001 0.00001 0.00015 0.00038 0.00071 0.00114 0.00167 0.00231 0.00304 0.00389 0.00483 0.00588 0.00703 0.00828 0.00964 0.01109 0.01263 0.01427 0.01598 0.01778 0.01964 0.02157 0.02356 0.02558 0.02765 0.02974 0.03185 0.03397 0.03609 0.03820 0.04030 0.04238 0.04443 0.04646 0.04846 0.05042 0.05236 0.05426 0.05613 0.05797 0.05978 0.06155 0.06330 0.06501 0.06669 0.06834 0.06995 0.07153 0.07308 0.07460 0.07608 0.07752 0.07894 0.08031 0.08166 0.08297 0.08425 0.08551 0.08673 0.08792 0.08909 0.09023 0.09135
0.00001 0.00001 0.00001 0.00001 0.00001 0.00001 0.00005 0.00023 0.00050 0.00087 0.00133 0.00189 0.00254 0.00330 0.00415 0.00509 0.00614 0.00727 0.00850 0.00982 0.01122 0.01270 0.01426 0.01588 0.01756 0.01929 0.02107 0.02288 0.02472 0.02657 0.02843 0.03029 0.03214 0.03398 0.03580 0.03759 0.03935 0.04108 0.04278 0.04445 0.04608 0.04768 0.04924 0.05077 0.05227 0.05373 0.05516 0.05655 0.05791 0.05923 0.06051 0.06176 0.06296 0.06413 0.06526 0.06634 0.06739 0.06840 0.06937 0.07029 0.07118 0.07203 0.07285 0.07362 0.07436 0.07507 0.07574
0.00001 0.00001 0.00001 0.00001 0.00001 0.00001 0.00001 0.00011 0.00032 0.00062 0.00101 0.00150 0.00208 0.00275 0.00351 0.00436 0.00530 0.00633 0.00744 0.00863 0.00990 0.01124 0.01264 0.01410 0.01561 0.01717 0.01875 0.02036 0.02199 0.02363 0.02527 0.02690 0.02851 0.03010 0.03167 0.03321 0.03471 0.03619 0.03763 0.03903 0.04040 0.04174 0.04305 0.04432 0.04555 0.04675 0.04792 0.04904 0.05013 0.05118 0.05219 0.05316 0.05408 0.05497 0.05581 0.05660 0.05736 0.05807 0.05874 0.05936 0.05994 0.06048 0.06097 0.06143 0.06184 0.06221 0.06254
0.00001 0.00001 0.00001 0.00001 0.00001 0.00001 0.00001 0.00001 0.00017 0.00040 0.00073 0.00115 0.00165 0.00224 0.00291 0.00368 0.00452 0.00544 0.00644 0.00752 0.00866 0.00987 0.01113 0.01244 0.01379 0.01518 0.01659 0.01802 0.01946 0.02090 0.02233 0.02375 0.02515 0.02652 0.02786 0.02918 0.03046 0.03171 0.03292 0.03410 0.03525 0.03637 0.03745 0.03850 0.03951 0.04049 0.04143 0.04234 0.04320 0.04402 0.04480 0.04554 0.04623 0.04688 0.04749 0.04805 0.04856 0.04904 0.04946 0.04984 0.05017 0.05046 0.05071 0.05091 0.05107 0.05118 0.05126
0.00001 0.00001 0.00001 0.00001 0.00001 0.00001 0.00001 0.00001 0.00004 0.00022 0.00049 0.00083 0.00126 0.00178 0.00237 0.00304 0.00380 0.00462 0.00552 0.00648 0.00751 0.00859 0.00972 0.01089 0.01210 0.01333 0.01458 0.01584 0.01710 0.01836 0.01960 0.02083 0.02203 0.02321 0.02435 0.02547 0.02655 0.02760 0.02862 0.02961 0.03057 0.03149 0.03238 0.03324 0.03407 0.03486 0.03561 0.03632 0.03699 0.03762 0.03821 0.03876 0.03926 0.03972 0.04013 0.04049 0.04081 0.04109 0.04132 0.04150 0.04164 0.04174 0.04179 0.04179 0.04175 0.04167 0.04154
0.00001 0.00001 0.00001 0.00001 0.00001 0.00001 0.00001 0.00001 0.00001 0.00009 0.00028 0.00056 0.00092 0.00136 0.00187 0.00247 0.00313 0.00386 0.00466 0.00552 0.00643 0.00740 0.00840 0.00944 0.01051 0.01160 0.01270 0.01381 0.01491 0.01599 0.01707 0.01812 0.01914 0.02014 0.02111 0.02205 0.02296 0.02384 0.02469 0.02551 0.02630 0.02706 0.02779 0.02849 0.02916 0.02979 0.03038 0.03093 0.03143 0.03190 0.03233 0.03271 0.03305 0.03335 0.03359 0.03380 0.03396 0.03408 0.03415 0.03418 0.03416 0.03410 0.03399 0.03385 0.03365 0.03342 0.03315
0.00001 0.00001 0.00001 0.00001 0.00001 0.00001 0.00001 0.00001 0.00001 0.00001 0.00013 0.00034 0.00063 0.00099 0.00143 0.00194 0.00252 0.00316 0.00387 0.00463 0.00544 0.00629 0.00718 0.00810 0.00904 0.00999 0.01095 0.01191 0.01286 0.01379 0.01471 0.01560 0.01647 0.01731 0.01812 0.01891 0.01967 0.02040 0.02110 0.02178 0.02243 0.02305 0.02364 0.02420 0.02473 0.02522 0.02567 0.02608 0.02644 0.02677 0.02706 0.02731 0.02752 0.02768 0.02779 0.02786 0.02790 0.02789 0.02783 0.02773 0.02759 0.02741 0.02719 0.02693 0.02662 0.02628 0.02591
0.00001 0.00001 0.00001 0.00001 0.00001 0.00001 0.00001 0.00001 0.00001 0.00001 0.00001 0.00016 0.00038 0.00067 0.00104 0.00147 0.00197 0.00253 0.00314 0.00381 0.00452 0.00527 0.00604 0.00685 0.00767 0.00849 0.00932 0.01015 0.01096 0.01175 0.01253 0.01328 0.01400 0.01470 0.01538 0.01603 0.01666 0.01726 0.01784 0.01839 0.01892 0.01942 0.01989 0.02033 0.02074 0.02111 0.02144 0.02173 0.02197 0.02219 0.02236 0.02250 0.02259 0.02263 0.02264 0.02261 0.02254 0.02242 0.02227 0.02207 0.02184 0.02157 0.02127 0.02092 0.02053 0.02012 0.01968
0.00001 0.00001 0.00001 0.00001 0.00001 0.00001 0.00001 0.00001 0.00001 0.00001 0.00001 0.00001 0.00018 0.00041 0.00070 0.00106 0.00148 0.00196 0.00249 0.00306 0.00367 0.00432 0.00500 0.00569 0.00640 0.00711 0.00781 0.00851 0.00920 0.00986 0.01051 0.01113 0.01173 0.01231 0.01287 0.01340 0.01392 0.01441 0.01488 0.01533 0.01575 0.01615 0.01651 0.01685 0.01716 0.01742 0.01765 0.01783 0.01798 0.01809 0.01817 0.01822 0.01821 0.01816 0.01808 0.01796 0.01782 0.01763 0.01739 0.01712 0.01683 0.01651 0.01614 0.01574 0.01530 0.01486 0.01438
0.00001 0.00001 0.00001 0.00001 0.00001 0.00001 0.00001 0.00001 0.00001 0.00001 0.00001 0.00001 0.00002 0.00019 0.00042 0.00071 0.00105 0.00145 0.00189 0.00238 0.00291 0.00346 0.00404 0.00463 0.00523 0.00583 0.00642 0.00701 0.00758 0.00813 0.00866 0.00917 0.00966 0.01013 0.01059 0.01102 0.01144 0.01184 0.01222 0.01257 0.01290 0.01321 0.01349 0.01374 0.01396 0.01413 0.01426 0.01436 0.01442 0.01446 0.01446 0.01443 0.01434 0.01422 0.01407 0.01390 0.01369 0.01345 0.01315 0.01284 0.01251 0.01216 0.01176 0.01132 0.01087 0.01042 0.00995
0.00001 0.00001 0.00001 0.00001 0.00001 0.00001 0.00001 0.00001 0.00001 0.00001 0.00001 0.00001 0.00001 0.00003 0.00019 0.00041 0.00069 0.00101 0.00137 0.00178 0.00222 0.00268 0.00317 0.00366 0.00416 0.00466 0.00515 0.00563 0.00610 0.00655 0.00698 0.00739 0.00778 0.00817 0.00853 0.00888 0.00922 0.00954 0.00984 0.01011 0.01037 0.01060 0.01080 0.01098 0.01112 0.01121 0.01126 0.01128 0.01127 0.01125 0.01119 0.01110 0.01095 0.01077 0.01057 0.01036 0.01013 0.00984 0.00951 0.00917 0.00884 0.00848 0.00808 0.00762 0.00718 0.00677 0.00633
0.00001 0.00001 0.00001 0.00001 0.00001 0.00001 0.00001 0.00001 0.00001 0.00001 0.00001 0.00001 0.00001 0.00001 0.00003 0.00019 0.00039 0.00063 0.00092 0.00125 0.00161 0.00199 0.00239 0.00279 0.00320 0.00361 0.00400 0.00439 0.00476 0.00512 0.00546 0.00579 0.00610 0.00641 0.00670 0.00698 0.00725 0.00750 0.00773 0.00794 0.00812 0.00829 0.00843 0.00854 0.00861 0.00863 0.00861 0.00857 0.00851 0.00844 0.00835 0.00820 0.00801 0.00778 0.00756 0.00734 0.00710 0.00678 0.00643 0.00609 0.00578 0.00546 0.00505 0.00460 0.00420 0.00386 0.00350
0.00001 0.00001 0.00001 0.00001 0.00001 0.00001 0.00001 0.00001 0.00001 0.00001 0.00001 0.00001 0.00001 0.00001 0.00001 0.00002 0.00016 0.00034 0.00055 0.00080 0.00108 0.00139 0.00170 0.00203 0.00235 0.00267 0.00298 0.00328 0.00357 0.00385 0.00412 0.00437 0.00462 0.00486 0.00509 0.00531 0.00552 0.00571 0.00588 0.00603 0.00616 0.00626 0.00635 0.00640 0.00642 0.00638 0.00630 0.00621 0.00612 0.00603 0.00591 0.00573 0.00549 0.00524 0.00502 0.00482 0.00458 0.00425 0.00389 0.00358 0.00333 0.00305 0.00267 0.00223 0.00190 0.00167 0.00142
