tests/data/gray99/saval2D/inputs/mntsimulation.asc
ncols        236
nrows        68
xllcorner    0.000000000000
yllcorner    0.000000000000
cellsize     0.256400000000
NODATA_value  -99999
[rows 51 to 67 of 68, columns 78 to 116 of 236]
14.371106147766113281 14.155954360961914062 13.940802574157714844 13.725649833679199219 13.510497093200683594 13.295345306396484375 13.08019256591796875 12.865040779113769531 12.649889945983886719 12.4347381591796875 12.219586372375488281 12.004434585571289062 11.789281845092773438 11.574129104614257812 11.358977317810058594 11.143824577331542969 10.928673744201660156 10.713521957397460938 10.498371124267578125 10.2832183837890625 10.068066596984863281 9.8529138565063476562 9.6377611160278320312 9.4226093292236328125 9.2074575424194335938 8.992305755615234375 8.7771549224853515625 8.5620031356811523438 8.3468503952026367188 8.1316976547241210938 7.9165453910827636719 7.70139312744140625 7.4862408638000488281 7.2710895538330078125 7.0559382438659667969 6.8407869338989257812 6.6256346702575683594 6.4104824066162109375 6.1953301429748535156
14.584539413452148438 14.369386672973632812 14.154234886169433594 13.939084053039550781 13.723932266235351562 13.508780479431152344 13.293628692626953125 13.0784759521484375 12.863323211669921875 12.648171424865722656 12.433018684387207031 12.217866897583007812 12.002716064453125 11.787564277648925781 11.572412490844726562 11.357260704040527344 11.142107963562011719 10.926955223083496094 10.711803436279296875 10.49665069580078125 10.281499862670898438 10.066348075866699219 9.8511972427368164062 9.6360445022583007812 9.4208927154541015625 9.2057399749755859375 8.9905872344970703125 8.7754354476928710938 8.560283660888671875 8.3451318740844726562 8.1299810409545898438 7.9148287773132324219 7.699676513671875 7.4845242500305175781 7.2693715095520019531 7.0542192459106445312 6.8390669822692871094 6.6239156723022460938 6.4087643623352050781
14.809722900390625 14.594571113586425781 14.379419326782226562 14.164266586303710938 13.949113845825195312 13.733962059020996094 13.518809318542480469 13.303658485412597656 13.088506698608398438 12.873355865478515625 12.658203125 12.443051338195800781 12.227898597717285156 12.012745857238769531 11.797594070434570312 11.582442283630371094 11.367290496826171875 11.152139663696289062 10.936987876892089844 10.721835136413574219 10.506682395935058594 10.291530609130859375 10.07637786865234375 9.8612260818481445312 9.6460742950439453125 9.4309234619140625 9.2157716751098632812 9.0006198883056640625 8.7854671478271484375 8.5703144073486328125 8.3551626205444335938 8.1400098800659179688 7.92485809326171875 7.7097067832946777344 7.4945554733276367188 7.2794036865234375 7.0642514228820800781 6.8490991592407226562 6.6339464187622070312
15.046652793884277344 14.831501007080078125 14.616349220275878906 14.401197433471679688 14.186046600341796875 13.970894813537597656 13.755743026733398438 13.540590286254882812 13.325437545776367188 13.110284805297851562 12.895133018493652344 12.679981231689453125 12.464830398559570312 12.249678611755371094 12.034526824951171875 11.81937408447265625 11.604222297668457031 11.389069557189941406 11.173916816711425781 10.958765029907226562 10.74361419677734375 10.528462409973144531 10.313310623168945312 10.098158836364746094 9.8830060958862304688 9.66785430908203125 9.452701568603515625 9.237548828125 9.0223970413208007812 8.8072462081909179688 8.5920953750610351562 8.3769426345825195312 8.1617908477783203125 7.9466385841369628906 7.7314858436584472656 7.5163335800170898438 7.3011813163757324219 7.0860295295715332031 6.8708786964416503906
15.295334815979003906 15.080183029174804688 14.865030288696289062 14.649878501892089844 14.434725761413574219 14.219573020935058594 14.004421234130859375 13.789269447326660156 13.574118614196777344 13.358966827392578125 13.143815040588378906 12.928662300109863281 12.713510513305664062 12.498357772827148438 12.283205032348632812 12.068053245544433594 11.852901458740234375 11.637750625610351562 11.422598838806152344 11.207447052001953125 10.9922943115234375 10.777141571044921875 10.561989784240722656 10.346837043762207031 10.131685256958007812 9.916534423828125 9.7013826370239257812 9.4862308502197265625 9.2710790634155273438 9.0559263229370117188 8.8407735824584960938 8.625621795654296875 8.41046905517578125 8.1953182220458984375 7.9801669120788574219 7.7650151252746582031 7.5498633384704589844 7.3347105979919433594 7.1195583343505859375
15.555762290954589844 15.340609550476074219 15.125457763671875 14.910305976867675781 14.695155143737792969 14.48000335693359375 14.264851570129394531 14.049699783325195312 13.834547042846679688 13.619394302368164062 13.404241561889648438 13.189089775085449219 12.97393798828125 12.758787155151367188 12.543635368347167969 12.32848358154296875 12.113330841064453125 11.898179054260253906 11.683026313781738281 11.467873573303222656 11.252721786499023438 11.037570953369140625 10.822420120239257812 10.607268333435058594 10.392115592956542969 10.176962852478027344 9.961811065673828125 9.7466583251953125 9.5315065383911132812 9.3163547515869140625 9.1012029647827148438 8.8860521316528320312 8.6709003448486328125 8.4557476043701171875 8.2405948638916015625 8.0254421234130859375 7.8102903366088867188 7.5951380729675292969 7.3799867630004882812
15.827939987182617188 15.612789154052734375 15.397637367248535156 15.182484626770019531 14.967332839965820312 14.752180099487304688 14.537027359008789062 14.321875572204589844 14.106723785400390625 13.891571998596191406 13.676421165466308594 13.461269378662109375 13.24611663818359375 13.030963897705078125 12.815812110900878906 12.600659370422363281 12.385507583618164062 12.170355796813964844 11.955204963684082031 11.740053176879882812 11.524901390075683594 11.309748649597167969 11.094595909118652344 10.879444122314453125 10.6642913818359375 10.449139595031738281 10.233988761901855469 10.01883697509765625 9.8036851882934570312 9.5885334014892578125 9.3733806610107421875 9.1582279205322265625 8.9430761337280273438 8.7279233932495117188 8.5127716064453125 8.2976207733154296875 8.0824689865112304688 7.86731719970703125 7.6521649360656738281
16.111865997314453125 15.896714210510253906 15.681561470031738281 15.466409683227539062 15.251256942749023438 15.036106109619140625 14.820954322814941406 14.605803489685058594 14.390650749206542969 14.17549896240234375 13.960346221923828125 13.7451934814453125 13.530041694641113281 13.314889907836914062 13.099738121032714844 12.884587287902832031 12.669435501098632812 12.454282760620117188 12.239130973815917969 12.023978233337402344 11.808825492858886719 11.5936737060546875 11.378521919250488281 11.163371086120605469 10.94821929931640625 10.733067512512207031 10.517914772033691406 10.302762985229492188 10.087610244750976562 9.8724575042724609375 9.6573057174682617188 9.4421539306640625 9.2270030975341796875 9.0118513107299804688 8.79669952392578125 8.581546783447265625 8.36639404296875 8.1512422561645507812 7.9360895156860351562
16.40753936767578125 16.192388534545898438 15.977236747741699219 15.762085914611816406 15.546934127807617188 15.331781387329101562 15.116629600524902344 14.901476860046386719 14.686324119567871094 14.471172332763671875 14.256020545959472656 14.040868759155273438 13.825717926025390625 13.610566139221191406 13.395413398742675781 13.180261611938476562 12.965108871459960938 12.749956130981445312 12.534804344177246094 12.319652557373046875 12.104501724243164062 11.889349937438964844 11.674198150634765625 11.45904541015625 11.243893623352050781 11.028740882873535156 10.813588142395019531 10.598436355590820312 10.3832855224609375 10.168133735656738281 9.9529819488525390625 9.7378301620483398438 9.5226774215698242188 9.3075246810913085938 9.092372894287109375 8.87722015380859375 8.6620683670043945312 8.4469175338745117188 8.2317657470703125
16.7149658203125 16.499813079833984375 16.28466033935546875 16.069509506225585938 15.854355812072753906 15.639204025268554688 15.424051284790039062 15.208899497985839844 14.993748664855957031 14.778596878051757812 14.563445091247558594 14.348293304443359375 14.13314056396484375 13.917987823486328125 13.702836036682128906 13.487683296203613281 13.272532463073730469 13.05738067626953125 12.842229843139648438 12.627077102661132812 12.411925315856933594 12.196772575378417969 11.981619834899902344 11.766468048095703125 11.551316261291503906 11.336164474487304688 11.121013641357421875 10.905861854553222656 10.690709114074707031 10.475557327270507812 10.260404586791992188 10.045251846313476562 9.8301000595092773438 9.614948272705078125 9.3997964859008789062 9.1846456527709960938 8.969493865966796875 8.75434112548828125 8.5391893386840820312
17.034137725830078125 16.8189849853515625 16.603832244873046875 16.38867950439453125 16.173526763916015625 15.958375930786132812 15.74322509765625 15.528073310852050781 15.312921524047851562 15.097768783569335938 14.882616043090820312 14.667464256286621094 14.452311515808105469 14.23715972900390625 14.022008895874023438 13.806857109069824219 13.591705322265625 13.376553535461425781 13.161400794982910156 12.946248054504394531 12.731096267700195312 12.515943527221679688 12.300791740417480469 12.085640907287597656 11.870490074157714844 11.655337333679199219 11.440185546875 11.225032806396484375 11.00988006591796875 10.794728279113769531 10.579575538635253906 10.364424705505371094 10.149273872375488281 9.9341220855712890625 9.7189693450927734375 9.5038175582885742188 9.2886648178100585938 9.0735120773315429688 8.85836029052734375
17.365056991577148438 17.149904251098632812 16.93475341796875 16.719600677490234375 16.504449844360351562 16.28929901123046875 16.074146270751953125 15.8589935302734375 15.643840789794921875 15.428689002990722656 15.213536262512207031 14.998385429382324219 14.783233642578125 14.568081855773925781 14.352930068969726562 14.137777328491210938 13.922625541687011719 13.707472801208496094 13.492321014404296875 13.27716827392578125 13.062017440795898438 12.846865653991699219 12.6317138671875 12.416562080383300781 12.201409339904785156 11.986257553100585938 11.771104812622070312 11.555953025817871094 11.340801239013671875 11.125649452209472656 10.910498619079589844 10.695345878601074219 10.480194091796875 10.265041351318359375 10.04988861083984375 9.8347368240356445312 9.6195850372314453125 9.4044332504272460938 9.1892824172973632812
17.70772552490234375 17.492574691772460938 17.277423858642578125 17.0622711181640625 16.847118377685546875 16.63196563720703125 16.416812896728515625 16.201662063598632812 15.986509323120117188 15.771358489990234375 15.556207656860351562 15.341055870056152344 15.125904083251953125 14.9107513427734375 14.695598602294921875 14.48044586181640625 14.265293121337890625 14.050142288208007812 13.834991455078125 13.619839668273925781 13.404687881469726562 13.189536094665527344 12.974383354187011719 12.759230613708496094 12.544077873229980469 12.32892608642578125 12.113774299621582031 11.898623466491699219 11.683472633361816406 11.468319892883300781 11.253167152404785156 11.038014411926269531 10.822861671447753906 10.607709884643554688 10.392558097839355469 10.177407264709472656 9.9622564315795898438 9.747104644775390625 9.531951904296875
18.062145233154296875 17.84699249267578125 17.631839752197265625 17.416688919067382812 17.201536178588867188 16.986385345458984375 16.77123260498046875 16.556079864501953125 16.340929031372070312 16.125776290893554688 15.910624504089355469 15.69547271728515625 15.480320930480957031 15.265169143676757812 15.050017356872558594 14.834864616394042969 14.61971282958984375 14.404560089111328125 14.189408302307128906 13.974256515502929688 13.759104728698730469 13.54395294189453125 13.328801155090332031 13.113649368286132812 12.898496627807617188 12.683344841003417969 12.46819305419921875 12.253040313720703125 12.037888526916503906 11.822736740112304688 11.607584953308105469 11.39243316650390625 11.177281379699707031 10.962128639221191406 10.746976852416992188 10.531825065612792969 10.31667327880859375 10.101521492004394531 9.8863697052001953125
18.428312301635742188 18.213159561157226562 17.998006820678710938 17.782854080200195312 17.567701339721679688 17.352550506591796875 17.137401580810546875 16.92224884033203125 16.707096099853515625 16.491943359375 16.276790618896484375 16.06163787841796875 15.846486091613769531 15.631334304809570312 15.416184425354003906 15.201033592224121094 14.985880851745605469 14.77072906494140625 14.555575370788574219 14.340422630310058594 14.125269889831542969 13.91011810302734375 13.694967269897460938 13.479816436767578125 13.264665603637695312 13.049512863159179688 12.834360122680664062 12.619207382202148438 12.404054641723632812 12.188901901245117188 11.973750114440917969 11.758599281311035156 11.54344940185546875 11.328297615051269531 11.113144874572753906 10.897992134094238281 10.682839393615722656 10.467686653137207031 10.252533912658691406
18.806146621704101562 18.590925216674804688 18.375762939453125 18.1606903076171875 17.945703506469726562 17.73062896728515625 17.515462875366210938 17.30023956298828125 17.084991455078125 16.869749069213867188 16.654544830322265625 16.439411163330078125 16.224378585815429688 16.009374618530273438 15.794263839721679688 15.579074859619140625 15.363839149475097656 15.148589134216308594 14.93335723876953125 14.718173980712890625 14.503072738647460938 14.288077354431152344 14.073033332824707031 13.857890129089355469 13.642680168151855469 13.427435874938964844 13.212188720703125 12.996970176696777344 12.781813621520996094 12.56674957275390625 12.351761817932128906 12.136677742004394531 11.921506881713867188 11.706281661987304688 11.491032600402832031 11.275792121887207031 11.060591697692871094 10.845464706420898438 10.630441665649414062
19.064714431762695312 18.849584579467773438 18.634433746337890625 18.419263839721679688 18.204088211059570312 17.988910675048828125 17.77374267578125 17.558591842651367188 17.34346771240234375 17.128360748291015625 16.913225173950195312 16.698064804077148438 16.482889175415039062 16.267709732055664062 16.052532196044921875 15.837367057800292969 15.622226715087890625 15.407118797302246094 15.192006111145019531 14.976861000061035156 14.761693000793457031 14.546512603759765625 14.331329345703125 14.116153717041015625 13.900996208190917969 13.6858673095703125 13.470770835876464844 13.255647659301757812 13.040493011474609375 12.825318336486816406 12.610133171081542969 12.39495086669921875 12.179780006408691406 11.964632034301757812 11.749517440795898438 11.53441619873046875 11.319278717041015625 11.104116439819335938 10.888939857482910156
