tests/data/gray99/saval2D/inputs/mntsimulation.asc
ncols        236
nrows        68
xllcorner    0.000000000000
yllcorner    0.000000000000
cellsize     0.256400000000
NODATA_value  -99999
[rows 0 to 16 of 68, columns 39 to 77 of 236]
27.455621719360351562 27.240461349487304688 27.025304794311523438 26.810155868530273438 26.5950164794921875 26.379877090454101562 26.164730072021484375 25.949573516845703125 25.73441314697265625 25.519250869750976562 25.304090499877929688 25.08893585205078125 24.873790740966796875 24.658655166625976562 24.443513870239257812 24.228361129760742188 24.013202667236328125 23.79804229736328125 23.582880020141601562 23.3677215576171875 23.152568817138671875 22.937427520751953125 22.722291946411132812 22.507146835327148438 22.2919921875 22.076831817626953125 21.861669540405273438 21.646509170532226562 21.431352615356445312 21.216203689575195312 21.001066207885742188 20.785928726196289062 20.570779800415039062 20.355621337890625 20.140460968017578125 19.925298690795898438 19.710138320922851562 19.494983673095703125 19.27983856201171875
27.06987762451171875 26.854724884033203125 26.6395721435546875 26.424421310424804688 26.209268569946289062 25.99411773681640625 25.778964996337890625 25.563814163208007812 25.348661422729492188 25.133510589599609375 24.91835784912109375 24.703205108642578125 24.4880523681640625 24.272901535034179688 24.057748794555664062 23.84259796142578125 23.627447128295898438 23.412294387817382812 23.197141647338867188 22.981988906860351562 22.766836166381835938 22.551685333251953125 22.3365325927734375 22.121381759643554688 21.906230926513671875 21.69107818603515625 21.475925445556640625 21.260772705078125 21.045621871948242188 20.830469131469726562 20.615316390991210938 20.400165557861328125 20.185014724731445312 19.969861984252929688 19.754711151123046875 19.53955841064453125 19.324405670166015625 19.1092529296875 18.894100189208984375
26.695878982543945312 26.480726242065429688 26.265575408935546875 26.05042266845703125 25.835269927978515625 25.6201171875 25.404964447021484375 25.189813613891601562 24.97466278076171875 24.759511947631835938 24.544359207153320312 24.329206466674804688 24.114053726196289062 23.898900985717773438 23.683750152587890625 23.468597412109375 23.253446578979492188 23.038295745849609375 22.82314300537109375 22.607990264892578125 22.3928375244140625 22.177686691284179688 21.962533950805664062 21.747381210327148438 21.532230377197265625 21.317079544067382812 21.101926803588867188 20.886775970458984375 20.67162322998046875 20.456470489501953125 20.2413177490234375 20.026165008544921875 19.811014175415039062 19.595861434936523438 19.380710601806640625 19.165559768676757812 18.950407028198242188 18.735254287719726562 18.520101547241210938
26.333627700805664062 26.11847686767578125 25.903324127197265625 25.688173294067382812 25.473020553588867188 25.257867813110351562 25.042715072631835938 24.827562332153320312 24.6124114990234375 24.397258758544921875 24.182107925415039062 23.96695709228515625 23.751804351806640625 23.536651611328125 23.321498870849609375 23.10634613037109375 22.891195297241210938 22.676042556762695312 22.4608917236328125 22.245740890502929688 22.030588150024414062 21.81543731689453125 21.600284576416015625 21.3851318359375 21.169979095458984375 20.95482635498046875 20.739675521850585938 20.524524688720703125 20.3093719482421875 20.094221115112304688 19.879068374633789062 19.663915634155273438 19.448762893676757812 19.233610153198242188 19.018459320068359375 18.803308486938476562 18.588155746459960938 18.373004913330078125 18.1578521728515625
25.983125686645507812 25.767972946166992188 25.552820205688476562 25.33766937255859375 25.122518539428710938 24.907365798950195312 24.6922149658203125 24.477062225341796875 24.26190948486328125 24.046756744384765625 23.83160400390625 23.616453170776367188 23.401302337646484375 23.186151504516601562 22.970998764038085938 22.755846023559570312 22.540693283081054688 22.325540542602539062 22.11038970947265625 21.895236968994140625 21.680086135864257812 21.464935302734375 21.249782562255859375 21.03462982177734375 20.819478988647460938 20.604326248168945312 20.389173507690429688 20.174020767211914062 19.95886993408203125 19.743719100952148438 19.528566360473632812 19.31341552734375 19.098262786865234375 18.88311004638671875 18.667957305908203125 18.4528045654296875 18.237653732299804688 18.022500991821289062 17.80735015869140625
25.644372940063476562 25.429220199584960938 25.214067459106445312 24.998914718627929688 24.783763885498046875 24.568613052368164062 24.35346221923828125 24.138309478759765625 23.92315673828125 23.708003997802734375 23.492853164672851562 23.277700424194335938 23.062547683715820312 22.8473968505859375 22.632244110107421875 22.417093276977539062 22.20194244384765625 21.986789703369140625 21.771636962890625 21.556484222412109375 21.34133148193359375 21.126180648803710938 20.911027908325195312 20.6958770751953125 20.480726242065429688 20.265573501586914062 20.050420761108398438 19.835268020629882812 19.620115280151367188 19.404964447021484375 19.18981170654296875 18.974660873413085938 18.759510040283203125 18.5443572998046875 18.329206466674804688 18.114053726196289062 17.898900985717773438 17.683748245239257812 17.468595504760742188
25.317369461059570312 25.102216720581054688 24.887063980102539062 24.67191314697265625 24.456760406494140625 24.241607666015625 24.026454925537109375 23.811304092407226562 23.59615325927734375 23.381000518798828125 23.165849685668945312 22.950696945190429688 22.735544204711914062 22.520391464233398438 22.305238723754882812 22.090087890625 21.874935150146484375 21.659784317016601562 21.44463348388671875 21.229480743408203125 21.0143280029296875 20.799175262451171875 20.584024429321289062 20.368871688842773438 20.153718948364257812 19.938568115234375 19.723417282104492188 19.508264541625976562 19.29311370849609375 19.077960968017578125 18.8628082275390625 18.647655487060546875 18.43250274658203125 18.217351913452148438 18.002201080322265625 17.78704833984375 17.571897506713867188 17.356744766235351562 17.141592025756835938
25.002111434936523438 24.786958694458007812 24.571807861328125 24.356657028198242188 24.141504287719726562 23.92635345458984375 23.711200714111328125 23.4960479736328125 23.280895233154296875 23.06574249267578125 22.850591659545898438 22.635440826416015625 22.420289993286132812 22.205137252807617188 21.989984512329101562 21.774831771850585938 21.559679031372070312 21.3445281982421875 21.129375457763671875 20.914224624633789062 20.69907379150390625 20.483921051025390625 20.268768310546875 20.053617477416992188 19.838464736938476562 19.623311996459960938 19.408159255981445312 19.1930084228515625 18.977857589721679688 18.762704849243164062 18.54755401611328125 18.332401275634765625 18.11724853515625 17.902095794677734375 17.68694305419921875 17.471792221069335938 17.256639480590820312 17.0414886474609375 16.826337814331054688
24.698604583740234375 24.48345184326171875 24.268301010131835938 24.053148269653320312 23.837995529174804688 23.622844696044921875 23.407693862915039062 23.192541122436523438 22.977390289306640625 22.762237548828125 22.547084808349609375 22.33193206787109375 22.116779327392578125 21.901628494262695312 21.6864776611328125 21.471326828002929688 21.256174087524414062 21.041021347045898438 20.825868606567382812 20.610715866088867188 20.395565032958984375 20.18041229248046875 19.965261459350585938 19.750110626220703125 19.5349578857421875 19.319805145263671875 19.104654312133789062 18.889501571655273438 18.674348831176757812 18.459196090698242188 18.244045257568359375 18.02889251708984375 17.813741683959960938 17.598590850830078125 17.3834381103515625 17.168285369873046875 16.95313262939453125 16.737979888916015625 16.522829055786132812
24.406847000122070312 24.1916961669921875 23.976543426513671875 23.76139068603515625 23.546237945556640625 23.331085205078125 23.115934371948242188 22.900781631469726562 22.68563079833984375 22.470479965209960938 22.255327224731445312 22.040174484252929688 21.825023651123046875 21.60987091064453125 21.394718170166015625 21.1795654296875 20.964414596557617188 20.749263763427734375 20.53411102294921875 20.318960189819335938 20.103807449340820312 19.888654708862304688 19.673501968383789062 19.458349227905273438 19.243198394775390625 19.028045654296875 18.812894821166992188 18.597743988037109375 18.38259124755859375 18.167438507080078125 17.9522857666015625 17.737134933471679688 17.521982192993164062 17.306829452514648438 17.091678619384765625 16.876527786254882812 16.661375045776367188 16.446224212646484375 16.23107147216796875
24.126836776733398438 23.911684036254882812 23.696531295776367188 23.481380462646484375 23.266229629516601562 23.051076889038085938 22.835926055908203125 22.6207733154296875 22.405620574951171875 22.19046783447265625 21.975315093994140625 21.760164260864257812 21.545013427734375 21.329860687255859375 21.114709854125976562 20.899557113647460938 20.684404373168945312 20.469251632690429688 20.254098892211914062 20.03894805908203125 19.823797225952148438 19.608644485473632812 19.39349365234375 19.178340911865234375 18.96318817138671875 18.748037338256835938 18.532884597778320312 18.317731857299804688 18.102581024169921875 17.88742828369140625 17.672277450561523438 17.457126617431640625 17.241973876953125 17.026821136474609375 16.81166839599609375 16.596515655517578125 16.381364822387695312 16.166212081909179688 15.951061248779296875
23.858575820922851562 23.643423080444335938 23.428272247314453125 23.2131195068359375 22.997966766357421875 22.78281402587890625 22.567663192749023438 22.352512359619140625 22.137359619140625 21.922208786010742188 21.707056045532226562 21.491903305053710938 21.276750564575195312 21.061597824096679688 20.846446990966796875 20.631296157836914062 20.416143417358398438 20.200992584228515625 19.98583984375 19.770687103271484375 19.55553436279296875 19.340383529663085938 19.125230789184570312 18.910078048706054688 18.694927215576171875 18.479776382446289062 18.264623641967773438 18.049472808837890625 17.834320068359375 17.619167327880859375 17.40401458740234375 17.188861846923828125 16.973711013793945312 16.7585601806640625 16.543409347534179688 16.328256607055664062 16.113103866577148438 15.897952079772949219 15.682799339294433594
23.602062225341796875 23.38690948486328125 23.171758651733398438 22.956607818603515625 22.741455078125 22.526304244995117188 22.311151504516601562 22.095998764038085938 21.880846023559570312 21.665693283081054688 21.450542449951171875 21.235391616821289062 21.020238876342773438 20.805088043212890625 20.589935302734375 20.374782562255859375 20.15962982177734375 19.944478988647460938 19.729326248168945312 19.5141754150390625 19.299024581909179688 19.083871841430664062 18.868719100952148438 18.653566360473632812 18.43841552734375 18.223262786865234375 18.00811004638671875 17.792959213256835938 17.577806472778320312 17.3626556396484375 17.147504806518554688 16.932352066040039062 16.717199325561523438 16.502046585083007812 16.286893844604492188 16.071743011474609375 15.856591224670410156 15.641439437866210938 15.426287651062011719
23.3572998046875 23.142147064208984375 22.92699432373046875 22.711841583251953125 22.496690750122070312 22.281538009643554688 22.066387176513671875 21.851236343383789062 21.636083602905273438 21.420930862426757812 21.205780029296875 20.990627288818359375 20.77547454833984375 20.560321807861328125 20.345170974731445312 20.1300201416015625 19.914867401123046875 19.699716567993164062 19.484563827514648438 19.269411087036132812 19.054258346557617188 18.839105606079101562 18.62395477294921875 18.408802032470703125 18.193651199340820312 17.9785003662109375 17.763347625732421875 17.54819488525390625 17.333042144775390625 17.117891311645507812 16.902738571166992188 16.687585830688476562 16.47243499755859375 16.257284164428710938 16.042131423950195312 15.826979637145996094 15.611827850341796875 15.39667510986328125 15.181522369384765625
23.1242828369140625 22.909132003784179688 22.693979263305664062 22.47882843017578125 22.263675689697265625 22.048524856567382812 21.833372116088867188 21.618219375610351562 21.403066635131835938 21.187915802001953125 20.9727630615234375 20.757612228393554688 20.542461395263671875 20.32730865478515625 20.112155914306640625 19.897003173828125 19.681850433349609375 19.466699600219726562 19.251546859741210938 19.036396026611328125 18.821245193481445312 18.606092453002929688 18.390939712524414062 18.17578887939453125 17.960636138916015625 17.7454833984375 17.530330657958984375 17.315179824829101562 17.10002899169921875 16.884876251220703125 16.669725418090820312 16.454572677612304688 16.239419937133789062 16.024267196655273438 15.809115409851074219 15.593963623046875 15.378811836242675781 15.163661003112792969 14.94850921630859375
22.903018951416015625 22.6878662109375 22.472713470458984375 22.25756072998046875 22.042407989501953125 21.827257156372070312 21.612104415893554688 21.396953582763671875 21.181802749633789062 20.966650009155273438 20.751497268676757812 20.536344528198242188 20.321191787719726562 20.10604095458984375 19.890888214111328125 19.675737380981445312 19.4605865478515625 19.245433807373046875 19.03028106689453125 18.815130233764648438 18.599977493286132812 18.384824752807617188 18.169672012329101562 17.95452117919921875 17.739370346069335938 17.524217605590820312 17.3090667724609375 17.093914031982421875 16.87876129150390625 16.663608551025390625 16.448455810546875 16.233304977416992188 16.018154144287109375 15.803002357482910156 15.587850570678710938 15.372697830200195312 15.157546043395996094 14.942393302917480469 14.727240562438964844
22.693498611450195312 22.478345870971679688 22.263195037841796875 22.048044204711914062 21.832891464233398438 21.617740631103515625 21.402587890625 21.187435150146484375 20.97228240966796875 20.757129669189453125 20.541978836059570312 20.3268280029296875 20.111675262451171875 19.896524429321289062 19.681371688842773438 19.466218948364257812 19.251066207885742188 19.035915374755859375 18.82076263427734375 18.605611801147460938 18.390459060668945312 18.1753082275390625 17.960155487060546875 17.745004653930664062 17.529851913452148438 17.314699172973632812 17.099546432495117188 16.884395599365234375 16.66924285888671875 16.454092025756835938 16.238941192626953125 16.0237884521484375 15.808635711669921875 15.59348297119140625 15.378331184387207031 15.163178443908691406 14.948026657104492188 14.732875823974609375 14.517724037170410156
