tests/data/gray99/saval2D/inputs/mntsimulation.asc
ncols        236
nrows        68
xllcorner    0.000000000000
yllcorner    0.000000000000
cellsize     0.256400000000
NODATA_value  -99999
[rows 34 to 50 of 68, columns 39 to 77 of 236]
20.931200027465820312 20.716045379638671875 20.500894546508789062 20.285741806030273438 20.070590972900390625 19.855440139770507812 19.640289306640625 19.425136566162109375 19.20998382568359375 18.994831085205078125 18.7796783447265625 18.564525604248046875 18.349374771118164062 18.13422393798828125 17.919073104858398438 17.703922271728515625 17.48876953125 17.273616790771484375 17.058462142944335938 16.843309402465820312 16.6281585693359375 16.413005828857421875 16.197856903076171875 15.982705116271972656 15.767553329467773438 15.552400588989257812 15.337247848510742188 15.122094154357910156 14.906942367553710938 14.691789627075195312 14.476639747619628906 14.261488914489746094 14.046338081359863281 13.831185340881347656 13.616032600402832031 13.40087890625 13.185726165771484375 12.970574378967285156 12.755422592163085938
20.944906234741210938 20.729753494262695312 20.514600753784179688 20.299449920654296875 20.08429718017578125 19.869146347045898438 19.653995513916015625 19.4388427734375 19.223690032958984375 19.00853729248046875 18.793386459350585938 18.578233718872070312 18.363080978393554688 18.147930145263671875 17.932779312133789062 17.717626571655273438 17.502475738525390625 17.287322998046875 17.072170257568359375 16.85701751708984375 16.641864776611328125 16.426713943481445312 16.2115631103515625 15.996411323547363281 15.781259536743164062 15.566106796264648438 15.350955009460449219 15.135802268981933594 14.920649528503417969 14.70549774169921875 14.490345954895019531 14.275195121765136719 14.0600433349609375 13.844891548156738281 13.629738807678222656 13.414586067199707031 13.199434280395507812 12.984281539916992188 12.769129753112792969
20.970361709594726562 20.755208969116210938 20.540056228637695312 20.3249053955078125 20.109752655029296875 19.894601821899414062 19.67945098876953125 19.464298248291015625 19.249147415161132812 19.033994674682617188 18.818841934204101562 18.603689193725585938 18.388536453247070312 18.1733856201171875 17.958234786987304688 17.743082046508789062 17.52793121337890625 17.312778472900390625 17.097625732421875 16.882472991943359375 16.66732025146484375 16.452169418334960938 16.237018585205078125 16.0218658447265625 15.806715011596679688 15.591563224792480469 15.376410484313964844 15.161257743835449219 14.946105003356933594 14.730953216552734375 14.515801429748535156 14.300650596618652344 14.085498809814453125 13.870347023010253906 13.655194282531738281 13.440042495727539062 13.224889755249023438 13.009737014770507812 12.794585227966308594
21.007566452026367188 20.792413711547851562 20.577260971069335938 20.362108230590820312 20.1469573974609375 19.931804656982421875 19.716653823852539062 19.50150299072265625 19.286350250244140625 19.071197509765625 18.856046676635742188 18.640893936157226562 18.425741195678710938 18.210588455200195312 17.9954376220703125 17.780286788940429688 17.565134048461914062 17.34998321533203125 17.134830474853515625 16.919677734375 16.704524993896484375 16.48937225341796875 16.274221420288085938 16.059070587158203125 15.843918800354003906 15.628767013549804688 15.413615226745605469 15.198462486267089844 14.983309745788574219 14.768157005310058594 14.553005218505859375 14.337853431701660156 14.122702598571777344 13.907550811767578125 13.692399024963378906 13.477246284484863281 13.262094497680664062 13.046941757202148438 12.831789016723632812
21.056520462036132812 20.841367721557617188 20.626214981079101562 20.411062240600585938 20.195909500122070312 19.980756759643554688 19.765605926513671875 19.550455093383789062 19.33530426025390625 19.120151519775390625 18.904998779296875 18.689846038818359375 18.47469329833984375 18.259542465209960938 18.044389724731445312 17.8292388916015625 17.614088058471679688 17.398935317993164062 17.18378448486328125 16.968631744384765625 16.75347900390625 16.538326263427734375 16.32317352294921875 16.108022689819335938 15.892870903015136719 15.677720069885253906 15.462568283081054688 15.247415542602539062 15.032262802124023438 14.817110061645507812 14.601958274841308594 14.386805534362792969 14.171654701232910156 13.956503868103027344 13.741352081298828125 13.526200294494628906 13.311047554016113281 13.095894813537597656 12.880742073059082031
21.117219924926757812 20.902069091796875 20.686916351318359375 20.47176361083984375 20.256610870361328125 20.041460037231445312 19.826307296752929688 19.611154556274414062 19.39600372314453125 19.180852890014648438 18.965700149536132812 18.75054931640625 18.535396575927734375 18.32024383544921875 18.105091094970703125 17.8899383544921875 17.674787521362304688 17.459636688232421875 17.244485855102539062 17.029333114624023438 16.814180374145507812 16.599027633666992188 16.383874893188476562 16.16872406005859375 15.953571319580078125 15.738420486450195312 15.523268699645996094 15.308116912841796875 15.092965126037597656 14.877812385559082031 14.662659645080566406 14.447507858276367188 14.232355117797851562 14.017203330993652344 13.802052497863769531 13.586901664733886719 13.371748924255371094 13.156597137451171875 12.94144439697265625
21.189670562744140625 20.974517822265625 20.759366989135742188 20.544214248657226562 20.32906341552734375 20.113910675048828125 19.8987579345703125 19.683605194091796875 19.46845245361328125 19.253301620483398438 19.038150787353515625 18.822999954223632812 18.607847213745117188 18.392694473266601562 18.177541732788085938 17.962388992309570312 17.7472381591796875 17.532085418701171875 17.316934585571289062 17.10178375244140625 16.886631011962890625 16.671478271484375 16.456325531005859375 16.241174697875976562 16.026021957397460938 15.810869216918945312 15.5957183837890625 15.380566596984863281 15.165415763854980469 14.950263023376464844 14.735111236572265625 14.51995849609375 14.304805755615234375 14.08965301513671875 13.874501228332519531 13.659350395202636719 13.444199562072753906 13.229047775268554688 13.013895034790039062
21.273868560791015625 21.0587158203125 20.843564987182617188 20.628414154052734375 20.41326141357421875 20.198108673095703125 19.982957839965820312 19.767805099487304688 19.552652359008789062 19.337499618530273438 19.122348785400390625 18.907197952270507812 18.692045211791992188 18.476894378662109375 18.26174163818359375 18.046588897705078125 17.8314361572265625 17.616283416748046875 17.401132583618164062 17.18598175048828125 16.970829010009765625 16.755678176879882812 16.540525436401367188 16.325372695922851562 16.110219955444335938 15.895068168640136719 15.6799163818359375 15.464764595031738281 15.249613761901855469 15.03446197509765625 14.819310188293457031 14.604157447814941406 14.389005661010742188 14.173852920532226562 13.958700180053710938 13.743548393249511719 13.5283966064453125 13.313245773315429688 13.098093986511230469
21.369815826416015625 21.1546630859375 20.939512252807617188 20.724359512329101562 20.50920867919921875 20.294057846069335938 20.078905105590820312 19.863752365112304688 19.648599624633789062 19.43344879150390625 19.218296051025390625 19.003143310546875 18.787992477416992188 18.572841644287109375 18.35768890380859375 18.142538070678710938 17.927385330200195312 17.712232589721679688 17.497079849243164062 17.281927108764648438 17.066776275634765625 16.851625442504882812 16.636472702026367188 16.421321868896484375 16.20616912841796875 15.991016387939453125 15.775864601135253906 15.560711860656738281 15.345560073852539062 15.130408287048339844 14.915257453918457031 14.700105667114257812 14.484953880310058594 14.269801139831542969 14.054648399353027344 13.839495658874511719 13.6243438720703125 13.409192085266113281 13.194040298461914062
21.477512359619140625 21.262361526489257812 21.047208786010742188 20.832056045532226562 20.616903305053710938 20.401752471923828125 20.186601638793945312 19.971448898315429688 19.756298065185546875 19.54114532470703125 19.325992584228515625 19.11083984375 18.895687103271484375 18.680536270141601562 18.465383529663085938 18.250232696533203125 18.035081863403320312 17.819929122924804688 17.604776382446289062 17.389623641967773438 17.174472808837890625 16.959320068359375 16.744167327880859375 16.529016494750976562 16.31386566162109375 16.098712921142578125 15.883561134338378906 15.668409347534179688 15.453256607055664062 15.238103866577148438 15.022952079772949219 14.80780029296875 14.592649459838867188 14.377497673034667969 14.16234588623046875 13.947193145751953125 13.7320404052734375 13.516888618469238281 13.301735877990722656
21.596958160400390625 21.381805419921875 21.166654586791992188 20.951501846313476562 20.736349105834960938 20.521196365356445312 20.306043624877929688 20.090892791748046875 19.875741958618164062 19.660589218139648438 19.445438385009765625 19.23028564453125 19.015132904052734375 18.79998016357421875 18.584829330444335938 18.369676589965820312 18.1545257568359375 17.939373016357421875 17.724222183227539062 17.509069442749023438 17.293918609619140625 17.078765869140625 16.863613128662109375 16.64846038818359375 16.433307647705078125 16.218156814575195312 16.0030059814453125 15.787854194641113281 15.572702407836914062 15.357549667358398438 15.142396926879882812 14.927245140075683594 14.712092399597167969 14.49694061279296875 14.281789779663085938 14.066637992858886719 13.8514862060546875 13.636334419250488281 13.421181678771972656
21.7281494140625 21.512998580932617188 21.297847747802734375 21.08269500732421875 20.867544174194335938 20.652391433715820312 20.437238693237304688 20.222085952758789062 20.006933212280273438 19.791782379150390625 19.576629638671875 19.361478805541992188 19.146327972412109375 18.93117523193359375 18.716022491455078125 18.5008697509765625 18.285718917846679688 18.070566177368164062 17.855413436889648438 17.640262603759765625 17.425111770629882812 17.209959030151367188 16.994808197021484375 16.77965545654296875 16.564502716064453125 16.3493499755859375 16.134197235107421875 15.919046401977539062 15.70389556884765625 15.488743782043457031 15.273591995239257812 15.058439254760742188 14.843286514282226562 14.628134727478027344 14.412981986999511719 14.1978302001953125 13.982678413391113281 13.767527580261230469 13.55237579345703125
21.871091842651367188 21.655941009521484375 21.44078826904296875 21.225635528564453125 21.010484695434570312 20.7953338623046875 20.580181121826171875 20.365030288696289062 20.149877548217773438 19.934724807739257812 19.719572067260742188 19.504419326782226562 19.28926849365234375 19.074117660522460938 18.858964920043945312 18.6438140869140625 18.428661346435546875 18.21350860595703125 17.998355865478515625 17.783205032348632812 17.568052291870117188 17.352899551391601562 17.13774871826171875 16.922597885131835938 16.707445144653320312 16.4922943115234375 16.277141571044921875 16.06198883056640625 15.846836090087890625 15.631684303283691406 15.416532516479492188 15.201381683349609375 14.986229896545410156 14.771078109741210938 14.555925369262695312 14.340772628784179688 14.125620841979980469 13.910468101501464844 13.695316314697265625
22.025783538818359375 21.810632705688476562 21.595479965209960938 21.380327224731445312 21.165174484252929688 20.950021743774414062 20.73487091064453125 20.519720077514648438 20.304567337036132812 20.08941650390625 19.874263763427734375 19.65911102294921875 19.443960189819335938 19.228807449340820312 19.013654708862304688 18.798503875732421875 18.58335113525390625 18.368200302124023438 18.153049468994140625 17.937896728515625 17.722743988037109375 17.50759124755859375 17.292438507080078125 17.077287673950195312 16.862134933471679688 16.646984100341796875 16.431833267211914062 16.216680526733398438 16.001527786254882812 15.786375999450683594 15.571223258972167969 15.356070518493652344 15.140918731689453125 14.925767898559570312 14.710616111755371094 14.495464324951171875 14.280312538146972656 14.065159797668457031 13.850008010864257812
22.19222259521484375 21.977069854736328125 21.761919021606445312 21.5467681884765625 21.331615447998046875 21.11646270751953125 20.901311874389648438 20.686159133911132812 20.471006393432617188 20.255853652954101562 20.04070281982421875 19.825551986694335938 19.610399246215820312 19.3952484130859375 19.180095672607421875 18.96494293212890625 18.749790191650390625 18.534637451171875 18.319486618041992188 18.104335784912109375 17.88918304443359375 17.674032211303710938 17.458879470825195312 17.243726730346679688 17.028573989868164062 16.81342315673828125 16.598270416259765625 16.383119583129882812 16.167966842651367188 15.952816009521484375 15.737664222717285156 15.522511482238769531 15.307358741760253906 15.092206954956054688 14.877054214477539062 14.661902427673339844 14.446750640869140625 14.231599807739257812 14.016448020935058594
22.370410919189453125 22.1552581787109375 21.940105438232421875 21.724954605102539062 21.509801864624023438 21.294651031494140625 21.079500198364257812 20.864347457885742188 20.649196624755859375 20.43404388427734375 20.218891143798828125 20.0037384033203125 19.788585662841796875 19.573434829711914062 19.35828399658203125 19.143131256103515625 18.927980422973632812 18.712827682495117188 18.497674942016601562 18.282522201538085938 18.067369461059570312 17.8522186279296875 17.637067794799804688 17.421915054321289062 17.20676422119140625 16.991611480712890625 16.776458740234375 16.561307907104492188 16.346155166625976562 16.131002426147460938 15.915850639343261719 15.700699806213378906 15.485548019409179688 15.270396232604980469 15.05524444580078125 14.840091705322265625 14.62493896484375 14.409786224365234375 14.194634437561035156
22.5603485107421875 22.345195770263671875 22.130044937133789062 21.914892196655273438 21.699739456176757812 21.484586715698242188 21.269435882568359375 21.05428314208984375 20.839132308959960938 20.623979568481445312 20.4088287353515625 20.193675994873046875 19.978525161743164062 19.763372421264648438 19.548219680786132812 19.333066940307617188 19.117914199829101562 18.90276336669921875 18.687612533569335938 18.472461700439453125 18.2573089599609375 18.042156219482421875 17.82700347900390625 17.611850738525390625 17.396699905395507812 17.181547164916992188 16.966396331787109375 16.751245498657226562 16.536092758178710938 16.320940017700195312 16.105787277221679688 15.890635490417480469 15.67548370361328125 15.460330963134765625 15.245180130004882812 15.030028343200683594 14.814877510070800781 14.599724769592285156 14.384572982788085938
