tests/data/gray99/saval2D/inputs/mntsimulation.asc
ncols        236
nrows        68
xllcorner    0.000000000000
yllcorner    0.000000000000
cellsize     0.256400000000
NODATA_value  -99999
[rows 51 to 67 of 68, columns 195 to 233 of 236]
-4.11677467653597212e-17 3.5005390168182573931e-17 -1.2175898769944574563e-16 1.29623013635322081e-16 6.2761559699491300515e-18 -2.4764283725484027181e-17 -2.8942898672768647416e-18 -9.5183514267799284366e-17 6.6542028216126078216e-17 -5.9964990261444459666e-18 -1.3857186874658823601e-17 1.8085002111187791646e-17 6.3924745212766430797e-18 1.0127521723295521478e-18 -3.5684181196288488865e-17 3.5246546403966283619e-17 -9.315995090244753575e-18 -3.4898778994933676959e-18 5.2302882421814768556e-18 -4.4829727449510565557e-18 7.0997273866944357284e-19 -2.1516028178049542805e-17 6.8451214009457669483e-17 -4.7017975030196109006e-17 -8.1652050438848529238e-17 1.3439863833150102971e-16 -1.7084556318421497167e-18 2.315686996322403147e-17 -1.3468987704465237501e-17 -9.2870856241443927896e-17 6.1479490961399436543e-17 3.566569205523670359e-17 -1.8429848745477473565e-18 -3.8328690642715166052e-19 -2.9163301360573707917e-17 -1.1070067975110401093e-17 3.4886603723497508944e-17 -1.6760393128553550566e-17 -1.564311862081695098e-17
6.1648084928616524517e-16 -9.9839508795068363997e-17 -6.5509088742306200055e-16 4.784110378123660693e-16 3.1372657763310992079e-16 -4.9598993608320819139e-16 6.1136840491636082912e-18 -1.5617630539166232027e-16 7.9714074789733152353e-16 -5.6116006870980282215e-16 -1.2018121678161720021e-16 2.5522164138934097261e-16 -2.1369098071075218626e-16 -2.9498352522049536882e-18 -2.9980006557849364049e-17 1.3580060689938245504e-17 1.6864492154282123993e-16 -2.2162744119850856517e-16 4.4180748837861674293e-17 -2.8275365986389885465e-17 -4.0286121124888453243e-17 6.8672867973375338949e-16 2.5486865695218499401e-17 -1.380423093727930128e-16 -4.8206942605111659586e-16 2.0759078177352472371e-16 1.5535477607705425488e-17 6.9839645270306296987e-16 -4.9402273515043458097e-17 -4.2939742337993677679e-16 1.4734643690278946809e-16 2.9026011216458076723e-16 -4.2570007162561255241e-16 9.52883527929954802e-18 -9.6828035352338408899e-17 2.591126725210108131e-16 -1.4339613993459142827e-16 -5.8276078529332676903e-17 4.0059978548094826029e-16
2.8238422512046491147e-15 -1.1407580329780820337e-15 -1.8438602830987346759e-15 8.6070162380326139043e-16 1.6453184072402868461e-15 -1.6311054061435965e-15 -2.097637071568517024e-15 5.775263863770912099e-16 6.5084492301671300653e-16 1.774073582681587693e-16 -1.8543723854906341703e-15 2.6809372050910079688e-15 -6.3119979375016242555e-16 -3.0633422993484602306e-17 4.9811429471492197664e-16 -3.7923504698257344114e-16 -1.952141586943935414e-15 2.7548205009482115702e-15 -7.9942996031640467698e-16 3.7635770253053018458e-16 -4.170880494228616656e-16 2.6829425555936325248e-15 4.8738005793260504202e-16 -5.5896275936550676028e-15 3.4482232709107368124e-15 1.5245990598393671482e-15 7.321632623266780427e-16 1.8058049986027302838e-15 -6.5330269499228976575e-16 -7.1776064231683298078e-15 5.8867311761680914811e-15 1.4408042079498673514e-15 -1.0707375249977132622e-15 1.9221825874649224467e-16 8.3648701648406987609e-16 -3.637227502843542017e-16 -3.0636328316493684557e-15 8.0750345485315904066e-16 4.6246842720111796393e-15
2.4807892488854475788e-15 3.4322939693046724402e-15 -9.7482141987476761402e-15 3.1537011907110598652e-14 -3.8423867494870311834e-14 -1.8426166269739285494e-15 -5.3115005137758554421e-15 3.0321116440117784618e-14 -1.9693192457076631741e-14 2.2047744150668034668e-14 -2.5885738526103783952e-14 4.6123938239465197414e-15 6.5864757876858280768e-16 4.4806878239450013274e-16 2.4510535219973749246e-15 -5.8930572417346602232e-15 2.456130764538159289e-14 -3.2632903134268212431e-14 9.4311663784586025061e-15 4.1454050783674371156e-15 1.6088794521900567913e-14 6.5900408434817030201e-15 -3.1970009220516366205e-15 -1.8840885882692726128e-14 2.7780373352192730407e-14 -1.9534341592214454764e-14 -5.2609131650669868629e-16 9.3191801525021114583e-15 6.7369188976344404618e-15 -2.2406853933051862349e-14 1.2189547805917071155e-14 -2.5647088263764305713e-16 2.9306704700288351007e-15 2.1234746734239865829e-16 1.0104820998772367363e-14 -1.0497484297295779643e-14 7.2439697605198097308e-15 -8.7278783104851459518e-15 2.0910089117013100357e-14
-6.58574689465889207e-14 -1.3342758430241741241e-13 1.2745571742120431757e-13 5.0485504855422511095e-14 -8.389860664927487055e-14 2.4533890882944865697e-14 -1.6411353138544478025e-14 4.1513609905360557284e-14 -9.2629124314423660902e-14 9.4879514672425308008e-14 -1.1004564806334302812e-14 -3.5647808489802645937e-14 -1.189794231426467494e-14 2.6244316371796735932e-14 -1.6923679322625347077e-14 -2.3606188211859960302e-14 9.5010127152891921121e-14 -1.2693008265545618896e-13 5.3912352826392812011e-14 1.1971832386385456576e-14 4.9884948331423845103e-14 -8.09773119869391933e-14 -1.8954701699815286464e-14 1.9316892988061225289e-14 7.5135413841152798309e-14 -5.7381582937911929099e-14 -7.0776014782507508383e-15 4.9596404863875773184e-15 -5.0417223835478447436e-14 -2.3601961517453161343e-14 5.492348654871637148e-14 -1.6433519990774123065e-14 2.4944395236436295304e-14 -2.3770393595498205339e-15 -4.6290149397122540634e-16 1.6717813046992872905e-14 -8.5991284554695450459e-15 -4.0518092082452578095e-14 9.4441625743749146871e-14
-3.2791361314656042314e-13 -2.2711373797237865979e-13 3.5864489004479305212e-13 -2.9170594975994057485e-13 3.3463290190043071259e-13 2.3804428480461714557e-13 1.1205982295521207948e-13 -2.5296459398764861715e-14 1.3416396086544241095e-13 -1.5095167954157218126e-13 -3.0561065288668698425e-13 4.7589905106948382496e-13 8.9627212444300108363e-14 1.7992013857503347252e-13 -3.8637249324437183962e-13 -4.2117795796131618502e-13 9.3652722295972656852e-13 -6.9882099239249040323e-13 3.329877606289555203e-13 -1.1866127756765803419e-14 -6.5015579183390348472e-14 -6.3516818757727855349e-13 2.4158913801766712659e-13 -2.4355241131160387802e-13 7.0476247450781959181e-13 -3.0213624570979424888e-13 1.5054768887144513723e-14 -3.4970005949146176771e-13 2.2466521644361886478e-13 -1.1815209726394326761e-13 2.4424800832041626553e-13 -3.9937058651448587021e-13 3.0905264241862240304e-13 3.2432861057181058828e-14 1.5986156151549975324e-14 -7.9484257175209405144e-14 -2.5342741279002836685e-14 7.0611986852271713122e-14 5.9065396345626963726e-14
-2.3051078732426455442e-13 3.1425524075340272034e-13 8.2568115756034843322e-13 -1.807548902221789433e-12 1.0496854037020386663e-12 2.7256441122668582933e-14 -1.4620855931122764271e-14 2.6391332153506696923e-13 -1.1565656201847906992e-12 5.2775969358598295855e-13 1.133896036960291287e-12 -1.4222350510836867521e-12 3.3857525073496819168e-13 4.0041684161093438199e-13 -1.9967464097089826502e-13 -9.3903780151033400259e-13 1.3169406971186292665e-12 -7.7322610120278412182e-13 1.9773436631554536236e-13 9.8793050834228984813e-14 4.6751957773899510684e-13 -1.0161211065271014142e-12 8.8561466103295738428e-13 -4.9352210686193220823e-13 3.4647046516511625924e-13 -2.0492422591732867287e-13 -9.6121664772651216335e-14 -5.2210303138136571199e-13 3.8023992049614208089e-13 1.4247256803143204529e-14 1.5083134665295344634e-13 -2.8929487386371299795e-13 -1.054426186121448783e-13 5.7689753852913777665e-14 4.130016776704784065e-14 7.8134666705448330148e-13 7.3627649116447813071e-13 -1.4187824092654066632e-12 1.6150047878887852093e-12
-5.9109536926574279825e-13 -3.6270084158296356236e-12 5.4135480820338699459e-12 -3.4219534757878866671e-12 1.957250550868594452e-12 -9.0034614963138692723e-13 1.5070292290562253834e-13 8.475641195826444374e-12 -2.5416454964982682085e-12 -2.0893777159802784382e-12 -3.3658882972464887473e-12 4.5577348319059129977e-12 6.4460172225985767902e-13 -8.2002530850736055079e-13 1.8721189962850326438e-12 -3.5196691481470532281e-12 2.6677824446069697828e-12 -1.4171979291054820349e-13 -1.0067779943057075798e-12 8.3353473862707305742e-13 1.1929189190282296629e-12 -1.6064403496676704641e-12 9.3997986477800665739e-13 -7.5811806918985036319e-13 1.3185304627641447617e-12 -9.0889779426686634345e-13 -2.7734308990015610341e-13 6.6416273522551527719e-13 5.0667972692920032474e-14 -8.0043090211479039908e-13 -1.1803397885826183433e-12 3.0456910864867792199e-12 -2.4205930228976546559e-12 6.3649731102052853338e-13 9.791912289683346593e-13 2.2379461565164016079e-12 7.4883534702946397132e-13 -9.2651528810216987608e-12 -1.3034003401319466109e-13
-1.0029958634472091461e-12 -2.8021196474270482213e-12 1.7969679563800688982e-11 8.0647104662781576856e-13 -2.7600595420285145565e-11 -2.3432969974146455883e-12 -1.3496093131948327937e-11 2.0008677006910779994e-11 -2.3256932837889543464e-11 1.7697156240448208564e-11 -1.6169612523930787518e-11 2.6812789835628514368e-11 -1.4711627749353084482e-11 -6.4263052344804005855e-12 1.0306476158628008477e-11 -5.8853425605187581482e-12 -2.8465754059459058567e-12 7.7107981458213181725e-12 -5.6714637326760186653e-12 1.2495782403601496391e-12 4.1479577476792595103e-13 -2.0248214997048430419e-12 6.7586149350706836714e-12 -7.9093112267947240923e-12 1.3945602485299080087e-11 -2.2333142279951090359e-11 6.0599502846314656779e-12 8.2496405540144479573e-12 -1.1524688321717935224e-11 7.9746547906878184619e-12 -3.0246133288919230253e-12 4.1223183720739964286e-12 -4.4701325974116912221e-12 -8.4000850979898400439e-13 -1.8530474734951979388e-13 -4.3190884896349146516e-12 4.231256404280125949e-12 -1.7249153494436342271e-12 2.8509130819975858628e-12
-1.6751442897741664062e-12 -1.6176778666610047708e-11 1.2213942530980848034e-11 1.605488138267663345e-11 -7.6323218578533413847e-12 -2.384168383551266146e-11 5.0191014538958356184e-12 1.63294516797307665e-11 9.1678067914990890586e-11 -1.4618416199763117902e-10 2.7560185036912265844e-11 6.2431726455258740316e-11 4.7944547637568390996e-12 -2.0438673323242007029e-11 2.1640080352658408458e-11 -4.7399848802920363511e-12 2.2824469744775477409e-11 -3.2808422645302925957e-11 5.6699124562076264056e-12 7.1185109673174706835e-13 -5.1203555284651258717e-12 2.59317047002216583e-11 -7.7902614914471257634e-12 -5.1951897644952893529e-11 6.1606802992386633377e-11 -4.0696669124928863681e-12 -2.8742414264620874675e-12 7.5659152554141684277e-11 -9.1854898687238062394e-11 3.7153866788708356239e-11 -1.9709320980831890324e-11 -2.3759952338942014194e-12 4.458856894817841976e-11 -2.6862620201156817146e-12 1.2495251361377412991e-11 -1.4030563169620258179e-11 6.4503437313678801956e-11 -1.2403204852073912434e-10 -1.3683353061733072309e-10
-2.1380871031984050035e-11 1.50641971119469531e-10 -2.1871328359512887118e-10 3.486801125607286167e-10 -3.5575256629449825141e-10 -2.5017319812969951442e-11 -2.8290703113498238963e-10 3.7770800376257795961e-10 -2.8314978139931668011e-10 2.4324561809230260678e-10 -2.6663901642187681773e-10 3.145385618630314184e-10 -1.5288283139458513915e-10 -5.959920057474477062e-11 6.6823734046206340054e-11 -4.5659039049628091789e-11 3.2570852265267902226e-11 -4.8040873362742431141e-11 7.6265757598115158089e-11 -4.0948692353603988181e-11 -3.5663159925203302691e-11 1.7660022749721449031e-11 4.7474864317553766568e-11 9.6497525248206983406e-11 -1.5377556172868622753e-10 -1.2910017499478954051e-10 1.0850655096650285714e-10 1.1396662086271547309e-10 -6.7120177471569064664e-11 2.5848620466284444319e-10 -2.9950097957254229186e-10 7.6522427283620686467e-11 6.6920476105014614632e-11 -2.7630141230527982543e-11 -1.3599546835885156781e-11 -3.0077379475912380258e-10 1.3742011695239142455e-10 8.69141286718999595e-11 -1.8152963941059363506e-12
-4.0033990011956177568e-10 -5.7797699959394321922e-10 1.2312861841223821102e-09 -2.0032198122521549521e-09 1.7995444023810591716e-09 4.6982273627094173207e-10 8.0581922428171748329e-13 1.0714794607125099901e-09 -4.2038963976587240268e-10 -1.7341483804500512633e-10 -7.9498496674546004215e-10 1.2999211707054314502e-09 -9.9954829135828759945e-11 1.2297771134761603662e-10 -5.8970001104441394091e-10 5.5907278806444082875e-10 1.9561573194604164883e-10 -7.3242589770927679638e-10 4.4994105663498373815e-10 -6.6875560644774623142e-11 -9.2883430113932519134e-11 7.9003348307793430649e-10 -2.0122432886626739901e-10 -1.8109447275094225915e-09 2.1890156354231748992e-09 -4.3959122453252064133e-10 7.9760344162682628166e-11 1.4310809204332031186e-09 -1.0710512476919120672e-09 3.3481661887435620883e-10 -1.168268953799511678e-10 -2.1223964252747862247e-10 3.1207408879296849591e-10 1.8334838855493806875e-11 6.8106076334117915394e-10 -8.7989493469109447688e-10 1.3773950868767315114e-09 -1.8879538210558877154e-10 -5.1688373581271207513e-09
-4.4686507827407240256e-09 5.9480989023086294765e-09 -4.387007646045049114e-09 5.9161493481951765716e-09 -1.0812661876968832075e-08 5.9705844712709676969e-09 2.4277460042299026099e-09 -1.6661664048456259479e-08 1.4715289431421751942e-08 -1.1199539073913911125e-08 1.7009863739758657175e-08 -1.597507193196179287e-08 2.4004318532888646587e-09 1.2474474786472455889e-09 -5.2033022335251644108e-10 1.0804106498341070619e-09 -5.9454037248940494464e-09 6.9838943517197549227e-09 -1.4013630256215492409e-09 -2.3307134000560836284e-10 8.1886269986952697764e-10 -3.8069143393215654214e-09 2.8754127967545173306e-09 -1.2152508999108135868e-09 1.8251007372072081125e-09 -2.7000712776725777076e-09 1.0358832680523732961e-09 -6.464167395803244176e-11 5.3568780522539327649e-09 -4.3284078543592841015e-09 -8.8428708799881405866e-11 2.4517774477317288984e-09 -2.3896662426636794407e-09 1.0454616339305999873e-10 7.7628396766282747876e-11 -1.2219974365734742605e-08 1.3483927752133695321e-08 -7.9529236529651825549e-09 9.6459453757802293694e-09
-6.3945329031867004232e-08 1.3294479117575974669e-07 -9.8535601011917606229e-08 2.7500595578544562159e-08 6.3566205632525907276e-09 -2.5267372194548443076e-08 1.7796505602518664091e-08 -1.0378564674340395868e-08 1.0611675982374890737e-09 -1.7915327887862986245e-08 4.5601705522813062998e-08 -4.6373511253250399022e-08 7.1323484895913225046e-09 1.6757997656213774462e-08 -1.8999420703380565101e-08 2.0944387557619847939e-08 -1.85873538782743708e-08 1.3158197198492871394e-08 -1.1875534333682935539e-08 2.3346942157331795897e-09 7.9198017033377254847e-09 -1.6578077577378280694e-08 4.8748560743661073502e-08 -2.4327967196313693421e-08 -2.8704931764877983369e-08 3.8183234352118233801e-08 -1.9909236925741424784e-08 -2.1371107550294254906e-08 -3.8713285022140553338e-08 3.149254368395304482e-08 4.3844696762107560062e-08 -6.9886034737010049867e-08 2.8193552381594599865e-08 -4.4014272226888806472e-09 1.6404028357897004753e-08 -5.5508710516960491077e-08 1.0197403099709845264e-07 -9.4541618977928010281e-08 8.2417528801670414396e-08
-1.2323605460551334545e-06 1.6376142752960731741e-07 5.9164864296690211631e-07 -5.5986441793720587157e-07 4.3026471985285752453e-07 2.0733143912821105914e-07 3.0727974831279425416e-07 -3.9964120901458954904e-07 4.03219672762133996e-07 -7.3293307423227815889e-07 7.7055096880940254778e-07 -4.634264030300982995e-07 2.6862298341256973799e-07 -2.3075716626408393495e-07 3.5248828567091550212e-07 -7.7873016834928421304e-07 2.0627258834338135784e-07 1.1465657223652669927e-07 5.8130262914346531034e-07 -8.1669831786257418571e-08 -3.4268919080204796046e-07 -2.1217424261976702837e-07 -3.134453265829506563e-07 7.4080367085116449744e-07 -5.2953151907786377706e-07 3.7966034938108350616e-07 5.9357290638217818923e-08 1.0681172568638430675e-07 -7.3948831413872539997e-07 6.7834372430297662504e-07 -5.5885362826302298345e-07 1.1394510579521011095e-07 6.8850823708999087103e-07 -4.4644590246889492846e-08 -5.1527746336432755925e-07 -2.2143630928894708632e-07 6.5531770587767823599e-07 -1.0574433417787076905e-06 1.4595780157833360136e-06
-8.0218314906232990324e-06 1.0770330845844000578e-05 3.3550536500115413219e-06 -6.3285683609137777239e-06 -8.6351119534811004996e-06 3.728984665940515697e-06 6.9365087256301194429e-06 -1.0108003152708988637e-05 1.9665747458930127323e-05 -1.0462838872626889497e-05 7.6987720376564539038e-07 -7.7985869211261160672e-06 1.7345473679597489536e-06 3.4006661735475063324e-06 7.2623543019290082157e-06 1.2628397598746232688e-06 -9.1274041551514528692e-06 7.3334317676199134439e-06 -4.1259722820541355759e-06 -2.9370999072853010148e-06 3.0720925678906496614e-06 -5.2787195272685494274e-06 8.9938494056696072221e-06 1.2697870488409535028e-06 -6.2606486608274281025e-06 -6.0483821471279952675e-06 8.1361747561459196731e-07 5.5463606258854269981e-06 6.9245936629158677533e-07 6.5329049903084523976e-06 -3.7199406506260856986e-06 -8.1666075857356190681e-06 4.9171180762641597539e-06 -1.2016465689157485031e-06 2.8170661607873626053e-06 -4.9003856474882923067e-06 7.0806290750624611974e-06 1.9042857957174419425e-06 -6.6433881329430732876e-06
-7.155702769523486495e-05 -0.00010363029286963865161 -2.5606861527194269001e-05 8.2952472439501434565e-05 0.00011879303929163143039 5.4293072025757282972e-05 -6.851363286841660738e-05 -6.3587722252123057842e-05 -0.00012487004278227686882 3.1863488402450457215e-05 5.8191650168737396598e-05 0.00011624066246440634131 4.7672045184299349785e-05 -6.4853171352297067642e-05 -0.000116444141895044595 -5.3738585847895592451e-05 2.9092892873450182378e-05 4.8175214033108204603e-05 9.5397044788114726543e-05 4.9928603402804583311e-05 -6.8913388531655073166e-05 -7.125410775188356638e-05 -6.9324945798143744469e-05 2.9996292596479179338e-06 9.2543123173527419567e-05 9.733348269946873188e-05 2.4421999114565551281e-05 -7.8722907346673309803e-05 -8.0247402365785092115e-05 -6.5043037466239184141e-05 3.8202299037948250771e-05 9.0165092842653393745e-05 6.1199425545055419207e-05 1.7554048099555075169e-05 -7.2766786615829914808e-05 -6.004076931276358664e-05 -4.9305006541544571519e-05 1.3195584870118182153e-05 0.00010705054592108353972
