tests/data/frankslide/rasters/Frankslide_topography.asc
ncols	201
nrows	201
xllcorner	20.000
yllcorner	20.000
cellsize	20.000
NODATA_value	-9999.000
[rows 112 to 139 of 201, columns 63 to 125 of 201]
1450.026 1442.066 1433.727 1425.008 1416.154 1407.714 1400.249 1394.018 1388.986 1385.013 1381.894 1379.213 1376.303 1372.499 1367.459 1361.301 1354.571 1348.078 1342.433 1337.488 1332.345 1326.207 1319.206 1312.338 1306.758 1303.215 1301.870 1302.321 1303.858 1305.844 1307.873 1309.646 1310.865 1311.345 1311.123 1310.387 1309.362 1308.273 1307.293 1306.531 1306.019 1305.512 1304.186 1300.770 1294.465 1285.824 1276.533 1268.441 1262.697 1259.349 1257.643 1256.742 1256.126 1255.618 1255.287 1255.231 1255.394 1255.644 1255.897 1256.094 1256.181 1256.152 1256.051
1454.229 1446.247 1437.781 1428.901 1419.885 1411.235 1403.536 1397.232 1392.495 1389.227 1387.095 1385.513 1383.658 1380.744 1376.377 1370.675 1364.134 1357.480 1351.396 1346.022 1340.740 1334.728 1327.784 1320.607 1314.355 1309.947 1307.616 1306.964 1307.360 1308.267 1309.310 1310.198 1310.719 1310.814 1310.522 1309.879 1308.953 1307.890 1306.781 1305.689 1304.782 1304.123 1303.196 1300.871 1296.211 1289.325 1281.290 1273.508 1267.161 1262.804 1260.210 1258.703 1257.644 1256.708 1255.896 1255.336 1255.067 1255.031 1255.145 1255.301 1255.396 1255.389 1255.295
1458.998 1451.307 1442.977 1434.026 1424.714 1415.582 1407.370 1400.766 1396.124 1393.349 1391.988 1391.330 1390.462 1388.501 1384.964 1379.889 1373.668 1366.917 1360.328 1354.305 1348.639 1342.680 1335.952 1328.707 1321.920 1316.613 1313.161 1311.267 1310.438 1310.257 1310.363 1310.453 1310.397 1310.227 1309.925 1309.342 1308.433 1307.354 1306.204 1304.991 1303.859 1302.981 1302.078 1300.286 1296.769 1291.426 1284.916 1278.238 1272.339 1267.787 1264.621 1262.483 1260.907 1259.555 1258.327 1257.278 1256.465 1255.879 1255.468 1255.157 1254.901 1254.704 1254.533
1464.280 1457.163 1449.248 1440.388 1430.762 1421.000 1412.089 1404.984 1400.179 1397.579 1396.654 1396.621 1396.520 1395.399 1392.674 1388.274 1382.472 1375.754 1368.763 1362.087 1355.901 1349.841 1343.322 1336.178 1329.044 1322.926 1318.366 1315.251 1313.240 1312.008 1311.212 1310.575 1310.053 1309.711 1309.414 1308.847 1307.900 1306.749 1305.547 1304.340 1303.249 1302.406 1301.624 1300.288 1297.709 1293.578 1288.191 1282.397 1277.180 1273.076 1270.037 1267.771 1265.986 1264.447 1263.018 1261.681 1260.442 1259.282 1258.142 1256.990 1255.940 1255.137 1254.551
1470.012 1463.542 1456.185 1447.597 1437.838 1427.584 1418.013 1410.282 1405.023 1402.196 1401.276 1401.468 1401.799 1401.290 1399.281 1395.574 1390.297 1383.797 1376.657 1369.560 1362.922 1356.622 1350.122 1343.013 1335.594 1328.744 1323.148 1318.916 1315.848 1313.668 1312.046 1310.752 1309.800 1309.244 1308.862 1308.264 1307.295 1306.092 1304.839 1303.692 1302.803 1302.213 1301.728 1300.929 1299.274 1296.247 1291.699 1286.277 1281.204 1277.331 1274.650 1272.745 1271.272 1270.006 1268.781 1267.514 1266.183 1264.758 1263.143 1261.305 1259.447 1257.822 1256.461
1476.139 1470.174 1463.366 1455.204 1445.608 1435.199 1425.163 1416.741 1410.734 1407.291 1405.991 1406.055 1406.517 1406.408 1405.012 1401.998 1397.322 1391.194 1384.160 1376.963 1370.115 1363.614 1357.016 1349.821 1342.063 1334.470 1327.864 1322.593 1318.582 1315.554 1313.180 1311.268 1309.841 1308.918 1308.266 1307.533 1306.555 1305.377 1304.145 1303.095 1302.427 1302.108 1301.913 1301.544 1300.627 1298.629 1295.048 1290.073 1284.852 1280.633 1277.810 1276.046 1274.902 1274.063 1273.281 1272.387 1271.333 1270.101 1268.582 1266.701 1264.593 1262.462 1260.403
1482.542 1476.912 1470.601 1462.954 1453.732 1443.421 1433.089 1423.964 1417.038 1412.740 1410.830 1410.575 1411.012 1411.172 1410.294 1407.922 1403.842 1398.127 1391.299 1384.172 1377.329 1370.820 1364.248 1357.049 1349.021 1340.733 1333.141 1326.851 1321.909 1318.033 1314.902 1312.357 1310.398 1308.982 1307.877 1306.825 1305.728 1304.580 1303.440 1302.521 1302.019 1301.875 1301.855 1301.715 1301.229 1300.044 1297.606 1293.626 1288.720 1284.108 1280.615 1278.299 1276.869 1276.022 1275.459 1274.911 1274.255 1273.455 1272.421 1271.042 1269.306 1267.284 1265.071
1489.080 1483.738 1477.937 1470.850 1462.029 1451.813 1441.201 1431.435 1423.642 1418.477 1415.879 1415.199 1415.504 1415.823 1415.354 1413.546 1410.032 1404.705 1398.011 1390.863 1384.022 1377.643 1371.328 1364.398 1356.404 1347.698 1339.276 1331.977 1326.024 1321.201 1317.237 1314.009 1311.492 1309.555 1307.911 1306.360 1304.942 1303.731 1302.722 1301.980 1301.596 1301.513 1301.548 1301.503 1301.231 1300.582 1299.185 1296.562 1292.724 1288.377 1284.350 1281.083 1278.689 1277.136 1276.242 1275.696 1275.250 1274.790 1274.225 1273.425 1272.278 1270.752 1268.904
1495.697 1490.685 1485.433 1478.924 1470.454 1460.219 1449.264 1438.959 1430.516 1424.640 1421.348 1420.101 1420.069 1420.340 1420.117 1418.793 1415.845 1410.924 1404.285 1396.918 1389.892 1383.612 1377.686 1371.267 1363.656 1354.929 1345.965 1337.734 1330.698 1324.831 1319.962 1316.001 1312.901 1310.464 1308.305 1306.207 1304.352 1302.999 1302.132 1301.599 1301.311 1301.206 1301.193 1301.150 1300.974 1300.617 1299.927 1298.539 1296.165 1292.896 1289.104 1285.223 1281.695 1278.927 1277.097 1276.049 1275.466 1275.102 1274.800 1274.394 1273.714 1272.682 1271.333
1502.387 1497.711 1492.936 1486.924 1478.767 1468.516 1457.274 1446.579 1437.704 1431.286 1427.307 1425.331 1424.698 1424.644 1424.444 1423.470 1421.071 1416.639 1410.142 1402.518 1395.146 1388.806 1383.208 1377.361 1370.322 1361.875 1352.669 1343.687 1335.627 1328.716 1322.906 1318.136 1314.380 1311.439 1308.852 1306.323 1304.099 1302.596 1301.815 1301.439 1301.222 1301.075 1300.972 1300.870 1300.707 1300.463 1300.113 1299.515 1298.415 1296.565 1293.810 1290.199 1286.105 1282.178 1279.041 1276.956 1275.784 1275.211 1274.954 1274.759 1274.385 1273.697 1272.720
1509.095 1504.638 1500.103 1494.366 1486.457 1476.317 1465.005 1454.120 1444.960 1438.087 1433.441 1430.666 1429.282 1428.712 1428.341 1427.549 1425.605 1421.725 1415.583 1407.905 1400.204 1393.632 1388.143 1382.729 1376.257 1368.229 1359.033 1349.589 1340.744 1332.915 1326.152 1320.457 1315.912 1312.411 1309.473 1306.682 1304.225 1302.574 1301.767 1301.427 1301.235 1301.071 1300.909 1300.749 1300.570 1300.344 1300.082 1299.806 1299.438 1298.720 1297.248 1294.685 1291.021 1286.685 1282.431 1279.006 1276.766 1275.587 1275.103 1274.938 1274.763 1274.343 1273.625
1515.687 1511.232 1506.639 1500.915 1493.165 1483.252 1472.090 1461.188 1451.812 1444.514 1439.252 1435.749 1433.657 1432.560 1431.959 1431.256 1429.673 1426.328 1420.691 1413.227 1405.369 1398.496 1392.871 1387.628 1381.560 1373.939 1364.923 1355.342 1346.076 1337.577 1329.931 1323.259 1317.833 1313.708 1310.426 1307.438 1304.774 1302.890 1301.908 1301.488 1301.274 1301.104 1300.925 1300.739 1300.553 1300.338 1300.080 1299.846 1299.706 1299.548 1299.010 1297.643 1295.124 1291.392 1286.830 1282.315 1278.774 1276.587 1275.519 1275.121 1274.989 1274.789 1274.314
1521.997 1517.329 1512.463 1506.597 1498.963 1489.349 1478.453 1467.603 1458.016 1450.298 1444.500 1440.418 1437.786 1436.297 1435.552 1434.975 1433.735 1430.860 1425.711 1418.577 1410.744 1403.643 1397.772 1392.469 1386.556 1379.181 1370.358 1360.856 1351.504 1342.667 1334.399 1326.916 1320.674 1315.903 1312.213 1308.953 1305.964 1303.648 1302.282 1301.643 1301.344 1301.150 1300.961 1300.756 1300.560 1300.370 1300.140 1299.885 1299.720 1299.683 1299.571 1299.026 1297.682 1295.155 1291.251 1286.456 1281.896 1278.520 1276.510 1275.530 1275.163 1275.023 1274.764
1527.854 1522.855 1517.648 1511.623 1504.129 1494.874 1484.315 1473.557 1463.756 1455.618 1449.339 1444.820 1441.851 1440.178 1439.455 1439.105 1438.219 1435.726 1430.926 1424.048 1416.299 1409.096 1403.049 1397.627 1391.702 1384.389 1375.657 1366.251 1356.964 1348.081 1339.573 1331.623 1324.752 1319.325 1315.086 1311.395 1307.938 1305.020 1303.051 1301.999 1301.497 1301.224 1301.005 1300.765 1300.525 1300.332 1300.151 1299.924 1299.709 1299.623 1299.613 1299.449 1298.869 1297.496 1294.813 1290.688 1285.863 1281.511 1278.349 1276.427 1275.479 1275.130 1274.943
1533.144 1527.811 1522.312 1516.186 1508.876 1500.040 1489.918 1479.364 1469.427 1460.893 1454.144 1449.252 1446.097 1444.445 1443.921 1443.880 1443.324 1441.122 1436.539 1429.783 1422.045 1414.756 1408.598 1403.120 1397.214 1389.978 1381.335 1371.970 1362.687 1353.830 1345.340 1337.248 1329.945 1323.834 1318.843 1314.506 1310.491 1306.952 1304.303 1302.681 1301.826 1301.383 1301.093 1300.799 1300.479 1300.218 1300.048 1299.888 1299.704 1299.586 1299.564 1299.509 1299.269 1298.639 1297.148 1294.258 1290.018 1285.266 1281.035 1277.953 1276.141 1275.325 1275.003
1537.953 1532.320 1526.604 1520.451 1513.377 1505.022 1495.454 1485.280 1475.385 1466.566 1459.356 1454.047 1450.699 1449.126 1448.871 1449.159 1448.912 1446.992 1442.646 1435.992 1428.147 1420.587 1414.152 1408.568 1402.795 1395.861 1387.520 1378.268 1368.877 1359.885 1351.396 1343.329 1335.801 1329.074 1323.218 1318.056 1313.400 1309.294 1306.023 1303.788 1302.468 1301.755 1301.341 1300.977 1300.563 1300.176 1299.926 1299.813 1299.768 1299.740 1299.688 1299.569 1299.371 1299.059 1298.356 1296.679 1293.542 1289.103 1284.243 1280.066 1277.264 1275.817 1275.191
1542.585 1536.639 1530.724 1524.584 1517.809 1510.017 1501.119 1491.494 1481.865 1472.975 1465.403 1459.603 1455.863 1454.136 1453.952 1454.442 1454.491 1452.993 1449.129 1442.760 1434.771 1426.668 1419.586 1413.624 1407.951 1401.503 1393.736 1384.814 1375.345 1366.041 1357.335 1349.255 1341.691 1334.615 1328.075 1322.129 1316.801 1312.134 1308.295 1305.461 1303.606 1302.522 1301.913 1301.453 1300.939 1300.390 1299.962 1299.815 1299.959 1300.157 1300.112 1299.801 1299.441 1299.154 1298.798 1297.939 1295.940 1292.361 1287.536 1282.640 1278.903 1276.732 1275.678
1547.341 1541.027 1534.840 1528.680 1522.248 1515.130 1507.042 1498.122 1488.956 1480.247 1472.540 1466.297 1461.930 1459.577 1458.916 1459.198 1459.417 1458.512 1455.487 1449.755 1441.784 1433.050 1425.034 1418.344 1412.530 1406.521 1399.436 1391.049 1381.702 1372.096 1362.957 1354.639 1347.055 1339.935 1333.130 1326.719 1320.848 1315.635 1311.248 1307.836 1305.405 1303.841 1302.915 1302.279 1301.641 1300.923 1300.260 1299.943 1300.140 1300.536 1300.560 1300.096 1299.535 1299.154 1298.873 1298.409 1297.253 1294.712 1290.511 1285.456 1281.018 1278.093 1276.493
1552.309 1545.595 1539.045 1532.769 1526.666 1520.325 1513.238 1505.230 1496.707 1488.363 1480.748 1474.239 1469.167 1465.724 1463.870 1463.291 1463.328 1462.989 1461.014 1456.269 1448.672 1439.531 1430.596 1422.980 1416.727 1410.921 1404.421 1396.647 1387.667 1377.988 1368.395 1359.586 1351.766 1344.654 1337.889 1331.373 1325.215 1319.588 1314.716 1310.769 1307.779 1305.688 1304.338 1303.419 1302.609 1301.733 1300.839 1300.226 1300.192 1300.526 1300.601 1300.166 1299.580 1299.163 1298.872 1298.531 1297.838 1296.148 1292.817 1288.111 1283.360 1279.785 1277.568
1557.390 1550.361 1543.451 1536.974 1531.102 1525.540 1519.625 1512.819 1505.186 1497.312 1489.825 1483.126 1477.388 1472.659 1469.118 1467.066 1466.418 1466.333 1465.296 1461.654 1454.732 1445.539 1435.962 1427.501 1420.658 1414.790 1408.655 1401.445 1393.026 1383.631 1373.841 1364.498 1356.171 1348.807 1342.006 1335.503 1329.278 1323.450 1318.228 1313.827 1310.354 1307.806 1306.055 1304.836 1303.846 1302.847 1301.767 1300.824 1300.356 1300.336 1300.304 1299.983 1299.555 1299.220 1298.936 1298.609 1298.099 1296.934 1294.405 1290.364 1285.730 1281.728 1278.885
1562.457 1555.316 1548.229 1541.579 1535.786 1530.819 1526.067 1520.703 1514.263 1506.951 1499.423 1492.337 1485.927 1480.031 1474.807 1471.035 1469.265 1468.962 1468.481 1465.732 1459.497 1450.472 1440.607 1431.612 1424.243 1418.105 1412.051 1405.249 1397.501 1388.762 1379.229 1369.629 1360.756 1352.850 1345.673 1338.987 1332.721 1326.857 1321.450 1316.683 1312.784 1309.871 1307.847 1306.450 1305.369 1304.312 1303.110 1301.889 1300.976 1300.481 1300.172 1299.852 1299.558 1299.319 1299.063 1298.747 1298.328 1297.506 1295.685 1292.495 1288.318 1284.082 1280.596
1567.399 1560.346 1553.392 1546.782 1541.004 1536.340 1532.491 1528.549 1523.459 1516.777 1509.031 1501.285 1494.137 1487.356 1480.864 1475.545 1472.444 1471.497 1471.137 1468.932 1463.204 1454.410 1444.526 1435.306 1427.536 1420.985 1414.729 1408.101 1400.963 1393.083 1384.250 1374.889 1365.790 1357.362 1349.574 1342.391 1335.865 1329.921 1324.396 1319.314 1314.986 1311.728 1309.537 1308.099 1307.017 1305.947 1304.680 1303.283 1302.032 1301.108 1300.461 1299.993 1299.674 1299.440 1299.193 1298.912 1298.608 1298.113 1296.993 1294.762 1291.258 1286.964 1282.855
1572.131 1565.189 1558.625 1552.389 1546.772 1542.230 1538.901 1536.045 1532.163 1526.129 1518.219 1509.803 1501.929 1494.502 1487.200 1480.696 1476.285 1474.450 1473.906 1472.018 1466.711 1458.213 1448.435 1439.089 1430.925 1423.847 1417.204 1410.524 1403.752 1396.619 1388.671 1379.991 1371.156 1362.556 1354.271 1346.454 1339.373 1333.064 1327.264 1321.823 1317.056 1313.460 1311.125 1309.651 1308.525 1307.392 1306.083 1304.623 1303.188 1301.958 1301.006 1300.326 1299.876 1299.563 1299.289 1299.041 1298.857 1298.652 1298.131 1296.784 1294.080 1290.034 1285.547
1576.746 1569.684 1563.484 1557.829 1552.621 1548.236 1545.141 1542.919 1539.929 1534.593 1526.867 1518.111 1509.645 1501.657 1493.767 1486.371 1480.803 1478.004 1477.113 1475.489 1470.715 1462.653 1453.030 1443.505 1434.861 1427.169 1420.045 1413.160 1406.477 1399.781 1392.577 1384.697 1376.438 1368.058 1359.618 1351.317 1343.561 1336.584 1330.225 1324.308 1319.136 1315.253 1312.748 1311.122 1309.805 1308.500 1307.118 1305.651 1304.156 1302.754 1301.572 1300.679 1300.066 1299.651 1299.336 1299.106 1298.999 1298.965 1298.798 1298.077 1296.171 1292.731 1288.299
1581.605 1573.998 1567.777 1562.544 1557.842 1553.758 1550.834 1548.945 1546.600 1542.087 1535.012 1526.390 1517.535 1508.958 1500.468 1492.335 1485.801 1482.044 1480.674 1479.302 1475.234 1467.796 1458.398 1448.695 1439.552 1431.199 1423.509 1416.294 1409.507 1402.976 1396.222 1388.923 1381.189 1373.176 1364.861 1356.345 1348.036 1340.330 1333.279 1326.837 1321.325 1317.221 1314.506 1312.616 1311.002 1309.450 1307.931 1306.417 1304.893 1303.414 1302.082 1300.995 1300.206 1299.679 1299.322 1299.101 1299.033 1299.058 1299.025 1298.650 1297.388 1294.680 1290.640
1587.097 1578.517 1571.712 1566.453 1562.109 1558.437 1555.793 1554.144 1552.277 1548.623 1542.530 1534.489 1525.524 1516.369 1507.232 1498.494 1491.197 1486.503 1484.485 1483.252 1479.958 1473.288 1464.245 1454.471 1444.904 1435.888 1427.535 1419.844 1412.811 1406.284 1399.749 1392.730 1385.224 1377.410 1369.264 1360.767 1352.200 1343.982 1336.354 1329.468 1323.683 1319.369 1316.393 1314.175 1312.231 1310.406 1308.687 1307.047 1305.466 1303.952 1302.537 1301.298 1300.340 1299.689 1299.274 1299.043 1298.976 1298.995 1298.978 1298.750 1297.883 1295.769 1292.258
1593.370 1583.568 1575.764 1570.066 1565.878 1562.665 1560.395 1558.898 1557.228 1554.185 1549.096 1541.955 1533.258 1523.742 1514.100 1504.976 1497.153 1491.578 1488.723 1487.337 1484.631 1478.735 1470.165 1460.450 1450.566 1440.952 1431.911 1423.632 1416.215 1409.573 1403.159 1396.276 1388.739 1380.816 1372.699 1364.383 1355.916 1347.526 1339.533 1332.295 1326.246 1321.660 1318.327 1315.706 1313.397 1311.278 1309.325 1307.514 1305.835 1304.265 1302.789 1301.476 1300.445 1299.721 1299.239 1298.949 1298.826 1298.791 1298.737 1298.542 1297.880 1296.218 1293.351
1600.349 1589.305 1580.437 1574.181 1570.071 1567.295 1565.316 1563.707 1561.799 1558.899 1554.546 1548.401 1540.341 1530.870 1521.035 1511.770 1503.648 1497.341 1493.540 1491.605 1489.077 1483.766 1475.666 1466.084 1456.028 1446.002 1436.393 1427.518 1419.624 1412.765 1406.431 1399.695 1392.048 1383.781 1375.461 1367.308 1359.164 1350.916 1342.796 1335.313 1328.982 1324.012 1320.171 1317.022 1314.282 1311.850 1309.673 1307.701 1305.891 1304.185 1302.607 1301.306 1300.372 1299.721 1299.219 1298.834 1298.599 1298.488 1298.402 1298.220 1297.703 1296.474 1294.405
