tests/data/frankslide/rasters/Frankslide_topography.asc
ncols	201
nrows	201
xllcorner	20.000
yllcorner	20.000
cellsize	20.000
NODATA_value	-9999.000
[rows 168 to 195 of 201, columns 63 to 125 of 201]
1714.950 1701.974 1690.774 1681.480 1673.513 1665.745 1657.500 1649.175 1641.821 1636.461 1633.533 1632.359 1631.405 1629.458 1626.160 1621.481 1615.376 1608.181 1600.885 1594.519 1589.307 1584.816 1580.829 1577.656 1575.675 1574.744 1574.004 1572.182 1568.163 1561.496 1552.564 1542.243 1531.349 1520.428 1509.822 1499.528 1489.139 1478.207 1466.554 1454.267 1441.635 1429.063 1416.871 1405.159 1393.959 1383.416 1373.730 1365.226 1358.654 1354.916 1354.157 1355.480 1357.429 1358.311 1356.764 1352.829 1347.813 1342.899 1338.470 1334.281 1329.685 1324.200 1318.072
1715.028 1702.346 1691.258 1681.671 1673.024 1664.595 1656.091 1647.823 1640.427 1634.603 1630.855 1628.974 1627.893 1626.444 1624.083 1620.710 1616.217 1610.543 1604.010 1597.318 1591.074 1585.465 1580.474 1576.216 1572.934 1570.726 1569.269 1567.765 1565.178 1560.709 1554.231 1546.149 1536.848 1526.588 1515.856 1505.158 1494.512 1483.575 1472.072 1459.941 1447.361 1434.791 1422.776 1411.523 1400.791 1390.350 1380.358 1371.338 1364.145 1359.715 1358.368 1359.481 1361.796 1363.620 1363.353 1360.600 1356.340 1351.836 1347.787 1344.038 1339.708 1334.074 1327.342
1714.449 1702.165 1691.195 1681.396 1672.315 1663.510 1654.891 1646.713 1639.341 1633.138 1628.457 1625.399 1623.469 1621.776 1619.681 1616.992 1613.635 1609.444 1604.259 1598.161 1591.578 1585.101 1579.198 1574.099 1569.921 1566.764 1564.572 1562.898 1560.923 1557.845 1553.328 1547.465 1540.199 1531.242 1520.816 1509.781 1498.745 1487.681 1476.345 1464.580 1452.401 1440.171 1428.484 1417.608 1407.168 1396.716 1386.431 1377.060 1369.511 1364.566 1362.510 1362.958 1365.028 1367.396 1368.544 1367.613 1364.898 1361.424 1358.054 1354.669 1350.279 1344.227 1336.902
1713.264 1701.457 1690.630 1680.661 1671.252 1662.182 1653.514 1645.493 1638.275 1631.879 1626.411 1622.113 1618.970 1616.493 1614.102 1611.507 1608.645 1605.428 1601.556 1596.606 1590.473 1583.676 1577.095 1571.403 1566.851 1563.453 1561.084 1559.328 1557.479 1554.863 1551.201 1546.592 1540.917 1533.511 1524.056 1513.305 1502.269 1491.311 1480.328 1469.136 1457.605 1445.888 1434.470 1423.675 1413.219 1402.630 1392.089 1382.491 1374.778 1369.506 1366.769 1366.288 1367.576 1369.850 1371.946 1372.755 1371.903 1369.960 1367.700 1364.933 1360.620 1354.282 1346.564
1711.859 1700.393 1689.622 1679.401 1669.568 1660.127 1651.326 1643.439 1636.445 1630.083 1624.248 1619.159 1615.013 1611.640 1608.639 1605.698 1602.736 1599.773 1596.634 1592.769 1587.602 1581.188 1574.422 1568.455 1563.993 1561.127 1559.493 1558.358 1556.840 1554.273 1550.480 1545.752 1540.332 1533.777 1525.476 1515.733 1505.512 1495.365 1485.228 1474.833 1463.957 1452.625 1441.220 1430.149 1419.345 1408.464 1397.688 1387.921 1380.076 1374.522 1371.165 1369.717 1369.925 1371.498 1373.767 1375.647 1376.287 1375.792 1374.792 1373.096 1369.576 1363.674 1356.069
1710.611 1699.262 1688.446 1677.946 1667.648 1657.715 1648.562 1640.522 1633.509 1627.160 1621.278 1615.992 1611.460 1607.586 1604.074 1600.667 1597.291 1594.021 1590.866 1587.487 1583.231 1577.687 1571.356 1565.550 1561.522 1559.715 1559.595 1559.927 1559.366 1557.066 1552.857 1547.180 1540.741 1533.784 1525.973 1517.294 1508.367 1499.631 1490.860 1481.542 1471.338 1460.265 1448.708 1437.155 1425.773 1414.456 1403.440 1393.519 1385.465 1379.532 1375.549 1373.197 1372.287 1372.851 1374.693 1376.900 1378.320 1378.686 1378.620 1378.151 1376.096 1371.490 1364.684
1709.676 1698.349 1687.498 1676.847 1666.258 1655.930 1646.319 1637.774 1630.262 1623.519 1617.402 1612.012 1607.465 1603.621 1600.105 1596.600 1593.015 1589.382 1585.755 1582.117 1578.173 1573.450 1567.978 1562.799 1559.461 1558.846 1560.416 1562.481 1563.217 1561.551 1557.295 1550.891 1543.214 1535.076 1526.774 1518.423 1510.399 1502.934 1495.607 1487.622 1478.394 1467.820 1456.277 1444.339 1432.390 1420.605 1409.335 1399.234 1390.881 1384.462 1379.815 1376.602 1374.628 1374.100 1375.166 1377.128 1378.722 1379.420 1379.854 1380.355 1379.820 1376.866 1371.380
1708.979 1697.681 1686.808 1676.096 1665.425 1654.965 1645.068 1636.003 1627.798 1620.331 1613.534 1607.543 1602.633 1598.828 1595.657 1592.554 1589.265 1585.693 1581.770 1577.617 1573.402 1569.033 1564.398 1560.097 1557.560 1557.903 1560.668 1563.948 1565.655 1564.632 1560.764 1554.466 1546.429 1537.495 1528.371 1519.582 1511.608 1504.660 1498.328 1491.697 1483.835 1474.242 1463.101 1451.069 1438.784 1426.680 1415.194 1404.872 1396.183 1389.297 1384.026 1379.972 1376.938 1375.245 1375.265 1376.568 1377.995 1378.861 1379.624 1380.730 1381.242 1379.630 1375.503
1708.289 1697.039 1686.071 1675.248 1664.578 1654.194 1644.276 1634.983 1626.386 1618.405 1610.892 1603.928 1597.986 1593.490 1590.173 1587.317 1584.451 1581.340 1577.741 1573.614 1569.226 1564.886 1560.753 1557.218 1555.358 1556.201 1559.379 1563.020 1565.018 1564.275 1560.861 1555.297 1548.044 1539.534 1530.303 1521.061 1512.597 1505.424 1499.419 1493.792 1487.368 1479.109 1468.759 1456.961 1444.649 1432.478 1420.874 1410.311 1401.299 1394.038 1388.216 1383.320 1379.194 1376.257 1375.034 1375.403 1376.502 1377.586 1378.761 1380.277 1381.301 1380.399 1377.202
1707.256 1696.180 1685.085 1674.122 1663.507 1653.318 1643.538 1634.265 1625.664 1617.663 1609.930 1602.287 1595.126 1589.157 1584.604 1581.025 1577.954 1575.129 1572.220 1568.875 1565.006 1560.908 1557.063 1554.004 1552.540 1553.436 1556.374 1559.691 1561.429 1560.601 1557.465 1552.743 1546.850 1539.812 1531.636 1522.728 1513.963 1506.261 1500.001 1494.754 1489.396 1482.541 1473.369 1462.220 1450.154 1438.044 1426.353 1415.559 1406.252 1398.607 1392.160 1386.356 1381.153 1377.041 1374.603 1373.974 1374.660 1375.999 1377.732 1379.670 1380.878 1380.114 1377.249
1705.293 1694.781 1683.747 1672.741 1662.268 1652.374 1642.842 1633.683 1625.160 1617.322 1609.795 1602.136 1594.380 1587.133 1580.927 1575.759 1571.477 1568.071 1565.360 1562.837 1559.962 1556.606 1553.203 1550.463 1549.143 1549.808 1552.169 1554.830 1556.093 1555.091 1552.134 1548.053 1543.355 1537.964 1531.523 1523.914 1515.642 1507.692 1500.901 1495.397 1490.462 1484.775 1477.086 1467.079 1455.492 1443.373 1431.535 1420.641 1411.167 1403.028 1395.691 1388.812 1382.576 1377.505 1374.131 1372.689 1372.967 1374.501 1376.838 1379.276 1380.556 1379.587 1376.593
1701.533 1692.216 1681.718 1670.917 1660.652 1651.085 1641.903 1632.933 1624.375 1616.462 1609.078 1601.804 1594.388 1587.052 1580.113 1573.611 1567.662 1562.708 1559.041 1556.417 1554.185 1551.753 1549.082 1546.716 1545.415 1545.736 1547.474 1549.490 1550.385 1549.381 1546.651 1542.945 1538.888 1534.574 1529.671 1523.791 1516.883 1509.454 1502.366 1496.274 1491.129 1486.068 1479.763 1471.206 1460.416 1448.417 1436.587 1425.929 1416.567 1407.879 1399.344 1391.104 1383.719 1377.790 1373.773 1371.828 1371.794 1373.398 1376.205 1379.130 1380.506 1379.269 1375.964
1695.250 1687.627 1678.335 1668.248 1658.393 1649.177 1640.406 1631.767 1623.256 1615.196 1607.785 1600.797 1593.937 1587.230 1580.677 1573.960 1567.020 1560.483 1555.132 1551.296 1548.719 1546.739 1544.785 1542.860 1541.560 1541.555 1542.817 1544.447 1545.303 1544.616 1542.259 1538.741 1534.774 1530.741 1526.595 1522.070 1516.838 1510.734 1504.081 1497.636 1491.972 1486.910 1481.458 1474.317 1464.811 1453.601 1442.336 1432.298 1423.256 1414.033 1404.128 1394.221 1385.365 1378.389 1373.759 1371.469 1371.207 1372.751 1375.759 1378.995 1380.519 1379.182 1375.635
1686.681 1680.481 1672.802 1664.109 1655.247 1646.744 1638.608 1630.545 1622.463 1614.686 1607.453 1600.477 1593.468 1586.689 1580.361 1574.023 1567.162 1560.051 1553.505 1548.226 1544.522 1542.176 1540.501 1538.927 1537.659 1537.414 1538.396 1539.954 1541.140 1541.133 1539.435 1536.174 1532.024 1527.647 1523.383 1519.323 1515.280 1510.736 1505.301 1499.253 1493.330 1487.981 1482.850 1476.875 1469.046 1459.431 1449.379 1440.152 1431.367 1421.604 1410.412 1398.817 1388.287 1379.969 1374.450 1371.652 1371.109 1372.505 1375.467 1378.737 1380.353 1379.088 1375.476
1677.632 1671.553 1664.994 1657.904 1650.634 1643.523 1636.551 1629.445 1622.190 1615.164 1608.467 1601.526 1593.916 1586.182 1579.110 1572.615 1566.042 1559.179 1552.426 1546.355 1541.523 1538.294 1536.365 1534.930 1533.719 1533.299 1534.093 1535.743 1537.463 1538.380 1537.701 1535.107 1530.971 1526.056 1521.101 1516.646 1512.867 1509.361 1505.376 1500.496 1495.033 1489.656 1484.652 1479.519 1473.308 1465.610 1457.127 1448.720 1439.978 1429.673 1417.521 1404.639 1392.638 1382.872 1376.129 1372.472 1371.484 1372.703 1375.496 1378.540 1380.031 1378.813 1375.251
1670.845 1663.370 1656.613 1650.286 1644.314 1638.778 1633.400 1627.640 1621.416 1615.184 1609.093 1602.537 1594.938 1586.682 1578.731 1571.508 1564.709 1557.981 1551.317 1544.938 1539.293 1535.056 1532.457 1530.860 1529.646 1529.060 1529.636 1531.342 1533.547 1535.354 1535.863 1534.428 1530.922 1525.857 1520.195 1514.930 1510.662 1507.341 1504.337 1500.860 1496.544 1491.707 1486.927 1482.308 1477.306 1471.371 1464.517 1456.886 1448.015 1437.194 1424.468 1410.868 1397.859 1386.820 1378.727 1373.969 1372.389 1373.407 1375.989 1378.630 1379.734 1378.360 1374.817
1667.974 1658.687 1650.687 1643.700 1637.631 1632.734 1628.682 1624.425 1619.317 1613.657 1607.911 1601.920 1595.159 1587.557 1579.699 1572.171 1565.057 1558.147 1551.298 1544.512 1538.079 1532.728 1529.065 1526.820 1525.315 1524.491 1524.817 1526.460 1528.925 1531.336 1532.849 1532.742 1530.442 1525.954 1520.129 1514.235 1509.254 1505.529 1502.782 1500.322 1497.364 1493.556 1489.233 1484.928 1480.750 1476.339 1471.068 1464.186 1455.129 1443.833 1430.774 1416.857 1403.268 1391.275 1381.970 1376.085 1373.809 1374.533 1376.842 1378.997 1379.537 1377.771 1374.111
1668.129 1657.914 1648.750 1640.320 1632.760 1626.973 1623.190 1620.127 1616.224 1611.103 1605.395 1599.605 1593.587 1587.047 1580.122 1573.164 1566.281 1559.370 1552.344 1545.176 1538.057 1531.656 1526.712 1523.263 1520.874 1519.523 1519.567 1521.080 1523.580 1526.253 1528.373 1529.304 1528.283 1524.897 1519.668 1513.778 1508.378 1504.135 1501.161 1499.122 1497.249 1494.647 1491.055 1487.075 1483.475 1480.310 1476.507 1470.504 1461.515 1449.926 1436.623 1422.514 1408.583 1395.941 1385.685 1378.757 1375.640 1375.829 1377.738 1379.403 1379.336 1377.029 1373.136
1668.580 1658.571 1649.098 1639.653 1630.418 1622.800 1617.986 1615.268 1612.516 1608.243 1602.619 1596.554 1590.502 1584.417 1578.275 1572.118 1565.837 1559.301 1552.496 1545.440 1538.255 1531.424 1525.532 1520.692 1516.837 1514.418 1513.967 1515.326 1517.776 1520.500 1522.875 1524.346 1524.185 1521.909 1517.780 1512.603 1507.337 1502.798 1499.462 1497.424 1496.200 1494.685 1492.001 1488.433 1485.113 1482.636 1479.984 1475.163 1466.962 1455.662 1442.308 1428.000 1413.790 1400.719 1389.783 1381.911 1377.721 1376.966 1378.209 1379.366 1378.765 1375.970 1371.896
1666.849 1657.598 1648.603 1639.173 1629.227 1620.043 1613.489 1610.052 1607.970 1604.856 1599.833 1593.619 1587.149 1580.816 1574.672 1568.676 1562.706 1556.626 1550.361 1543.899 1537.316 1530.868 1524.795 1519.026 1513.668 1509.739 1508.363 1509.443 1511.889 1514.650 1517.073 1518.626 1518.753 1517.213 1514.215 1510.147 1505.527 1501.062 1497.482 1495.309 1494.429 1493.763 1491.975 1488.816 1485.374 1482.770 1480.613 1477.075 1470.473 1460.401 1447.566 1433.241 1418.829 1405.504 1394.124 1385.396 1379.905 1377.714 1377.820 1378.268 1377.239 1374.243 1370.284
1662.110 1653.603 1645.399 1636.715 1627.188 1617.530 1609.534 1604.723 1602.526 1600.503 1596.685 1591.027 1584.508 1577.781 1570.993 1564.286 1557.925 1552.006 1546.304 1540.565 1534.774 1529.070 1523.438 1517.530 1511.284 1505.923 1503.290 1503.841 1506.300 1509.140 1511.453 1512.712 1512.660 1511.421 1509.265 1506.293 1502.589 1498.570 1495.033 1492.829 1492.202 1492.216 1491.261 1488.508 1484.698 1481.276 1478.739 1475.981 1471.195 1463.116 1451.637 1437.872 1423.589 1410.242 1398.587 1389.063 1382.136 1378.113 1376.523 1375.857 1374.411 1371.589 1368.189
1654.962 1646.922 1639.411 1631.650 1623.180 1614.147 1605.659 1599.554 1596.638 1595.290 1592.913 1588.442 1582.468 1575.647 1568.165 1560.389 1553.106 1546.860 1541.429 1536.250 1531.077 1525.990 1520.940 1515.436 1509.085 1502.877 1499.053 1498.814 1501.086 1503.912 1505.960 1506.717 1506.283 1505.084 1503.426 1501.276 1498.451 1495.083 1491.898 1489.913 1489.610 1490.251 1490.151 1487.997 1483.984 1479.550 1475.927 1472.999 1469.384 1463.340 1453.849 1441.439 1427.883 1414.828 1403.015 1392.734 1384.381 1378.412 1374.810 1372.685 1370.741 1368.322 1365.776
1646.475 1638.632 1631.517 1624.517 1617.238 1609.434 1601.360 1594.528 1590.741 1589.604 1588.465 1585.320 1580.178 1573.645 1565.958 1557.569 1549.495 1542.619 1536.952 1531.887 1526.967 1522.160 1517.468 1512.446 1506.483 1500.111 1495.445 1494.215 1495.900 1498.467 1500.203 1500.550 1499.853 1498.665 1497.273 1495.625 1493.450 1490.692 1488.008 1486.475 1486.617 1487.822 1488.567 1487.304 1483.612 1478.545 1473.662 1469.726 1466.162 1461.407 1453.921 1443.439 1431.213 1418.787 1406.965 1396.072 1386.535 1378.902 1373.468 1369.911 1367.421 1365.323 1363.485
1637.492 1629.742 1622.722 1616.185 1609.915 1603.438 1596.287 1589.369 1584.924 1583.681 1583.349 1581.273 1576.897 1570.849 1563.549 1555.441 1547.371 1540.133 1533.934 1528.443 1523.265 1518.287 1513.549 1508.763 1503.293 1497.198 1492.047 1489.730 1490.424 1492.435 1493.884 1494.085 1493.411 1492.378 1491.220 1489.917 1488.211 1485.950 1483.742 1482.694 1483.269 1484.864 1486.242 1485.966 1483.129 1478.138 1472.404 1467.189 1462.756 1458.220 1452.103 1443.510 1432.883 1421.363 1409.794 1398.648 1388.430 1379.740 1373.050 1368.428 1365.405 1363.280 1361.625
1628.347 1620.725 1613.654 1607.295 1601.717 1596.370 1590.311 1583.820 1579.068 1577.520 1577.510 1576.140 1572.338 1566.718 1560.031 1552.850 1545.706 1538.912 1532.532 1526.514 1520.746 1515.199 1509.988 1505.037 1499.839 1494.104 1488.717 1485.363 1484.771 1485.854 1486.904 1487.116 1486.690 1486.008 1485.217 1484.297 1483.059 1481.321 1479.557 1478.836 1479.649 1481.416 1483.119 1483.615 1481.833 1477.562 1471.722 1465.618 1460.074 1454.972 1449.284 1441.891 1432.588 1422.046 1411.036 1400.107 1389.801 1380.722 1373.409 1368.122 1364.551 1362.005 1360.028
1619.098 1611.652 1604.585 1598.319 1593.158 1588.617 1583.576 1577.810 1573.041 1571.026 1570.855 1569.840 1566.473 1561.130 1554.878 1548.687 1542.990 1537.503 1531.785 1525.775 1519.627 1513.507 1507.659 1502.229 1496.941 1491.375 1485.830 1481.506 1479.340 1478.977 1479.278 1479.439 1479.319 1479.044 1478.663 1478.169 1477.512 1476.512 1475.311 1474.792 1475.656 1477.500 1479.360 1480.305 1479.404 1476.144 1470.903 1464.673 1458.431 1452.569 1446.559 1439.423 1430.739 1420.931 1410.624 1400.268 1390.332 1381.368 1373.877 1368.153 1363.984 1360.787 1358.253
1609.968 1602.735 1595.835 1589.792 1584.937 1580.870 1576.567 1571.534 1566.885 1564.284 1563.537 1562.511 1559.462 1554.336 1548.291 1542.799 1538.514 1534.733 1530.377 1525.114 1519.207 1512.979 1506.776 1500.914 1495.345 1489.689 1483.871 1478.531 1474.531 1472.223 1471.302 1471.113 1471.081 1470.970 1470.790 1470.695 1470.835 1470.892 1470.472 1470.194 1471.103 1473.093 1475.147 1476.355 1476.030 1473.708 1469.439 1463.790 1457.536 1451.192 1444.570 1436.999 1428.214 1418.678 1408.938 1399.246 1389.904 1381.348 1373.946 1367.927 1363.184 1359.325 1356.226
1601.333 1594.435 1587.909 1582.293 1577.761 1573.923 1570.003 1565.492 1560.970 1557.759 1556.164 1554.751 1551.831 1546.951 1541.099 1536.005 1532.649 1530.267 1527.367 1523.291 1518.236 1512.540 1506.544 1500.598 1494.776 1488.811 1482.525 1476.194 1470.480 1466.166 1463.685 1462.655 1462.212 1461.836 1461.619 1461.992 1463.145 1464.379 1464.788 1464.868 1465.976 1468.267 1470.634 1472.076 1472.100 1470.480 1467.208 1462.520 1456.821 1450.432 1443.293 1435.073 1425.825 1416.183 1406.694 1397.497 1388.743 1380.708 1373.576 1367.444 1362.279 1357.898 1354.311
