tests/data/frankslide/rasters/Frankslide_topography.asc
ncols	201
nrows	201
xllcorner	20.000
yllcorner	20.000
cellsize	20.000
NODATA_value	-9999.000
[rows 56 to 83 of 201, columns 126 to 188 of 201]
1309.555 1309.722 1309.888 1310.091 1310.354 1310.680 1311.079 1311.570 1312.158 1312.832 1313.570 1314.339 1315.127 1315.940 1316.784 1317.661 1318.581 1319.561 1320.607 1321.708 1322.845 1324.014 1325.223 1326.482 1327.825 1329.302 1330.964 1332.871 1335.106 1337.709 1340.569 1343.431 1345.991 1347.929 1348.987 1349.289 1349.524 1350.389 1351.759 1352.763 1352.893 1352.645 1352.676 1352.757 1352.448 1352.579 1354.769 1359.054 1362.950 1363.638 1360.463 1354.735 1348.373 1343.818 1343.549 1347.935 1354.774 1361.740 1367.956 1372.999 1376.173 1377.305 1377.253
1308.363 1308.568 1308.772 1309.005 1309.292 1309.636 1310.044 1310.530 1311.090 1311.703 1312.357 1313.052 1313.784 1314.556 1315.368 1316.223 1317.128 1318.100 1319.144 1320.237 1321.352 1322.480 1323.633 1324.834 1326.119 1327.532 1329.117 1330.917 1332.967 1335.245 1337.616 1339.882 1341.865 1343.405 1344.355 1344.791 1345.219 1346.261 1347.941 1349.459 1350.016 1349.876 1350.073 1350.865 1351.403 1351.585 1352.953 1356.530 1360.646 1362.230 1359.879 1354.618 1348.393 1343.448 1342.213 1345.690 1352.278 1359.427 1365.877 1371.348 1375.177 1376.795 1376.871
1307.198 1307.433 1307.670 1307.938 1308.258 1308.628 1309.045 1309.517 1310.039 1310.591 1311.171 1311.793 1312.463 1313.178 1313.943 1314.761 1315.640 1316.590 1317.611 1318.685 1319.781 1320.887 1322.015 1323.192 1324.451 1325.826 1327.348 1329.035 1330.885 1332.841 1334.783 1336.577 1338.134 1339.388 1340.263 1340.814 1341.436 1342.705 1344.772 1346.937 1348.128 1348.139 1348.114 1349.034 1350.249 1350.825 1351.610 1354.118 1357.756 1359.870 1358.558 1354.192 1348.403 1343.226 1341.081 1343.586 1349.854 1357.216 1363.888 1369.597 1373.902 1376.040 1376.383
1306.064 1306.326 1306.594 1306.899 1307.256 1307.651 1308.074 1308.527 1309.012 1309.515 1310.040 1310.601 1311.207 1311.857 1312.557 1313.315 1314.137 1315.030 1315.999 1317.033 1318.108 1319.204 1320.329 1321.508 1322.765 1324.120 1325.588 1327.165 1328.828 1330.516 1332.142 1333.624 1334.923 1336.016 1336.872 1337.551 1338.364 1339.797 1342.065 1344.670 1346.496 1346.853 1346.587 1347.220 1348.784 1349.972 1350.607 1352.007 1354.558 1356.620 1356.316 1353.226 1348.229 1343.042 1340.169 1341.789 1347.682 1355.208 1362.069 1367.818 1372.307 1374.852 1375.550
1304.906 1305.213 1305.519 1305.856 1306.241 1306.659 1307.092 1307.540 1308.003 1308.476 1308.962 1309.475 1310.024 1310.612 1311.241 1311.920 1312.654 1313.456 1314.338 1315.305 1316.341 1317.425 1318.555 1319.749 1321.020 1322.374 1323.804 1325.295 1326.811 1328.306 1329.720 1331.010 1332.161 1333.172 1334.050 1334.871 1335.870 1337.385 1339.622 1342.313 1344.545 1345.369 1345.122 1345.413 1347.007 1348.778 1349.680 1350.323 1351.611 1353.102 1353.473 1351.742 1347.803 1342.828 1339.417 1340.249 1345.673 1353.227 1360.239 1365.951 1370.418 1373.186 1374.215
1303.623 1303.998 1304.358 1304.731 1305.140 1305.584 1306.044 1306.511 1306.982 1307.451 1307.919 1308.399 1308.904 1309.436 1309.998 1310.593 1311.228 1311.919 1312.690 1313.560 1314.526 1315.573 1316.695 1317.900 1319.189 1320.552 1321.966 1323.404 1324.826 1326.194 1327.471 1328.635 1329.690 1330.654 1331.569 1332.524 1333.683 1335.250 1337.364 1339.909 1342.257 1343.482 1343.484 1343.580 1344.982 1347.091 1348.493 1348.976 1349.385 1350.130 1350.686 1349.976 1347.078 1342.475 1338.704 1338.795 1343.601 1351.001 1358.145 1363.901 1368.345 1371.243 1372.542
1302.168 1302.612 1303.041 1303.468 1303.922 1304.407 1304.908 1305.413 1305.915 1306.406 1306.883 1307.354 1307.831 1308.318 1308.818 1309.333 1309.868 1310.444 1311.093 1311.844 1312.710 1313.687 1314.772 1315.964 1317.256 1318.625 1320.039 1321.456 1322.833 1324.132 1325.323 1326.398 1327.378 1328.306 1329.250 1330.306 1331.590 1333.210 1335.239 1337.611 1339.910 1341.379 1341.689 1341.727 1342.793 1344.870 1346.705 1347.549 1347.796 1348.079 1348.476 1348.218 1346.069 1341.922 1337.975 1337.327 1341.282 1348.261 1355.483 1361.439 1366.033 1369.166 1370.814
1300.587 1301.084 1301.580 1302.083 1302.607 1303.149 1303.699 1304.246 1304.787 1305.312 1305.815 1306.299 1306.768 1307.224 1307.671 1308.111 1308.550 1309.013 1309.537 1310.161 1310.908 1311.789 1312.805 1313.955 1315.224 1316.585 1317.998 1319.414 1320.784 1322.061 1323.209 1324.225 1325.146 1326.040 1326.993 1328.104 1329.460 1331.127 1333.126 1335.389 1337.611 1339.198 1339.750 1339.789 1340.466 1342.190 1344.170 1345.548 1346.248 1346.630 1346.919 1346.731 1345.010 1341.340 1337.362 1335.929 1338.730 1344.916 1352.023 1358.211 1363.087 1366.671 1368.979
1298.949 1299.486 1300.039 1300.614 1301.213 1301.819 1302.419 1303.011 1303.591 1304.151 1304.684 1305.188 1305.660 1306.099 1306.505 1306.881 1307.234 1307.589 1307.988 1308.481 1309.101 1309.871 1310.800 1311.886 1313.114 1314.451 1315.851 1317.265 1318.641 1319.926 1321.069 1322.059 1322.944 1323.807 1324.745 1325.856 1327.222 1328.890 1330.860 1333.046 1335.187 1336.800 1337.505 1337.589 1337.969 1339.246 1341.088 1342.827 1344.170 1345.135 1345.729 1345.678 1344.262 1341.039 1337.081 1334.814 1336.214 1341.213 1347.831 1353.987 1359.014 1363.186 1366.596
1297.298 1297.868 1298.462 1299.090 1299.745 1300.407 1301.060 1301.700 1302.323 1302.919 1303.480 1304.003 1304.484 1304.915 1305.292 1305.616 1305.894 1306.148 1306.424 1306.778 1307.261 1307.911 1308.748 1309.772 1310.959 1312.268 1313.644 1315.038 1316.408 1317.702 1318.858 1319.855 1320.735 1321.579 1322.486 1323.553 1324.865 1326.471 1328.366 1330.449 1332.473 1334.045 1334.855 1335.066 1335.346 1336.285 1337.853 1339.655 1341.474 1343.227 1344.606 1345.068 1344.017 1341.150 1337.191 1334.139 1334.097 1337.640 1343.309 1348.957 1353.813 1358.564 1363.426
1295.650 1296.249 1296.873 1297.532 1298.220 1298.921 1299.621 1300.309 1300.976 1301.610 1302.202 1302.750 1303.245 1303.676 1304.036 1304.320 1304.532 1304.689 1304.838 1305.043 1305.378 1305.904 1306.656 1307.631 1308.796 1310.090 1311.444 1312.808 1314.154 1315.441 1316.610 1317.631 1318.531 1319.378 1320.257 1321.259 1322.472 1323.960 1325.726 1327.668 1329.556 1331.074 1331.997 1332.409 1332.746 1333.477 1334.727 1336.383 1338.472 1341.011 1343.455 1344.788 1344.220 1341.592 1337.589 1333.913 1332.599 1334.614 1338.989 1343.754 1348.224 1353.466 1359.791
1294.009 1294.633 1295.281 1295.957 1296.660 1297.382 1298.111 1298.834 1299.538 1300.209 1300.838 1301.418 1301.939 1302.384 1302.740 1302.997 1303.151 1303.216 1303.236 1303.291 1303.477 1303.883 1304.558 1305.501 1306.662 1307.963 1309.318 1310.671 1311.998 1313.271 1314.442 1315.483 1316.414 1317.283 1318.156 1319.104 1320.211 1321.550 1323.148 1324.934 1326.709 1328.213 1329.269 1329.889 1330.310 1330.859 1331.763 1333.210 1335.509 1338.774 1342.307 1344.687 1344.759 1342.354 1338.273 1334.102 1331.730 1332.301 1335.289 1339.089 1343.159 1348.696 1356.072
1292.380 1293.025 1293.689 1294.376 1295.084 1295.811 1296.547 1297.283 1298.005 1298.703 1299.364 1299.979 1300.532 1301.003 1301.370 1301.615 1301.727 1301.716 1301.629 1301.559 1301.621 1301.925 1302.535 1303.450 1304.611 1305.928 1307.311 1308.693 1310.039 1311.316 1312.487 1313.534 1314.480 1315.375 1316.266 1317.200 1318.236 1319.441 1320.872 1322.504 1324.193 1325.722 1326.912 1327.693 1328.147 1328.492 1329.047 1330.290 1332.778 1336.658 1341.139 1344.600 1345.545 1343.559 1339.431 1334.757 1331.412 1330.668 1332.367 1335.297 1338.996 1344.529 1352.345
1290.768 1291.429 1292.106 1292.798 1293.505 1294.224 1294.952 1295.680 1296.401 1297.104 1297.779 1298.412 1298.987 1299.479 1299.862 1300.107 1300.199 1300.150 1300.012 1299.884 1299.887 1300.134 1300.696 1301.574 1302.715 1304.038 1305.458 1306.898 1308.301 1309.619 1310.807 1311.852 1312.796 1313.708 1314.632 1315.587 1316.603 1317.733 1319.039 1320.539 1322.153 1323.713 1325.023 1325.929 1326.401 1326.591 1326.871 1327.898 1330.412 1334.639 1339.821 1344.329 1346.407 1345.187 1341.164 1335.939 1331.569 1329.570 1330.094 1332.249 1335.584 1340.922 1348.770
1289.175 1289.847 1290.533 1291.228 1291.931 1292.638 1293.348 1294.057 1294.759 1295.448 1296.112 1296.738 1297.307 1297.798 1298.181 1298.428 1298.526 1298.490 1298.376 1298.277 1298.305 1298.558 1299.100 1299.938 1301.039 1302.347 1303.793 1305.297 1306.778 1308.167 1309.399 1310.456 1311.401 1312.331 1313.292 1314.278 1315.300 1316.400 1317.637 1319.042 1320.590 1322.172 1323.595 1324.638 1325.189 1325.354 1325.492 1326.272 1328.529 1332.689 1338.237 1343.681 1347.066 1346.945 1343.277 1337.559 1332.116 1328.847 1328.251 1329.680 1332.687 1337.868 1345.674
1287.611 1288.284 1288.973 1289.668 1290.364 1291.059 1291.749 1292.435 1293.111 1293.772 1294.407 1295.002 1295.541 1296.006 1296.372 1296.620 1296.742 1296.759 1296.725 1296.721 1296.837 1297.154 1297.718 1298.541 1299.609 1300.896 1302.356 1303.918 1305.490 1306.970 1308.270 1309.361 1310.322 1311.275 1312.264 1313.258 1314.263 1315.334 1316.527 1317.872 1319.372 1320.975 1322.522 1323.753 1324.470 1324.723 1324.823 1325.351 1327.134 1330.852 1336.396 1342.552 1347.239 1348.423 1345.402 1339.417 1332.993 1328.470 1326.773 1327.489 1330.189 1335.278 1343.051
1286.094 1286.759 1287.438 1288.124 1288.811 1289.491 1290.163 1290.824 1291.473 1292.101 1292.698 1293.253 1293.751 1294.180 1294.525 1294.775 1294.930 1295.018 1295.085 1295.198 1295.430 1295.841 1296.470 1297.326 1298.403 1299.689 1301.167 1302.793 1304.471 1306.065 1307.448 1308.576 1309.539 1310.486 1311.459 1312.412 1313.356 1314.368 1315.514 1316.815 1318.286 1319.923 1321.623 1323.102 1324.057 1324.448 1324.549 1324.857 1326.123 1329.203 1334.427 1340.958 1346.725 1349.244 1347.162 1341.289 1334.145 1328.477 1325.709 1325.678 1327.953 1332.787 1340.408
1284.641 1285.289 1285.950 1286.619 1287.285 1287.942 1288.589 1289.228 1289.851 1290.449 1291.009 1291.523 1291.981 1292.379 1292.708 1292.964 1293.157 1293.313 1293.479 1293.708 1294.058 1294.578 1295.300 1296.236 1297.375 1298.706 1300.229 1301.930 1303.719 1305.431 1306.897 1308.043 1308.966 1309.839 1310.726 1311.580 1312.417 1313.339 1314.421 1315.681 1317.136 1318.830 1320.725 1322.520 1323.773 1324.321 1324.434 1324.581 1325.405 1327.810 1332.484 1339.009 1345.464 1349.155 1348.223 1342.896 1335.430 1328.834 1325.047 1324.188 1325.786 1330.008 1337.255
1283.256 1283.884 1284.525 1285.171 1285.807 1286.427 1287.039 1287.649 1288.250 1288.823 1289.353 1289.832 1290.258 1290.631 1290.948 1291.213 1291.439 1291.656 1291.907 1292.242 1292.708 1293.347 1294.186 1295.239 1296.494 1297.930 1299.546 1301.334 1303.211 1305.002 1306.516 1307.658 1308.511 1309.265 1310.009 1310.708 1311.392 1312.183 1313.170 1314.369 1315.809 1317.582 1319.718 1321.899 1323.515 1324.250 1324.388 1324.437 1324.932 1326.717 1330.715 1336.903 1343.612 1348.153 1348.375 1343.947 1336.638 1329.446 1324.730 1322.977 1323.698 1327.001 1333.650
1281.944 1282.546 1283.163 1283.781 1284.382 1284.961 1285.532 1286.109 1286.683 1287.234 1287.742 1288.198 1288.602 1288.954 1289.258 1289.524 1289.771 1290.034 1290.355 1290.780 1291.356 1292.119 1293.098 1294.303 1295.726 1297.335 1299.105 1301.002 1302.936 1304.747 1306.257 1307.366 1308.142 1308.764 1309.331 1309.831 1310.313 1310.920 1311.756 1312.849 1314.249 1316.095 1318.489 1321.107 1323.170 1324.168 1324.378 1324.384 1324.663 1325.942 1329.247 1334.876 1341.461 1346.453 1347.624 1344.261 1337.564 1330.173 1324.680 1322.058 1321.909 1324.233 1330.108
1280.732 1281.290 1281.866 1282.441 1283.002 1283.546 1284.086 1284.632 1285.178 1285.707 1286.199 1286.644 1287.035 1287.369 1287.652 1287.903 1288.152 1288.437 1288.803 1289.296 1289.965 1290.848 1291.977 1293.366 1295.000 1296.839 1298.820 1300.861 1302.856 1304.664 1306.136 1307.183 1307.863 1308.326 1308.676 1308.944 1309.198 1309.578 1310.200 1311.121 1312.419 1314.285 1316.895 1319.960 1322.572 1323.986 1324.375 1324.396 1324.549 1325.461 1328.138 1333.088 1339.255 1344.321 1346.138 1343.823 1338.031 1330.803 1324.752 1321.390 1320.537 1322.027 1327.070
1279.661 1280.155 1280.664 1281.176 1281.684 1282.191 1282.705 1283.228 1283.752 1284.263 1284.745 1285.184 1285.567 1285.884 1286.141 1286.365 1286.594 1286.872 1287.247 1287.774 1288.505 1289.490 1290.765 1292.341 1294.203 1296.296 1298.520 1300.744 1302.838 1304.676 1306.124 1307.099 1307.644 1307.892 1307.979 1308.000 1308.037 1308.191 1308.564 1309.244 1310.357 1312.153 1314.899 1318.385 1321.631 1323.633 1324.346 1324.452 1324.555 1325.222 1327.357 1331.589 1337.171 1342.052 1344.231 1342.793 1337.962 1331.142 1324.795 1320.875 1319.494 1320.362 1324.655
1278.748 1279.169 1279.601 1280.036 1280.475 1280.930 1281.407 1281.902 1282.406 1282.902 1283.373 1283.802 1284.174 1284.475 1284.710 1284.907 1285.101 1285.340 1285.683 1286.198 1286.952 1288.008 1289.403 1291.146 1293.216 1295.548 1298.012 1300.434 1302.665 1304.582 1306.055 1306.983 1307.384 1307.398 1307.221 1307.018 1306.869 1306.819 1306.938 1307.334 1308.184 1309.825 1312.639 1316.504 1320.400 1323.084 1324.239 1324.521 1324.662 1325.202 1326.903 1330.472 1335.475 1340.104 1342.439 1341.559 1337.463 1331.104 1324.698 1320.412 1318.639 1319.062 1322.748
1277.976 1278.333 1278.695 1279.057 1279.426 1279.814 1280.233 1280.683 1281.152 1281.620 1282.067 1282.472 1282.822 1283.104 1283.322 1283.492 1283.640 1283.814 1284.087 1284.544 1285.273 1286.354 1287.833 1289.707 1291.943 1294.465 1297.126 1299.728 1302.104 1304.137 1305.694 1306.644 1306.976 1306.843 1306.487 1306.105 1305.774 1305.514 1305.381 1305.480 1306.023 1307.450 1310.275 1314.461 1318.957 1322.326 1323.999 1324.559 1324.856 1325.433 1326.887 1329.950 1334.505 1338.970 1341.361 1340.651 1336.826 1330.733 1324.383 1319.916 1317.878 1317.960 1321.109
1277.322 1277.631 1277.940 1278.246 1278.554 1278.877 1279.228 1279.613 1280.024 1280.442 1280.843 1281.207 1281.519 1281.771 1281.962 1282.094 1282.181 1282.273 1282.450 1282.811 1283.467 1284.523 1286.036 1287.993 1290.338 1292.980 1295.770 1298.508 1301.024 1303.205 1304.922 1306.014 1306.428 1306.298 1305.862 1305.320 1304.777 1304.290 1303.921 1303.753 1304.001 1305.180 1307.940 1312.348 1317.357 1321.399 1323.656 1324.578 1325.130 1325.926 1327.383 1330.146 1334.377 1338.780 1341.236 1340.436 1336.408 1330.222 1323.880 1319.363 1317.174 1316.960 1319.552
1276.770 1277.043 1277.316 1277.583 1277.846 1278.114 1278.400 1278.713 1279.051 1279.401 1279.742 1280.051 1280.312 1280.517 1280.662 1280.738 1280.756 1280.763 1280.840 1281.090 1281.639 1282.616 1284.096 1286.068 1288.451 1291.137 1293.981 1296.809 1299.465 1301.840 1303.803 1305.163 1305.796 1305.764 1305.279 1304.570 1303.819 1303.149 1302.617 1302.264 1302.285 1303.227 1305.830 1310.301 1315.707 1320.429 1323.361 1324.700 1325.509 1326.594 1328.239 1330.865 1334.815 1339.164 1341.749 1340.852 1336.409 1329.836 1323.350 1318.804 1316.535 1316.072 1318.099
1276.300 1276.547 1276.793 1277.032 1277.263 1277.491 1277.725 1277.968 1278.228 1278.505 1278.782 1279.031 1279.232 1279.380 1279.465 1279.479 1279.434 1279.379 1279.384 1279.540 1279.971 1280.823 1282.194 1284.087 1286.419 1289.069 1291.910 1294.799 1297.597 1300.188 1302.431 1304.109 1305.015 1305.118 1304.602 1303.765 1302.891 1302.148 1301.565 1301.135 1301.023 1301.755 1304.108 1308.450 1314.103 1319.523 1323.277 1325.110 1326.071 1327.307 1329.143 1331.711 1335.366 1339.582 1342.329 1341.498 1336.736 1329.702 1322.938 1318.299 1315.977 1315.334 1316.856
1275.881 1276.109 1276.336 1276.556 1276.767 1276.970 1277.162 1277.344 1277.530 1277.738 1277.954 1278.145 1278.286 1278.370 1278.392 1278.349 1278.262 1278.181 1278.160 1278.264 1278.599 1279.305 1280.499 1282.215 1284.392 1286.928 1289.720 1292.654 1295.588 1298.368 1300.831 1302.763 1303.942 1304.260 1303.836 1303.002 1302.125 1301.406 1300.850 1300.418 1300.233 1300.751 1302.739 1306.757 1312.496 1318.622 1323.399 1325.907 1326.924 1328.023 1329.879 1332.385 1335.711 1339.682 1342.560 1341.955 1337.117 1329.745 1322.668 1317.868 1315.484 1314.724 1315.817
