tests/data/frankslide/rasters/Frankslide_topography.asc
ncols	201
nrows	201
xllcorner	20.000
yllcorner	20.000
cellsize	20.000
NODATA_value	-9999.000
[rows 84 to 111 of 201, columns 63 to 125 of 201]
1280.385 1277.588 1274.992 1272.489 1270.180 1268.249 1266.766 1265.688 1264.954 1264.511 1264.300 1264.287 1264.444 1264.708 1265.014 1265.350 1265.728 1266.144 1266.572 1266.987 1267.379 1267.744 1268.088 1268.417 1268.732 1269.039 1269.333 1269.610 1269.868 1270.106 1270.322 1270.512 1270.678 1270.827 1270.962 1271.090 1271.213 1271.331 1271.449 1271.569 1271.692 1271.815 1271.937 1272.060 1272.184 1272.311 1272.448 1272.592 1272.737 1272.883 1273.032 1273.190 1273.359 1273.537 1273.717 1273.898 1274.081 1274.270 1274.465 1274.666 1274.871 1275.076 1275.280
1284.870 1281.739 1278.777 1275.828 1273.006 1270.556 1268.585 1267.055 1265.910 1265.116 1264.627 1264.398 1264.387 1264.530 1264.766 1265.075 1265.445 1265.845 1266.236 1266.595 1266.930 1267.261 1267.598 1267.936 1268.270 1268.597 1268.914 1269.214 1269.496 1269.760 1269.999 1270.208 1270.391 1270.552 1270.697 1270.832 1270.959 1271.083 1271.204 1271.327 1271.452 1271.578 1271.704 1271.828 1271.953 1272.080 1272.210 1272.345 1272.481 1272.617 1272.757 1272.907 1273.070 1273.243 1273.418 1273.593 1273.770 1273.950 1274.137 1274.330 1274.526 1274.721 1274.916
1289.429 1286.133 1282.992 1279.782 1276.582 1273.642 1271.114 1269.013 1267.333 1266.075 1265.212 1264.697 1264.475 1264.471 1264.621 1264.887 1265.230 1265.598 1265.943 1266.252 1266.543 1266.842 1267.158 1267.482 1267.807 1268.130 1268.447 1268.755 1269.050 1269.333 1269.594 1269.826 1270.030 1270.210 1270.372 1270.518 1270.653 1270.781 1270.908 1271.034 1271.162 1271.292 1271.421 1271.550 1271.679 1271.808 1271.937 1272.066 1272.195 1272.324 1272.460 1272.605 1272.763 1272.930 1273.102 1273.274 1273.446 1273.623 1273.805 1273.993 1274.181 1274.369 1274.559
1294.065 1290.786 1287.652 1284.358 1280.912 1277.532 1274.405 1271.626 1269.278 1267.429 1266.090 1265.221 1264.749 1264.577 1264.619 1264.813 1265.099 1265.411 1265.702 1265.966 1266.225 1266.497 1266.785 1267.081 1267.377 1267.672 1267.968 1268.261 1268.552 1268.836 1269.106 1269.354 1269.578 1269.781 1269.963 1270.126 1270.272 1270.410 1270.545 1270.678 1270.811 1270.945 1271.079 1271.212 1271.345 1271.477 1271.608 1271.737 1271.865 1271.993 1272.128 1272.271 1272.426 1272.589 1272.758 1272.929 1273.101 1273.277 1273.457 1273.642 1273.829 1274.014 1274.203
1299.031 1295.892 1292.870 1289.579 1285.950 1282.157 1278.412 1274.892 1271.780 1269.229 1267.312 1266.008 1265.229 1264.850 1264.749 1264.835 1265.031 1265.269 1265.505 1265.729 1265.959 1266.204 1266.462 1266.725 1266.986 1267.247 1267.510 1267.776 1268.042 1268.307 1268.564 1268.810 1269.041 1269.258 1269.457 1269.635 1269.795 1269.946 1270.092 1270.235 1270.376 1270.518 1270.659 1270.799 1270.936 1271.071 1271.206 1271.339 1271.470 1271.603 1271.739 1271.884 1272.037 1272.199 1272.370 1272.544 1272.720 1272.898 1273.080 1273.267 1273.455 1273.645 1273.838
1304.544 1301.580 1298.652 1295.343 1291.532 1287.350 1283.008 1278.750 1274.850 1271.542 1268.961 1267.129 1265.961 1265.303 1264.997 1264.921 1264.991 1265.138 1265.316 1265.509 1265.716 1265.938 1266.169 1266.402 1266.632 1266.861 1267.091 1267.323 1267.556 1267.787 1268.016 1268.240 1268.456 1268.667 1268.868 1269.051 1269.218 1269.376 1269.529 1269.679 1269.830 1269.982 1270.135 1270.284 1270.428 1270.570 1270.711 1270.852 1270.991 1271.129 1271.269 1271.415 1271.570 1271.737 1271.915 1272.100 1272.286 1272.472 1272.661 1272.853 1273.049 1273.248 1273.449
1310.554 1307.724 1304.794 1301.385 1297.382 1292.865 1288.018 1283.115 1278.491 1274.442 1271.160 1268.718 1267.054 1265.997 1265.365 1265.036 1264.925 1264.958 1265.077 1265.246 1265.448 1265.666 1265.886 1266.100 1266.308 1266.511 1266.708 1266.904 1267.100 1267.298 1267.494 1267.685 1267.870 1268.055 1268.235 1268.404 1268.562 1268.713 1268.861 1269.009 1269.162 1269.321 1269.482 1269.641 1269.796 1269.947 1270.098 1270.249 1270.398 1270.544 1270.689 1270.839 1271.000 1271.177 1271.369 1271.570 1271.774 1271.978 1272.182 1272.387 1272.596 1272.807 1273.020
1316.831 1314.019 1310.975 1307.399 1303.205 1298.437 1293.235 1287.864 1282.675 1277.994 1274.058 1270.974 1268.683 1267.023 1265.856 1265.118 1264.748 1264.646 1264.711 1264.879 1265.104 1265.347 1265.581 1265.797 1265.996 1266.179 1266.348 1266.508 1266.669 1266.834 1267.000 1267.157 1267.306 1267.452 1267.597 1267.735 1267.867 1267.996 1268.123 1268.255 1268.397 1268.549 1268.707 1268.869 1269.028 1269.187 1269.347 1269.508 1269.667 1269.822 1269.974 1270.132 1270.303 1270.493 1270.701 1270.923 1271.151 1271.379 1271.607 1271.835 1272.065 1272.297 1272.530
1323.151 1320.163 1316.903 1313.128 1308.765 1303.829 1298.433 1292.815 1287.291 1282.182 1277.735 1274.024 1270.951 1268.409 1266.432 1265.111 1264.408 1264.156 1264.180 1264.366 1264.635 1264.928 1265.205 1265.449 1265.660 1265.839 1265.989 1266.120 1266.249 1266.383 1266.517 1266.641 1266.753 1266.859 1266.963 1267.064 1267.162 1267.260 1267.358 1267.462 1267.578 1267.709 1267.851 1268.001 1268.155 1268.313 1268.474 1268.638 1268.800 1268.958 1269.116 1269.280 1269.460 1269.661 1269.884 1270.124 1270.373 1270.627 1270.883 1271.142 1271.405 1271.670 1271.938
1329.382 1325.980 1322.390 1318.397 1313.895 1308.868 1303.422 1297.765 1292.142 1286.820 1281.998 1277.665 1273.654 1269.993 1267.014 1265.012 1263.946 1263.536 1263.515 1263.713 1264.025 1264.374 1264.708 1265.001 1265.246 1265.442 1265.592 1265.709 1265.813 1265.917 1266.018 1266.107 1266.184 1266.254 1266.321 1266.386 1266.452 1266.517 1266.583 1266.656 1266.742 1266.843 1266.959 1267.087 1267.227 1267.375 1267.528 1267.683 1267.836 1267.987 1268.141 1268.305 1268.485 1268.688 1268.912 1269.156 1269.413 1269.681 1269.960 1270.249 1270.546 1270.851 1271.164
1335.482 1331.463 1327.419 1323.152 1318.520 1313.471 1308.097 1302.553 1296.985 1291.549 1286.364 1281.333 1276.291 1271.466 1267.508 1264.876 1263.473 1262.897 1262.799 1262.976 1263.302 1263.688 1264.069 1264.411 1264.701 1264.931 1265.101 1265.223 1265.315 1265.394 1265.462 1265.516 1265.558 1265.596 1265.634 1265.675 1265.718 1265.759 1265.800 1265.845 1265.902 1265.974 1266.062 1266.166 1266.287 1266.421 1266.559 1266.697 1266.831 1266.966 1267.107 1267.259 1267.428 1267.615 1267.822 1268.046 1268.287 1268.546 1268.826 1269.125 1269.442 1269.777 1270.129
1341.536 1336.795 1332.187 1327.548 1322.747 1317.717 1312.497 1307.145 1301.662 1296.064 1290.386 1284.537 1278.466 1272.633 1267.907 1264.800 1263.115 1262.355 1262.134 1262.239 1262.536 1262.921 1263.319 1263.689 1264.013 1264.280 1264.482 1264.624 1264.718 1264.778 1264.812 1264.827 1264.832 1264.840 1264.860 1264.893 1264.933 1264.968 1264.997 1265.027 1265.066 1265.116 1265.181 1265.263 1265.363 1265.478 1265.598 1265.715 1265.828 1265.943 1266.065 1266.199 1266.347 1266.508 1266.681 1266.866 1267.067 1267.290 1267.541 1267.821 1268.127 1268.462 1268.829
1347.820 1342.349 1337.097 1331.967 1326.917 1321.894 1316.855 1311.698 1306.239 1300.350 1294.025 1287.275 1280.250 1273.618 1268.350 1264.910 1262.987 1262.020 1261.626 1261.605 1261.823 1262.162 1262.538 1262.905 1263.243 1263.533 1263.764 1263.930 1264.031 1264.073 1264.067 1264.033 1263.994 1263.975 1263.987 1264.033 1264.091 1264.141 1264.177 1264.207 1264.239 1264.280 1264.331 1264.394 1264.473 1264.565 1264.661 1264.756 1264.850 1264.947 1265.052 1265.168 1265.292 1265.424 1265.561 1265.702 1265.853 1266.024 1266.226 1266.458 1266.721 1267.019 1267.361
1354.681 1348.538 1342.604 1336.882 1331.478 1326.395 1321.487 1316.460 1310.932 1304.650 1297.624 1290.004 1282.139 1274.838 1269.108 1265.358 1263.191 1261.991 1261.377 1261.178 1261.265 1261.513 1261.831 1262.167 1262.493 1262.787 1263.031 1263.210 1263.313 1263.330 1263.274 1263.180 1263.093 1263.047 1263.062 1263.132 1263.225 1263.305 1263.360 1263.399 1263.435 1263.475 1263.517 1263.564 1263.619 1263.686 1263.758 1263.833 1263.911 1263.995 1264.088 1264.190 1264.297 1264.406 1264.514 1264.622 1264.732 1264.854 1265.001 1265.175 1265.374 1265.605 1265.881
1362.217 1355.490 1348.906 1342.570 1336.730 1331.469 1326.566 1321.554 1315.883 1309.220 1301.605 1293.296 1284.750 1276.824 1270.545 1266.358 1263.857 1262.366 1261.480 1261.044 1260.945 1261.060 1261.289 1261.570 1261.861 1262.135 1262.369 1262.542 1262.631 1262.617 1262.509 1262.358 1262.223 1262.152 1262.168 1262.262 1262.387 1262.497 1262.574 1262.626 1262.665 1262.701 1262.734 1262.764 1262.797 1262.840 1262.890 1262.949 1263.017 1263.095 1263.181 1263.275 1263.373 1263.471 1263.567 1263.658 1263.746 1263.836 1263.939 1264.057 1264.191 1264.344 1264.529
1370.097 1362.869 1355.742 1348.880 1342.605 1337.076 1332.053 1326.951 1321.112 1314.177 1306.207 1297.501 1288.511 1280.032 1273.090 1268.255 1265.229 1263.312 1262.048 1261.285 1260.932 1260.867 1260.978 1261.181 1261.417 1261.646 1261.845 1261.991 1262.051 1262.001 1261.853 1261.662 1261.489 1261.391 1261.401 1261.503 1261.641 1261.764 1261.850 1261.899 1261.926 1261.946 1261.962 1261.976 1261.992 1262.017 1262.054 1262.105 1262.170 1262.246 1262.332 1262.424 1262.522 1262.620 1262.718 1262.811 1262.896 1262.973 1263.049 1263.126 1263.206 1263.289 1263.379
1377.835 1370.142 1362.578 1355.332 1348.737 1342.987 1337.833 1332.608 1326.610 1319.508 1311.402 1302.580 1293.422 1284.588 1277.033 1271.431 1267.651 1265.071 1263.240 1262.013 1261.307 1260.997 1260.951 1261.054 1261.218 1261.388 1261.536 1261.636 1261.651 1261.562 1261.393 1261.188 1260.996 1260.876 1260.867 1260.949 1261.063 1261.158 1261.205 1261.204 1261.177 1261.153 1261.147 1261.154 1261.171 1261.199 1261.241 1261.300 1261.375 1261.459 1261.549 1261.645 1261.747 1261.854 1261.961 1262.065 1262.160 1262.242 1262.309 1262.364 1262.409 1262.440 1262.449
1385.219 1377.052 1369.098 1361.597 1354.869 1349.070 1343.872 1338.529 1332.357 1325.114 1316.953 1308.146 1299.016 1290.103 1282.212 1275.962 1271.324 1267.852 1265.227 1263.362 1262.178 1261.536 1261.278 1261.253 1261.333 1261.438 1261.528 1261.570 1261.533 1261.413 1261.240 1261.045 1260.862 1260.737 1260.698 1260.723 1260.755 1260.738 1260.643 1260.483 1260.318 1260.215 1260.193 1260.228 1260.286 1260.355 1260.437 1260.536 1260.647 1260.757 1260.862 1260.963 1261.068 1261.180 1261.295 1261.409 1261.519 1261.616 1261.694 1261.749 1261.783 1261.786 1261.743
1392.410 1383.784 1375.486 1367.858 1361.179 1355.468 1350.251 1344.732 1338.313 1330.877 1322.605 1313.758 1304.686 1295.914 1288.062 1281.503 1276.148 1271.733 1268.170 1265.496 1263.676 1262.584 1262.042 1261.852 1261.834 1261.870 1261.900 1261.887 1261.813 1261.689 1261.542 1261.389 1261.246 1261.136 1261.065 1260.998 1260.871 1260.614 1260.206 1259.717 1259.298 1259.075 1259.060 1259.168 1259.314 1259.467 1259.634 1259.819 1260.010 1260.180 1260.316 1260.423 1260.519 1260.621 1260.731 1260.847 1260.965 1261.078 1261.176 1261.251 1261.296 1261.300 1261.245
1399.643 1390.697 1382.160 1374.532 1368.007 1362.388 1357.046 1351.217 1344.466 1336.774 1328.290 1319.266 1310.186 1301.678 1294.186 1287.721 1281.993 1276.833 1272.354 1268.735 1266.062 1264.314 1263.353 1262.926 1262.780 1262.745 1262.728 1262.692 1262.631 1262.563 1262.501 1262.440 1262.374 1262.309 1262.226 1262.064 1261.723 1261.099 1260.190 1259.183 1258.374 1257.965 1257.929 1258.097 1258.324 1258.564 1258.837 1259.152 1259.475 1259.750 1259.941 1260.055 1260.130 1260.201 1260.288 1260.388 1260.499 1260.616 1260.731 1260.830 1260.901 1260.934 1260.909
1406.953 1397.963 1389.316 1381.722 1375.322 1369.697 1364.103 1357.880 1350.771 1342.808 1334.066 1324.819 1315.748 1307.622 1300.705 1294.638 1288.913 1283.370 1278.188 1273.599 1269.822 1267.079 1265.408 1264.572 1264.231 1264.124 1264.106 1264.122 1264.178 1264.294 1264.455 1264.617 1264.741 1264.797 1264.744 1264.503 1263.940 1262.907 1261.412 1259.772 1258.439 1257.667 1257.392 1257.403 1257.535 1257.745 1258.069 1258.520 1259.021 1259.444 1259.714 1259.841 1259.888 1259.920 1259.968 1260.036 1260.119 1260.218 1260.326 1260.434 1260.533 1260.613 1260.660
1414.181 1405.465 1396.816 1389.141 1382.664 1376.885 1371.009 1364.455 1357.064 1348.869 1339.924 1330.603 1321.763 1314.190 1307.921 1302.331 1296.820 1291.246 1285.721 1280.349 1275.375 1271.302 1268.525 1266.982 1266.299 1266.093 1266.125 1266.313 1266.681 1267.257 1267.996 1268.775 1269.424 1269.777 1269.747 1269.328 1268.477 1267.060 1265.083 1262.905 1261.008 1259.594 1258.587 1257.876 1257.413 1257.226 1257.384 1257.889 1258.570 1259.173 1259.543 1259.695 1259.730 1259.734 1259.745 1259.766 1259.803 1259.858 1259.930 1260.019 1260.128 1260.261 1260.406
1421.117 1412.894 1404.345 1396.430 1389.569 1383.439 1377.318 1370.617 1363.116 1354.811 1345.851 1336.788 1328.524 1321.646 1315.907 1310.580 1305.197 1299.746 1294.229 1288.466 1282.541 1277.123 1273.001 1270.450 1269.197 1268.783 1268.873 1269.368 1270.334 1271.820 1273.732 1275.778 1277.474 1278.338 1278.225 1277.367 1276.025 1274.239 1272.047 1269.712 1267.458 1265.220 1262.903 1260.645 1258.730 1257.441 1256.962 1257.249 1257.986 1258.742 1259.241 1259.469 1259.546 1259.565 1259.555 1259.529 1259.507 1259.504 1259.524 1259.573 1259.671 1259.839 1260.078
1427.554 1419.848 1411.503 1403.292 1395.818 1389.134 1382.766 1376.094 1368.721 1360.580 1351.966 1343.563 1336.140 1329.944 1324.474 1319.049 1313.491 1308.046 1302.687 1296.942 1290.589 1284.232 1278.893 1275.216 1273.182 1272.395 1272.490 1273.386 1275.199 1277.967 1281.467 1285.137 1288.092 1289.512 1289.242 1287.829 1285.925 1283.869 1281.837 1279.903 1277.756 1274.826 1270.925 1266.482 1262.252 1259.006 1257.206 1256.780 1257.231 1257.966 1258.581 1258.963 1259.180 1259.289 1259.302 1259.247 1259.172 1259.116 1259.094 1259.119 1259.205 1259.370 1259.637
1433.311 1425.941 1417.837 1409.421 1401.317 1393.977 1387.303 1380.734 1373.722 1366.128 1358.304 1350.884 1344.369 1338.702 1333.272 1327.515 1321.543 1315.894 1310.644 1305.155 1298.878 1292.148 1285.984 1281.300 1278.413 1277.133 1277.175 1278.479 1281.132 1285.051 1289.798 1294.569 1298.274 1300.009 1299.686 1298.022 1295.883 1293.873 1292.364 1291.265 1289.703 1286.564 1281.459 1274.939 1268.127 1262.362 1258.601 1256.898 1256.609 1256.986 1257.531 1258.034 1258.443 1258.720 1258.832 1258.812 1258.731 1258.648 1258.609 1258.638 1258.723 1258.849 1259.052
1438.268 1430.961 1423.021 1414.532 1405.980 1398.058 1391.049 1384.577 1378.073 1371.337 1364.632 1358.359 1352.696 1347.405 1341.918 1335.835 1329.456 1323.528 1318.301 1313.125 1307.194 1300.492 1293.888 1288.443 1284.785 1283.004 1282.957 1284.551 1287.682 1292.036 1297.014 1301.776 1305.354 1307.038 1306.819 1305.347 1303.435 1301.778 1300.868 1300.561 1299.759 1297.083 1291.860 1284.354 1275.643 1267.460 1261.415 1258.016 1256.637 1256.333 1256.486 1256.853 1257.316 1257.731 1257.998 1258.114 1258.124 1258.079 1258.047 1258.078 1258.151 1258.218 1258.311
1442.479 1435.007 1427.067 1418.560 1409.802 1401.525 1394.258 1387.870 1381.908 1376.149 1370.687 1365.610 1360.778 1355.828 1350.307 1344.016 1337.379 1331.234 1325.980 1321.061 1315.515 1309.003 1302.191 1296.201 1291.893 1289.626 1289.403 1291.018 1294.071 1298.019 1302.269 1306.169 1309.037 1310.403 1310.290 1309.168 1307.656 1306.353 1305.722 1305.688 1305.404 1303.678 1299.570 1292.671 1283.502 1273.772 1265.630 1260.312 1257.594 1256.452 1256.031 1255.989 1256.204 1256.529 1256.852 1257.130 1257.321 1257.405 1257.428 1257.455 1257.489 1257.493 1257.492
1446.243 1438.504 1430.398 1421.826 1413.017 1404.624 1397.235 1390.940 1385.481 1380.665 1376.421 1372.553 1368.630 1364.141 1358.725 1352.382 1345.628 1339.311 1333.941 1329.131 1323.878 1317.571 1310.640 1304.199 1299.280 1296.455 1295.827 1297.069 1299.538 1302.579 1305.704 1308.494 1310.509 1311.440 1311.310 1310.437 1309.230 1308.093 1307.347 1307.044 1306.827 1305.980 1303.490 1298.312 1290.189 1280.340 1270.945 1263.833 1259.543 1257.406 1256.411 1255.928 1255.714 1255.667 1255.776 1256.036 1256.346 1256.586 1256.734 1256.818 1256.839 1256.799 1256.733
