tests/data/gray99/lave2D/projects.hma
ncols                  235
 nrows                   67
 xllcorner       0.1282000    
 yllcorner       0.1282000    
 cellsize        0.2564000    
 NODATA_value        -99999
[rows 32 to 63 of 67, columns 0 to 70 of 235]
0.0100 0.0101 0.0201 0.0789 0.0804 0.0905 0.1208 0.2934 0.4970 0.6015 0.7421 0.8862 1.0179 1.2951 2.0546 2.6913 3.1608 3.5352 3.8436 4.1011 4.3172 4.4978 4.6472 4.7683 4.8633 4.9337 4.9805 5.0044 5.0058 4.9847 4.9407 4.8732 4.7813 4.6635 4.5178 4.3412 4.1297 3.9357 3.7809 3.6013 3.4022 3.2258 3.0690 2.9164 2.7955 2.6715 2.5616 2.4628 2.3733 2.2903 2.2153 2.1478 2.0868 2.0317 1.9808 1.9339 1.8914 1.8533 1.8515 1.8632 1.8860 1.9272 1.9243 1.9355 1.9476 1.9549 1.9549 1.9715 1.9885 1.9993 2.0005
0.0100 0.0101 0.0174 0.0598 0.0856 0.0808 0.1681 0.3286 0.4719 0.6152 0.7349 0.8787 1.0134 1.3044 2.0784 2.7076 3.1737 3.5460 3.8527 4.1090 4.3241 4.5039 4.6526 4.7732 4.8677 4.9377 4.9841 5.0077 5.0087 4.9872 4.9429 4.8752 4.7830 4.6650 4.5189 4.3423 4.1306 3.9204 3.7900 3.6210 3.4014 3.2314 3.0774 2.9259 2.8084 2.6823 2.5731 2.4746 2.3853 2.3038 2.2297 2.1634 2.1013 2.0438 1.9909 1.9429 1.8999 1.8741 1.8757 1.9022 1.9193 1.9203 1.9448 1.9524 1.9524 1.9597 1.9874 2.0023 2.0112 2.0132 2.0242
0.0100 0.0101 0.0537 0.0994 0.0736 0.0875 0.1228 0.2933 0.4779 0.6035 0.7335 0.8867 1.0232 1.2496 2.0480 2.6869 3.1574 3.5323 3.8409 4.0986 4.3147 4.4953 4.6447 4.7658 4.8607 4.9310 4.9778 5.0015 5.0028 4.9814 4.9372 4.8695 4.7772 4.6590 4.5128 4.3357 4.1237 3.9124 3.7820 3.5872 3.3906 3.2244 3.0622 2.9129 2.7885 2.6711 2.5618 2.4629 2.3730 2.2914 2.2167 2.1502 2.0887 2.0328 1.9821 1.9360 1.8942 1.8567 1.8450 1.8509 1.8641 1.8838 1.8949 1.9100 1.9301 1.9634 1.9751 1.9781 1.9860 1.9959 2.0130
0.0100 0.0100 0.0122 0.0843 0.0703 0.0782 0.1013 0.2625 0.4513 0.5831 0.7053 0.8363 0.9966 1.2330 1.9589 2.6277 3.1110 3.4937 3.8077 4.0694 4.2886 4.4717 4.6231 4.7458 4.8421 4.9136 4.9613 4.9859 4.9878 4.9670 4.9232 4.8558 4.7638 4.6456 4.4992 4.3217 4.1090 3.8924 3.7403 3.5501 3.3612 3.1801 3.0176 2.8709 2.7426 2.6239 2.5161 2.4195 2.3328 2.2534 2.1818 2.1164 2.0583 2.0053 1.9564 1.9115 1.8721 1.8369 1.8043 1.7847 1.7947 1.7993 1.8214 1.8498 1.8674 1.8754 1.8888 1.9034 1.9142 1.9407 1.9364
0.0100 0.0100 0.0102 0.0326 0.0555 0.0792 0.0990 0.2360 0.4088 0.5480 0.6760 0.8033 0.9594 1.1801 1.7947 2.5250 3.0321 3.4286 3.7519 4.0204 4.2449 4.4322 4.5870 4.7126 4.8114 4.8849 4.9343 4.9604 4.9636 4.9438 4.9008 4.8339 4.7422 4.6242 4.4776 4.2996 4.0859 3.8541 3.6790 3.4799 3.2897 3.1120 2.9512 2.8033 2.6707 2.5547 2.4518 2.3597 2.2776 2.2037 2.1367 2.0757 2.0201 1.9694 1.9227 1.8791 1.8389 1.8030 1.7716 1.7734 1.7743 1.7734 1.7836 1.7948 1.8052 1.8134 1.8220 1.8302 1.8394 1.8453 1.8517
0.0100 0.0100 0.0100 0.0124 0.0157 0.0701 0.0988 0.1904 0.3573 0.5097 0.6378 0.7620 0.9112 1.1187 1.4926 2.3692 2.9156 3.3337 3.6711 3.9498 4.1821 4.3756 4.5355 4.6653 4.7676 4.8440 4.8960 4.9242 4.9291 4.9108 4.8690 4.8031 4.7119 4.5941 4.4474 4.2687 4.0536 3.7985 3.6055 3.3919 3.1866 3.0127 2.8505 2.7056 2.5790 2.4694 2.3731 2.2872 2.2104 2.1411 2.0778 2.0197 1.9666 1.9180 1.8733 1.8321 1.7957 1.7642 1.7361 1.7208 1.7250 1.7311 1.7413 1.7526 1.7604 1.7663 1.7711 1.7753 1.7801 1.7922 1.8123
0.0100 0.0100 0.0100 0.0117 0.0142 0.0462 0.0687 0.1281 0.3025 0.4594 0.5891 0.7122 0.8522 1.0429 1.3352 2.1391 2.7528 3.2036 3.5616 3.8548 4.0980 4.3000 4.4668 4.6023 4.7093 4.7897 4.8451 4.8762 4.8835 4.8672 4.8270 4.7622 4.6718 4.5543 4.4074 4.2278 4.0110 3.7502 3.5106 3.2875 3.0678 2.8789 2.7235 2.5902 2.4742 2.3725 2.2827 2.2027 2.1306 2.0648 2.0046 1.9497 1.8996 1.8542 1.8142 1.7793 1.7480 1.7198 1.6934 1.6846 1.6934 1.7012 1.7063 1.7107 1.7153 1.7199 1.7233 1.7260 1.7291 1.7310 1.7321
0.0100 0.0100 0.0100 0.0112 0.0140 0.0196 0.0533 0.1011 0.2342 0.3758 0.5264 0.6571 0.7904 0.9593 1.2003 1.7714 2.5272 3.0295 3.4175 3.7309 3.9890 4.2025 4.3784 4.5214 4.6346 4.7203 4.7800 4.8148 4.8252 4.8114 4.7732 4.7100 4.6206 4.5034 4.3562 4.1754 3.9563 3.6915 3.4023 3.1594 2.9144 2.7247 2.5780 2.4585 2.3542 2.2613 2.1790 2.1044 2.0363 1.9746 1.9194 1.8707 1.8278 1.7890 1.7535 1.7213 1.6921 1.6648 1.6379 1.6385 1.6508 1.6638 1.6766 1.6870 1.6957 1.7022 1.7049 1.7071 1.7099 1.7106 1.7112
0.0100 0.0100 0.0100 0.0109 0.0140 0.0170 0.0392 0.0601 0.1686 0.3111 0.4469 0.5927 0.7255 0.8693 1.0717 1.3689 2.2024 2.7962 3.2296 3.5718 3.8502 4.0790 4.2670 4.4196 4.5408 4.6332 4.6985 4.7379 4.7522 4.7416 4.7059 4.6445 4.5563 4.4395 4.2918 4.1094 3.8872 3.6172 3.2862 2.9980 2.7435 2.5596 2.4247 2.3147 2.2190 2.1345 2.0587 1.9908 1.9305 1.8779 1.8312 1.7892 1.7506 1.7148 1.6816 1.6509 1.6227 1.5951 1.5633 1.5721 1.5861 1.6010 1.6146 1.6293 1.6422 1.6531 1.6651 1.6680 1.6655 1.6637 1.6603
0.0100 0.0100 0.0100 0.0107 0.0136 0.0169 0.0194 0.0569 0.0885 0.2457 0.3668 0.5149 0.6480 0.7768 0.9355 1.1685 1.5519 2.4720 2.9819 3.3671 3.6741 3.9237 4.1276 4.2929 4.4244 4.5252 4.5975 4.6428 4.6619 4.6552 4.6226 4.5634 4.4765 4.3601 4.2116 4.0270 3.8007 3.5234 3.1802 2.8147 2.5563 2.3861 2.2620 2.1587 2.0697 1.9928 1.9244 1.8699 1.8210 1.7763 1.7350 1.6962 1.6598 1.6254 1.5938 1.5651 1.5365 1.5039 1.4851 1.4927 1.5092 1.5230 1.5337 1.5460 1.5560 1.5717 1.5865 1.5960 1.5994 1.5961 1.5860
0.0100 0.0100 0.0100 0.0104 0.0130 0.0161 0.0187 0.0442 0.0744 0.1369 0.2852 0.4322 0.5686 0.6898 0.8186 0.9935 1.2639 1.9462 2.6422 3.0990 3.4488 3.7278 3.9534 4.1355 4.2803 4.3919 4.4731 4.5257 4.5508 4.5488 4.5199 4.4633 4.3779 4.2618 4.1121 3.9244 3.6923 3.4051 3.0446 2.6035 2.3570 2.2092 2.0897 1.9919 1.9099 1.8404 1.7932 1.7495 1.7070 1.6661 1.6270 1.5905 1.5562 1.5229 1.4922 1.4621 1.4321 1.4165 1.4161 1.4285 1.4396 1.4516 1.4655 1.4803 1.4905 1.4976 1.5000 1.4991 1.4904 1.4788 1.4661
0.0100 0.0100 0.0100 0.0100 0.0121 0.0152 0.0182 0.0242 0.0856 0.0692 0.1567 0.3150 0.4681 0.5996 0.7230 0.8525 1.0377 1.3446 2.1063 2.7311 3.1534 3.4769 3.7334 3.9385 4.1011 4.2269 4.3195 4.3813 4.4139 4.4179 4.3934 4.3399 4.2561 4.1400 3.9883 3.7962 3.5558 3.2544 2.8679 2.3574 2.1582 2.0209 1.9078 1.8181 1.7454 1.6857 1.6416 1.6038 1.5665 1.5314 1.4985 1.4671 1.4366 1.4067 1.3748 1.3574 1.3502 1.3512 1.3580 1.3701 1.3870 1.4072 1.4203 1.4280 1.4311 1.4292 1.4201 1.4049 1.3869 1.3697 1.3520
0.0100 0.0100 0.0100 0.0100 0.0114 0.0145 0.0180 0.0208 0.0625 0.0697 0.0616 0.1663 0.3270 0.4831 0.6122 0.7372 0.8653 1.0564 1.3727 2.1335 2.7420 3.1444 3.4495 3.6882 3.8758 4.0208 4.1285 4.2024 4.2444 4.2558 4.2368 4.1869 4.1048 3.9882 3.8334 3.6345 3.3818 3.0586 2.6291 2.1457 1.9502 1.8205 1.7212 1.6428 1.5799 1.5253 1.4772 1.4416 1.4146 1.3899 1.3646 1.3399 1.3063 1.2849 1.2772 1.2767 1.2811 1.2876 1.3074 1.3286 1.3434 1.3514 1.3533 1.3471 1.3314 1.3140 1.3048 1.2913 1.2737 1.2491 1.2181
0.0100 0.0100 0.0100 0.0100 0.0110 0.0140 0.0173 0.0204 0.0288 0.0843 0.0585 0.0606 0.1737 0.3390 0.4889 0.6201 0.7421 0.8744 1.0625 1.3460 1.7982 2.6657 3.0649 3.3597 3.5855 3.7584 3.8873 3.9774 4.0321 4.0531 4.0409 3.9953 3.9148 3.7967 3.6365 3.4267 3.1544 2.7940 2.2756 1.8812 1.7277 1.6200 1.5365 1.4700 1.4170 1.3680 1.3221 1.2873 1.2644 1.2439 1.2180 1.1938 1.1866 1.1869 1.1890 1.1923 1.2069 1.2260 1.2392 1.2390 1.2376 1.2313 1.2212 1.2073 1.1936 1.1782 1.1514 1.1162 1.0899 1.0760 1.0590
0.0232 0.0100 0.0100 0.0100 0.0105 0.0131 0.0163 0.0195 0.0222 0.0561 0.0660 0.0563 0.0530 0.1804 0.3550 0.4944 0.6116 0.7342 0.8736 1.0535 1.2838 1.6318 2.4674 2.8958 3.1926 3.4117 3.5733 3.6875 3.7601 3.7941 3.7909 3.7504 3.6710 3.5494 3.3795 3.1509 2.8419 2.4000 1.7841 1.6262 1.5124 1.4253 1.3581 1.3059 1.2600 1.2190 1.1828 1.1514 1.1168 1.0866 1.0762 1.0880 1.1000 1.1083 1.1130 1.1140 1.1168 1.1172 1.1144 1.1095 1.0991 1.0788 1.0670 1.0595 1.0525 1.0415 1.0320 1.0200 1.0112 0.9999 0.9815
0.0444 0.0100 0.0100 0.0100 0.0100 0.0120 0.0152 0.0185 0.0214 0.0238 0.0392 0.0600 0.0535 0.0663 0.1545 0.3224 0.4651 0.5812 0.7257 0.8634 1.0085 1.1597 1.3806 1.8287 2.5834 2.9136 3.1387 3.2947 3.3962 3.4517 3.4597 3.4255 3.3458 3.2157 3.0256 2.7553 1.9387 1.6730 1.5044 1.3909 1.3077 1.2456 1.1946 1.1515 1.1169 1.0835 1.0530 1.0157 0.9898 1.0017 1.0084 1.0130 1.0147 1.0191 1.0263 1.0438 1.0438 1.0402 1.0302 1.0174 1.0040 0.9926 0.9824 0.9706 0.9577 0.9431 0.9312 0.9046 0.8709 0.8374 0.8097
0.0590 0.0100 0.0100 0.0100 0.0100 0.0112 0.0143 0.0175 0.0204 0.0229 0.0249 0.0258 0.0384 0.0529 0.0716 0.0987 0.2618 0.4128 0.5685 0.6946 0.8258 0.9377 1.0485 1.1779 1.3776 1.6173 2.0015 2.6871 2.8570 2.9513 2.9837 2.9581 2.8720 2.7153 2.0100 1.6547 1.4609 1.3373 1.2477 1.1813 1.1293 1.0844 1.0438 1.0071 0.9746 0.9438 0.9086 0.9120 0.9217 0.9350 0.9460 0.9550 0.9624 0.9653 0.9728 0.9847 0.9812 0.9731 0.9612 0.9474 0.9342 0.9186 0.8977 0.8738 0.8437 0.8140 0.7869 0.7625 0.7302 0.6948 0.6471
0.0669 0.0100 0.0100 0.0100 0.0100 0.0104 0.0131 0.0163 0.0194 0.0219 0.0241 0.0254 0.0258 0.0258 0.0542 0.0639 0.0685 0.2037 0.3317 0.4750 0.6299 0.7432 0.8305 0.9182 1.0268 1.1462 1.2431 1.3511 1.4322 1.5224 1.6352 1.5757 1.4718 1.3813 1.3419 1.2675 1.1933 1.1241 1.0706 1.0202 0.9761 0.9349 0.8976 0.8685 0.8346 0.8273 0.8363 0.8516 0.8662 0.8788 0.8898 0.8999 0.9089 0.9138 0.9212 0.9188 0.9129 0.9012 0.8870 0.8671 0.8366 0.8019 0.7672 0.7420 0.7097 0.6716 0.6330 0.6042 0.5849 0.5669 0.5528
0.0667 0.0100 0.0100 0.0100 0.0100 0.0100 0.0119 0.0151 0.0182 0.0209 0.0231 0.0248 0.0255 0.0256 0.0256 0.0601 0.0555 0.0737 0.1096 0.2516 0.3868 0.5177 0.6147 0.7025 0.7987 0.9027 0.9903 1.0524 1.0799 1.0908 1.1053 1.0853 1.0656 1.1136 1.1170 1.0463 0.9871 0.9354 0.8918 0.8544 0.8202 0.7878 0.7576 0.7338 0.7412 0.7489 0.7618 0.7801 0.7962 0.8108 0.8245 0.8374 0.8423 0.8466 0.8403 0.8261 0.8102 0.7918 0.7646 0.7375 0.7007 0.6547 0.6067 0.5634 0.5336 0.5092 0.4756 0.4550 0.4191 0.3868 0.3623
0.0593 0.0333 0.0100 0.0100 0.0100 0.0100 0.0111 0.0139 0.0170 0.0198 0.0221 0.0240 0.0252 0.0254 0.0254 0.0461 0.0409 0.0394 0.0539 0.0897 0.2083 0.3192 0.4225 0.5133 0.5962 0.6689 0.7346 0.7667 0.8575 0.8448 0.8751 0.8876 0.8888 0.8876 0.8931 0.8721 0.8372 0.8005 0.7622 0.7241 0.6832 0.6490 0.6374 0.6464 0.6596 0.6743 0.6950 0.7140 0.7305 0.7433 0.7545 0.7584 0.7471 0.7318 0.7112 0.6894 0.6594 0.6207 0.5724 0.5248 0.4909 0.4605 0.4304 0.3985 0.3713 0.3598 0.3439 0.3135 0.2851 0.2510 0.2203
0.0515 0.0432 0.0100 0.0100 0.0100 0.0100 0.0101 0.0124 0.0156 0.0185 0.0210 0.0231 0.0246 0.0252 0.0252 0.0289 0.0400 0.0362 0.0467 0.0408 0.0593 0.1398 0.2553 0.3016 0.4136 0.4788 0.5186 0.5609 0.5874 0.5850 0.6309 0.6864 0.7229 0.7671 0.7831 0.7419 0.6891 0.6493 0.6076 0.5532 0.5632 0.5756 0.5848 0.5909 0.5908 0.6040 0.6268 0.6447 0.6525 0.6538 0.6459 0.6257 0.5980 0.5684 0.5363 0.5029 0.4633 0.4197 0.3809 0.3485 0.3297 0.3193 0.3052 0.2801 0.2417 0.1976 0.1528 0.1092 0.0727 0.0703 0.0692
0.0555 0.0383 0.0200 0.0100 0.0100 0.0100 0.0100 0.0113 0.0142 0.0172 0.0198 0.0220 0.0238 0.0248 0.0250 0.0250 0.0319 0.0502 0.0298 0.0407 0.0362 0.0333 0.0682 0.1613 0.2380 0.2751 0.3147 0.3390 0.3554 0.4152 0.4376 0.4738 0.5357 0.5613 0.5687 0.5497 0.5060 0.4791 0.4429 0.4250 0.4327 0.4444 0.4730 0.5031 0.5212 0.5330 0.5361 0.5307 0.5127 0.4868 0.4565 0.4260 0.3959 0.3659 0.3377 0.3080 0.2741 0.2305 0.1853 0.1358 0.0965 0.0843 0.0798 0.0751 0.0737 0.0659 0.0639 0.0642 0.0641 0.0636 0.0750
0.0631 0.0236 0.0267 0.0100 0.0100 0.0100 0.0100 0.0101 0.0126 0.0157 0.0185 0.0209 0.0229 0.0242 0.0247 0.0247 0.0247 0.0246 0.0246 0.0246 0.0278 0.0329 0.0426 0.0321 0.0472 0.1079 0.1262 0.1515 0.2064 0.2182 0.2300 0.2584 0.3212 0.3428 0.3353 0.3400 0.3405 0.3537 0.2686 0.2460 0.2924 0.2888 0.2560 0.2179 0.1744 0.1311 0.0941 0.0741 0.0614 0.0548 0.0499 0.0460 0.0435 0.0392 0.0327 0.0274 0.0275 0.0254 0.0305 0.0366 0.0356 0.0378 0.0339 0.0339 0.0420 0.0404 0.0521 0.0580 0.0559 0.0596 0.0629
0.0673 0.0100 0.0196 0.0162 0.0100 0.0100 0.0100 0.0100 0.0114 0.0142 0.0171 0.0197 0.0218 0.0235 0.0243 0.0245 0.0245 0.0244 0.0244 0.0244 0.0290 0.0443 0.0249 0.0304 0.0394 0.0374 0.0486 0.0511 0.0574 0.0666 0.0571 0.0955 0.1135 0.0708 0.0614 0.0553 0.0823 0.0759 0.1368 0.1795 0.2160 0.2156 0.1900 0.1479 0.1087 0.0764 0.0488 0.0390 0.0320 0.0280 0.0263 0.0246 0.0244 0.0243 0.0243 0.0243 0.0243 0.0243 0.0243 0.0243 0.0243 0.0243 0.0243 0.0243 0.0243 0.0243 0.0243 0.0244 0.0244 0.0244 0.0244
0.0725 0.0171 0.0102 0.0224 0.0100 0.0100 0.0100 0.0100 0.0101 0.0126 0.0156 0.0183 0.0206 0.0224 0.0238 0.0242 0.0243 0.0243 0.0242 0.0242 0.0242 0.0242 0.0242 0.0357 0.0348 0.0320 0.0348 0.0393 0.0361 0.0555 0.0624 0.0656 0.0727 0.0698 0.0600 0.0656 0.1070 0.0850 0.1337 0.1093 0.0928 0.0900 0.0849 0.0799 0.0671 0.0499 0.0345 0.0265 0.0250 0.0244 0.0242 0.0242 0.0242 0.0242 0.0242 0.0242 0.0242 0.0242 0.0242 0.0242 0.0242 0.0242 0.0242 0.0242 0.0242 0.0242 0.0242 0.0242 0.0242 0.0242 0.0242
0.0632 0.0359 0.0100 0.0104 0.0126 0.0100 0.0100 0.0100 0.0100 0.0113 0.0140 0.0168 0.0192 0.0212 0.0229 0.0238 0.0240 0.0240 0.0240 0.0240 0.0240 0.0240 0.0240 0.0240 0.0283 0.0417 0.0444 0.0614 0.0593 0.0576 0.0574 0.0636 0.0608 0.0457 0.0556 0.0460 0.0575 0.1155 0.1275 0.1173 0.1017 0.0849 0.0662 0.0420 0.0304 0.0256 0.0252 0.0245 0.0240 0.0240 0.0240 0.0240 0.0240 0.0240 0.0240 0.0240 0.0240 0.0240 0.0240 0.0240 0.0240 0.0240 0.0240 0.0240 0.0240 0.0240 0.0240 0.0240 0.0240 0.0240 0.0240
0.0504 0.0373 0.0100 0.0100 0.0171 0.0100 0.0100 0.0100 0.0100 0.0100 0.0123 0.0152 0.0178 0.0200 0.0218 0.0230 0.0234 0.0234 0.0234 0.0235 0.0236 0.0237 0.0238 0.0238 0.0259 0.0379 0.0481 0.0484 0.0538 0.0587 0.0500 0.0457 0.0349 0.0490 0.0734 0.0836 0.1245 0.1190 0.1062 0.0909 0.0738 0.0548 0.0373 0.0260 0.0242 0.0239 0.0237 0.0237 0.0237 0.0238 0.0238 0.0238 0.0238 0.0238 0.0238 0.0238 0.0238 0.0238 0.0238 0.0238 0.0238 0.0238 0.0238 0.0238 0.0238 0.0238 0.0238 0.0238 0.0238 0.0238 0.0238
0.0592 0.0193 0.0229 0.0109 0.0102 0.0144 0.0100 0.0100 0.0100 0.0100 0.0109 0.0135 0.0162 0.0186 0.0205 0.0215 0.0220 0.0221 0.0222 0.0224 0.0227 0.0229 0.0231 0.0231 0.0231 0.0435 0.0328 0.0480 0.0728 0.0606 0.0495 0.0557 0.0598 0.0790 0.1169 0.0992 0.0736 0.0523 0.0345 0.0254 0.0236 0.0237 0.0236 0.0232 0.0229 0.0229 0.0230 0.0231 0.0231 0.0231 0.0231 0.0231 0.0231 0.0231 0.0231 0.0231 0.0231 0.0231 0.0231 0.0231 0.0231 0.0231 0.0231 0.0231 0.0231 0.0231 0.0231 0.0231 0.0231 0.0231 0.0231
0.0618 0.0100 0.0163 0.0210 0.0100 0.0139 0.0131 0.0100 0.0100 0.0100 0.0100 0.0119 0.0145 0.0170 0.0189 0.0193 0.0196 0.0198 0.0200 0.0204 0.0210 0.0213 0.0214 0.0214 0.0214 0.0214 0.0289 0.0612 0.0487 0.0329 0.0372 0.0524 0.0665 0.0409 0.0273 0.0225 0.0223 0.0221 0.0220 0.0215 0.0211 0.0211 0.0212 0.0214 0.0214 0.0214 0.0214 0.0214 0.0214 0.0214 0.0214 0.0214 0.0214 0.0214 0.0214 0.0214 0.0214 0.0214 0.0214 0.0214 0.0214 0.0214 0.0214 0.0214 0.0214 0.0214 0.0214 0.0214 0.0214 0.0214 0.0214
0.0458 0.0100 0.0100 0.0162 0.0100 0.0100 0.0138 0.0100 0.0100 0.0100 0.0100 0.0102 0.0127 0.0152 0.0164 0.0173 0.0169 0.0175 0.0171 0.0178 0.0184 0.0186 0.0186 0.0186 0.0186 0.0186 0.0431 0.0235 0.0200 0.0330 0.0360 0.0356 0.0234 0.0205 0.0192 0.0184 0.0182 0.0184 0.0186 0.0186 0.0186 0.0186 0.0186 0.0186 0.0186 0.0186 0.0186 0.0186 0.0186 0.0186 0.0186 0.0186 0.0186 0.0186 0.0186 0.0186 0.0186 0.0186 0.0186 0.0186 0.0186 0.0186 0.0186 0.0186 0.0186 0.0186 0.0186 0.0186 0.0186 0.0186 0.0186
0.0325 0.0107 0.0100 0.0100 0.0111 0.0100 0.0100 0.0100 0.0100 0.0100 0.0100 0.0100 0.0111 0.0128 0.0144 0.0145 0.0140 0.0144 0.0142 0.0150 0.0152 0.0152 0.0152 0.0152 0.0153 0.0152 0.0147 0.0142 0.0146 0.0149 0.0268 0.0170 0.0154 0.0150 0.0151 0.0153 0.0152 0.0152 0.0152 0.0152 0.0152 0.0152 0.0152 0.0152 0.0152 0.0152 0.0152 0.0152 0.0152 0.0152 0.0152 0.0152 0.0152 0.0152 0.0152 0.0152 0.0152 0.0152 0.0152 0.0152 0.0152 0.0152 0.0152 0.0152 0.0152 0.0152 0.0152 0.0152 0.0152 0.0152 0.0152
0.0366 0.0101 0.0151 0.0100 0.0101 0.0159 0.0100 0.0100 0.0100 0.0100 0.0100 0.0100 0.0100 0.0108 0.0111 0.0112 0.0114 0.0115 0.0116 0.0116 0.0116 0.0116 0.0116 0.0116 0.0116 0.0116 0.0116 0.0116 0.0116 0.0116 0.0115 0.0116 0.0116 0.0116 0.0116 0.0116 0.0116 0.0116 0.0116 0.0116 0.0116 0.0116 0.0116 0.0116 0.0116 0.0116 0.0116 0.0116 0.0116 0.0116 0.0116 0.0116 0.0116 0.0116 0.0116 0.0116 0.0116 0.0117 0.0116 0.0116 0.0116 0.0116 0.0116 0.0116 0.0116 0.0116 0.0116 0.0116 0.0116 0.0116 0.0116
