tests/data/gray99/lave2D/projects.hma
ncols                  235
 nrows                   67
 xllcorner       0.1282000    
 yllcorner       0.1282000    
 cellsize        0.2564000    
 NODATA_value        -99999
[rows 32 to 63 of 67, columns 71 to 141 of 235]
2.0133 2.0281 2.0438 2.0416 2.0479 2.0541 2.0721 2.0869 2.0989 2.1085 2.1108 2.1142 2.1263 2.1429 2.1641 2.1868 2.2055 2.2170 2.2256 2.2319 2.2344 2.2384 2.2584 2.2764 2.2926 2.2996 2.3028 2.3022 2.2975 2.2908 2.2800 2.2653 2.2486 2.2316 2.2147 2.1917 2.1605 2.1382 2.1187 2.1007 2.0807 2.0676 2.0827 2.0980 2.1078 2.1171 2.1242 2.1281 2.1313 2.1384 2.1474 2.1559 2.1641 2.1726 2.1796 2.1848 2.1886 2.1881 2.1858 2.1836 2.1810 2.1773 2.1720 2.1659 2.1591 2.1485 2.1373 2.1247 2.1105 2.0961 2.0753
2.0334 2.0414 2.0597 2.0783 2.0829 2.0969 2.1055 2.1091 2.1185 2.1312 2.1402 2.1484 2.1553 2.1610 2.1690 2.1827 2.1959 2.2195 2.2376 2.2546 2.2708 2.2799 2.2983 2.3136 2.3194 2.3229 2.3266 2.3253 2.3212 2.3123 2.3005 2.2851 2.2681 2.2498 2.2305 2.2103 2.1890 2.1663 2.1426 2.1156 2.0865 2.0596 2.0833 2.0879 2.0952 2.1151 2.1133 2.1175 2.1235 2.1268 2.1298 2.1340 2.1384 2.1439 2.1475 2.1501 2.1515 2.1558 2.1614 2.1670 2.1693 2.1727 2.1728 2.1684 2.1611 2.1510 2.1392 2.1259 2.1103 2.0923 2.0727
2.0125 2.0140 2.0350 2.0570 2.0697 2.0756 2.0840 2.0937 2.0985 2.0971 2.1082 2.1078 2.1240 2.1405 2.1627 2.1754 2.1841 2.1899 2.1968 2.2208 2.2513 2.2709 2.2931 2.3068 2.3184 2.3248 2.3279 2.3275 2.3219 2.3117 2.2984 2.2825 2.2641 2.2444 2.2243 2.2033 2.1808 2.1573 2.1332 2.1089 2.0811 2.0628 2.0736 2.0872 2.0970 2.1042 2.1126 2.1204 2.1272 2.1329 2.1383 2.1421 2.1478 2.1494 2.1514 2.1512 2.1499 2.1465 2.1454 2.1462 2.1437 2.1409 2.1366 2.1294 2.1200 2.1079 2.0939 2.0786 2.0628 2.0453 2.0272
1.9465 1.9642 1.9605 1.9660 1.9768 1.9832 1.9959 2.0056 2.0161 2.0377 2.0544 2.0541 2.0772 2.0864 2.0947 2.1075 2.1192 2.1284 2.1333 2.1456 2.1605 2.1782 2.1913 2.2030 2.2121 2.2200 2.2231 2.2223 2.2179 2.2103 2.2001 2.1877 2.1725 2.1571 2.1404 2.1229 2.1056 2.0881 2.0695 2.0369 2.0167 2.0254 2.0322 2.0400 2.0474 2.0532 2.0607 2.0671 2.0719 2.0766 2.0819 2.0870 2.0922 2.0930 2.0925 2.0889 2.0816 2.0702 2.0626 2.0555 2.0467 2.0362 2.0235 2.0096 1.9969 1.9856 1.9764 1.9667 1.9557 1.9421 1.9271
1.8556 1.8612 1.8642 1.8669 1.8696 1.8718 1.8735 1.8747 1.8850 1.8959 1.9063 1.9294 1.9517 1.9621 1.9714 1.9809 1.9902 1.9990 2.0097 2.0196 2.0256 2.0295 2.0330 2.0367 2.0401 2.0413 2.0406 2.0388 2.0352 2.0224 2.0183 2.0139 2.0113 2.0069 2.0015 1.9942 1.9829 1.9690 1.9544 1.9658 1.9803 1.9941 2.0073 2.0207 2.0335 2.0442 2.0537 2.0617 2.0697 2.0779 2.0870 2.0957 2.1021 2.1046 2.1030 2.0961 2.0837 2.0670 2.0459 2.0219 1.9962 1.9704 1.9452 1.9213 1.8983 1.8758 1.8533 1.8304 1.8079 1.7946 1.7820
1.8305 1.8437 1.8533 1.8623 1.8702 1.8773 1.8828 1.8852 1.8861 1.8867 1.8857 1.8835 1.8791 1.8717 1.8642 1.8546 1.8436 1.8326 1.8245 1.8310 1.8378 1.8447 1.8524 1.8583 1.8617 1.8615 1.8583 1.8546 1.8430 1.8093 1.7751 1.7822 1.7946 1.8073 1.8171 1.8235 1.8463 1.8772 1.8954 1.9060 1.9130 1.9189 1.9245 1.9298 1.9345 1.9387 1.9423 1.9460 1.9498 1.9546 1.9613 1.9690 1.9754 1.9786 1.9781 1.9732 1.9642 1.9508 1.9334 1.9127 1.8894 1.8646 1.8392 1.8136 1.7891 1.7659 1.7440 1.7234 1.7037 1.6850 1.6672
1.7334 1.7333 1.7408 1.7512 1.7630 1.7768 1.7913 1.8052 1.8199 1.8346 1.8471 1.8569 1.8632 1.8638 1.8611 1.8553 1.8469 1.8359 1.8233 1.8092 1.7941 1.7775 1.7597 1.7409 1.7223 1.7046 1.6873 1.6730 1.6701 1.6831 1.7154 1.7595 1.7857 1.7927 1.7916 1.8015 1.8070 1.8169 1.8231 1.8245 1.8230 1.8199 1.8154 1.8098 1.8042 1.7992 1.7948 1.7897 1.7807 1.7702 1.7604 1.7520 1.7430 1.7328 1.7204 1.7177 1.7184 1.7161 1.7125 1.7071 1.6990 1.6880 1.6743 1.6632 1.6505 1.6203 1.5962 1.5728 1.5488 1.5244 1.5006
1.7093 1.7055 1.6999 1.6917 1.6814 1.6689 1.6543 1.6448 1.6359 1.6255 1.6165 1.6213 1.6255 1.6322 1.6396 1.6477 1.6554 1.6624 1.6678 1.6703 1.6683 1.6610 1.6496 1.6359 1.6227 1.6128 1.6017 1.5884 1.6141 1.6762 1.7248 1.7582 1.7745 1.7844 1.7869 1.7875 1.7865 1.7824 1.7716 1.7555 1.7354 1.7146 1.6951 1.6803 1.6691 1.6542 1.6341 1.6104 1.6025 1.5997 1.6008 1.6013 1.5982 1.5927 1.5851 1.5747 1.5603 1.5481 1.5557 1.5588 1.5531 1.5477 1.5392 1.5252 1.4997 1.4369 1.3909 1.3679 1.3449 1.3224 1.3012
1.6555 1.6459 1.6328 1.6166 1.5981 1.5816 1.5683 1.5547 1.5397 1.5222 1.5033 1.4872 1.4711 1.4554 1.4394 1.4245 1.4335 1.4470 1.4630 1.4801 1.4975 1.5137 1.5277 1.5384 1.5458 1.5484 1.5453 1.5357 1.6099 1.6578 1.6938 1.7180 1.7311 1.7373 1.7386 1.7411 1.7443 1.7435 1.7349 1.7143 1.6832 1.6459 1.6026 1.5584 1.5251 1.4934 1.4590 1.4321 1.4271 1.4183 1.4062 1.3918 1.3748 1.3556 1.3342 1.3312 1.3438 1.3517 1.3554 1.3553 1.3513 1.3434 1.3323 1.3196 1.3026 1.2853 1.2663 1.2458 1.2238 1.2010 1.1784
1.5697 1.5511 1.5317 1.5108 1.4936 1.4820 1.4684 1.4522 1.4337 1.4145 1.3953 1.3748 1.3527 1.3282 1.3013 1.2727 1.2445 1.2509 1.2640 1.2823 1.3049 1.3305 1.3576 1.3853 1.4128 1.4365 1.4584 1.4740 1.4782 1.4771 1.5210 1.5521 1.5763 1.5959 1.6237 1.6558 1.6684 1.6699 1.6636 1.6517 1.6325 1.6046 1.5653 1.5163 1.4641 1.4090 1.3502 1.2871 1.2315 1.2103 1.1868 1.1624 1.1368 1.1094 1.0805 1.0513 1.0227 1.0059 1.0334 1.0550 1.0713 1.0842 1.0945 1.1039 1.1100 1.1132 1.1133 1.1102 1.1040 1.0954 1.0843
1.4565 1.4507 1.4413 1.4284 1.4129 1.3953 1.3761 1.3538 1.3274 1.2994 1.2674 1.2378 1.2051 1.1721 1.1512 1.1557 1.1631 1.1721 1.1820 1.1906 1.1963 1.2010 1.2041 1.2067 1.2172 1.2477 1.2751 1.2953 1.2712 1.2894 1.3044 1.3157 1.3457 1.3951 1.4429 1.4873 1.5194 1.5357 1.5383 1.5291 1.5103 1.4826 1.4510 1.4147 1.3724 1.3249 1.2653 1.2092 1.1793 1.1459 1.1105 1.0746 1.0397 1.0026 0.9653 0.9285 0.8929 0.8585 0.8257 0.8085 0.8404 0.8546 0.8720 0.8868 0.8997 0.9112 0.9209 0.9302 0.9379 0.9433 0.9459
1.3323 1.3148 1.2933 1.2750 1.2650 1.2514 1.2354 1.2173 1.1976 1.1765 1.1521 1.1232 1.0881 1.0453 1.0445 1.0604 1.0780 1.0970 1.1181 1.1381 1.1530 1.1640 1.1717 1.1771 1.1792 1.1780 1.1749 1.1708 1.1650 1.1563 1.1450 1.1340 1.1197 1.1391 1.1767 1.2168 1.2557 1.2902 1.3179 1.3352 1.3416 1.3397 1.3317 1.3099 1.2767 1.2427 1.2068 1.1643 1.1067 1.0451 0.9861 0.9384 0.8919 0.8591 0.8313 0.7988 0.7635 0.7304 0.7046 0.6857 0.6635 0.6873 0.7109 0.7315 0.7518 0.7703 0.7881 0.8044 0.8173 0.8285 0.8343
1.1936 1.1661 1.1356 1.1037 1.0751 1.0611 1.0539 1.0488 1.0467 1.0448 1.0410 1.0336 1.0192 0.9944 0.9608 0.9243 0.8890 0.9015 0.9252 0.9464 0.9578 0.9683 0.9761 0.9784 0.9752 0.9673 0.9556 0.9428 0.9301 0.9198 0.9100 0.8998 0.8885 0.9035 0.9123 0.9137 0.9372 0.9636 0.9961 1.0304 1.0600 1.0796 1.0923 1.0984 1.1015 1.1192 1.1200 1.1130 1.0940 1.0672 1.0345 0.9966 0.9916 0.9421 0.8714 0.8086 0.7554 0.7135 0.6748 0.6404 0.6171 0.6011 0.5796 0.5720 0.5995 0.6336 0.6633 0.6889 0.7053 0.7146 0.7206
1.0348 1.0040 0.9689 0.9370 0.9119 0.8907 0.8742 0.8744 0.8872 0.8911 0.8872 0.8784 0.8810 0.8807 0.8742 0.8592 0.8382 0.8140 0.7884 0.7635 0.7383 0.7158 0.7033 0.6914 0.6856 0.6907 0.6990 0.7136 0.7226 0.7290 0.7403 0.7479 0.7578 0.7593 0.7501 0.7412 0.7275 0.7119 0.6918 0.6889 0.7255 0.7573 0.7801 0.7987 0.8350 0.8613 0.8884 0.9128 0.9193 0.9184 0.9122 0.9163 0.9226 0.8412 0.8016 0.8028 0.7500 0.6873 0.6414 0.6063 0.5826 0.5639 0.5357 0.4736 0.4539 0.4828 0.5186 0.5605 0.5897 0.6092 0.6249
0.9528 0.9152 0.8741 0.8285 0.7823 0.7422 0.7066 0.7048 0.7071 0.6979 0.6746 0.6481 0.6195 0.6143 0.6287 0.6382 0.6428 0.6426 0.6239 0.6114 0.6018 0.5902 0.5733 0.5575 0.5612 0.5834 0.6105 0.6320 0.6470 0.6599 0.6724 0.6752 0.6680 0.7167 0.6461 0.6418 0.5608 0.5307 0.4781 0.4181 0.4246 0.4703 0.5152 0.5613 0.5909 0.6181 0.6462 0.6727 0.6960 0.7128 0.7320 0.7563 0.7515 0.7483 0.7371 0.7059 0.6947 0.6489 0.6078 0.5699 0.4656 0.2348 0.2107 0.2725 0.3163 0.3384 0.3661 0.4098 0.4544 0.4905 0.5228
0.8015 0.7945 0.7743 0.7441 0.7050 0.6633 0.6218 0.5773 0.5319 0.5281 0.4732 0.4228 0.3768 0.3408 0.3302 0.3546 0.3620 0.3711 0.3752 0.3810 0.3869 0.3957 0.3949 0.3881 0.3894 0.3910 0.3916 0.3979 0.4054 0.4076 0.4045 0.3883 0.3497 0.3162 0.3143 0.2753 0.2404 0.1947 0.1747 0.1969 0.1530 0.1752 0.2023 0.2356 0.2725 0.3123 0.3575 0.3983 0.4308 0.4561 0.4776 0.4957 0.5043 0.5271 0.5498 0.5511 0.5083 0.3533 0.2398 0.1928 0.0973 0.1124 0.1162 0.1632 0.2238 0.2462 0.2274 0.2381 0.2993 0.3520 0.3986
0.5993 0.5832 0.5778 0.5684 0.5486 0.5314 0.5014 0.4523 0.4214 0.3629 0.3511 0.3677 0.3419 0.2915 0.2441 0.2124 0.1913 0.1672 0.1429 0.1221 0.1172 0.1148 0.1101 0.1175 0.1103 0.1012 0.0942 0.0898 0.0865 0.0851 0.0888 0.0911 0.0938 0.0776 0.0594 0.0614 0.0714 0.0447 0.0479 0.0460 0.0493 0.0811 0.0690 0.0883 0.1005 0.1259 0.1513 0.1858 0.2155 0.2413 0.2643 0.2827 0.2933 0.3101 0.2664 0.1553 0.1114 0.0586 0.0511 0.0890 0.0879 0.0627 0.0592 0.0972 0.1295 0.1522 0.1725 0.1709 0.1569 0.2122 0.2712
0.5193 0.4776 0.4498 0.4174 0.3792 0.3454 0.3036 0.2967 0.3075 0.2905 0.2882 0.2679 0.2411 0.2122 0.1815 0.1370 0.0647 0.0488 0.0533 0.0586 0.0542 0.0461 0.0453 0.0475 0.0497 0.0520 0.0572 0.0631 0.0657 0.0697 0.0785 0.0821 0.0856 0.0802 0.0696 0.0364 0.0595 0.0454 0.0474 0.0534 0.0554 0.0623 0.0636 0.0691 0.0669 0.0501 0.0584 0.0879 0.1148 0.1218 0.1023 0.0781 0.0569 0.0565 0.0461 0.0414 0.0520 0.0558 0.0490 0.0769 0.0781 0.0520 0.0525 0.0968 0.1095 0.0875 0.1127 0.1329 0.1428 0.1154 0.1603
0.3333 0.3029 0.2781 0.2579 0.2423 0.2162 0.1995 0.1850 0.1571 0.1331 0.1053 0.0871 0.0719 0.0592 0.0474 0.0427 0.0377 0.0344 0.0317 0.0279 0.0340 0.0388 0.0405 0.0471 0.0500 0.0495 0.0504 0.0588 0.0613 0.0636 0.0704 0.0748 0.0753 0.0590 0.0632 0.0367 0.0622 0.0430 0.0508 0.0531 0.0455 0.0609 0.0815 0.0828 0.0392 0.0414 0.0516 0.0598 0.0842 0.0682 0.0470 0.0415 0.0414 0.0530 0.0501 0.0438 0.0501 0.0612 0.0455 0.0649 0.0745 0.0574 0.0500 0.1060 0.0733 0.0443 0.0842 0.0766 0.0959 0.1150 0.0959
0.1913 0.1682 0.1413 0.1125 0.0870 0.0669 0.0730 0.0899 0.1019 0.0921 0.0765 0.0591 0.0475 0.0417 0.0386 0.0358 0.0321 0.0290 0.0272 0.0257 0.0252 0.0392 0.0380 0.0524 0.0599 0.0492 0.0554 0.0488 0.0551 0.0634 0.0599 0.0641 0.0687 0.0637 0.0579 0.0386 0.0491 0.0430 0.0518 0.0520 0.0459 0.0560 0.0525 0.0401 0.0391 0.0423 0.0496 0.0536 0.0701 0.0592 0.0445 0.0442 0.0421 0.0538 0.0563 0.0490 0.0505 0.0663 0.0495 0.0577 0.0730 0.0534 0.0511 0.0849 0.0509 0.0475 0.0525 0.0536 0.0662 0.0672 0.0604
0.0796 0.0800 0.0718 0.0625 0.0672 0.0778 0.0965 0.0902 0.0684 0.0505 0.0521 0.0469 0.0394 0.0360 0.0348 0.0313 0.0264 0.0258 0.0253 0.0251 0.0251 0.0251 0.0397 0.0270 0.0259 0.0388 0.0266 0.0256 0.0254 0.0252 0.0330 0.0266 0.0462 0.0480 0.0459 0.0418 0.0510 0.0496 0.0479 0.0412 0.0395 0.0403 0.0407 0.0408 0.0401 0.0439 0.0508 0.0532 0.0605 0.0572 0.0493 0.0490 0.0437 0.0627 0.0709 0.0612 0.0553 0.0897 0.0737 0.0612 0.0828 0.0660 0.0560 0.0805 0.0524 0.0525 0.0520 0.0534 0.0641 0.0659 0.0551
0.0725 0.0609 0.0556 0.0634 0.0779 0.0810 0.0645 0.0633 0.0620 0.0580 0.0467 0.0351 0.0376 0.0326 0.0262 0.0253 0.0250 0.0249 0.0248 0.0248 0.0249 0.0249 0.0248 0.0248 0.0248 0.0248 0.0248 0.0248 0.0248 0.0248 0.0248 0.0248 0.0248 0.0353 0.0358 0.0393 0.0398 0.0439 0.0434 0.0395 0.0405 0.0416 0.0414 0.0415 0.0411 0.0462 0.0490 0.0521 0.0575 0.0605 0.0650 0.0730 0.0516 0.0705 0.0834 0.0719 0.0655 0.0965 0.0242 0.0235 0.0322 0.0272 0.0296 0.0283 0.0450 0.0492 0.0490 0.0562 0.0662 0.0461 0.0411
0.0646 0.0616 0.0608 0.0652 0.0519 0.0361 0.0285 0.0259 0.0252 0.0248 0.0247 0.0246 0.0246 0.0246 0.0246 0.0246 0.0246 0.0246 0.0246 0.0246 0.0246 0.0246 0.0246 0.0246 0.0246 0.0246 0.0246 0.0246 0.0246 0.0246 0.0246 0.0246 0.0246 0.0399 0.0350 0.0385 0.0423 0.0473 0.0512 0.0477 0.0414 0.0429 0.0424 0.0432 0.0432 0.0440 0.0450 0.0501 0.0661 0.0721 0.0757 0.0808 0.0608 0.0839 0.0826 0.0483 0.0598 0.0231 0.0163 0.0170 0.0193 0.0219 0.0243 0.0266 0.0288 0.0308 0.0332 0.0384 0.0389 0.0406 0.0429
0.0245 0.0245 0.0244 0.0244 0.0244 0.0244 0.0244 0.0243 0.0243 0.0244 0.0244 0.0244 0.0244 0.0244 0.0244 0.0244 0.0244 0.0244 0.0244 0.0244 0.0244 0.0244 0.0244 0.0244 0.0244 0.0244 0.0244 0.0244 0.0244 0.0244 0.0244 0.0244 0.0244 0.0244 0.0485 0.0513 0.0532 0.0527 0.0550 0.0577 0.0523 0.0474 0.0454 0.0464 0.0492 0.0427 0.0458 0.0487 0.0609 0.0780 0.0759 0.0292 0.0314 0.0366 0.0249 0.0231 0.0205 0.0164 0.0140 0.0140 0.0165 0.0195 0.0224 0.0249 0.0273 0.0296 0.0320 0.0345 0.0374 0.0406 0.0440
0.0242 0.0242 0.0242 0.0242 0.0242 0.0242 0.0242 0.0242 0.0242 0.0242 0.0242 0.0242 0.0242 0.0242 0.0242 0.0242 0.0242 0.0242 0.0242 0.0242 0.0242 0.0242 0.0242 0.0242 0.0242 0.0242 0.0242 0.0242 0.0242 0.0242 0.0242 0.0242 0.0242 0.0242 0.0242 0.0364 0.0525 0.0574 0.0595 0.0585 0.0577 0.0542 0.0527 0.0522 0.0508 0.0459 0.0481 0.0638 0.0818 0.0367 0.0247 0.0242 0.0242 0.0242 0.0242 0.0236 0.0215 0.0160 0.0121 0.0116 0.0139 0.0170 0.0202 0.0232 0.0258 0.0283 0.0308 0.0334 0.0364 0.0400 0.0443
0.0240 0.0240 0.0240 0.0240 0.0240 0.0240 0.0240 0.0240 0.0240 0.0240 0.0240 0.0240 0.0240 0.0240 0.0240 0.0240 0.0240 0.0240 0.0240 0.0240 0.0240 0.0240 0.0240 0.0240 0.0240 0.0240 0.0240 0.0240 0.0240 0.0240 0.0240 0.0240 0.0240 0.0240 0.0240 0.0240 0.0240 0.0364 0.0619 0.0645 0.0621 0.0610 0.0561 0.0573 0.0546 0.0562 0.0639 0.0780 0.0356 0.0241 0.0240 0.0240 0.0240 0.0240 0.0240 0.0238 0.0224 0.0179 0.0108 0.0103 0.0117 0.0144 0.0178 0.0212 0.0242 0.0270 0.0296 0.0323 0.0355 0.0393 0.0437
0.0238 0.0238 0.0238 0.0238 0.0238 0.0238 0.0238 0.0238 0.0238 0.0238 0.0238 0.0238 0.0238 0.0238 0.0238 0.0238 0.0238 0.0238 0.0238 0.0238 0.0238 0.0238 0.0238 0.0238 0.0238 0.0238 0.0238 0.0238 0.0238 0.0238 0.0238 0.0238 0.0238 0.0238 0.0238 0.0238 0.0238 0.0238 0.0237 0.0363 0.0382 0.0331 0.0391 0.0346 0.0356 0.0546 0.0617 0.0321 0.0240 0.0238 0.0238 0.0238 0.0238 0.0238 0.0238 0.0237 0.0228 0.0197 0.0120 0.0100 0.0103 0.0121 0.0153 0.0191 0.0226 0.0257 0.0285 0.0314 0.0348 0.0388 0.0429
0.0231 0.0231 0.0231 0.0231 0.0231 0.0231 0.0231 0.0231 0.0231 0.0231 0.0231 0.0231 0.0231 0.0231 0.0231 0.0231 0.0231 0.0231 0.0231 0.0231 0.0231 0.0231 0.0231 0.0231 0.0231 0.0231 0.0231 0.0231 0.0231 0.0231 0.0231 0.0231 0.0231 0.0231 0.0231 0.0231 0.0231 0.0231 0.0231 0.0229 0.0228 0.0227 0.0227 0.0227 0.0228 0.0228 0.0228 0.0228 0.0230 0.0231 0.0231 0.0231 0.0231 0.0231 0.0231 0.0231 0.0226 0.0203 0.0143 0.0100 0.0100 0.0105 0.0128 0.0167 0.0207 0.0245 0.0276 0.0306 0.0342 0.0381 0.0419
0.0214 0.0214 0.0214 0.0214 0.0214 0.0214 0.0214 0.0214 0.0214 0.0214 0.0214 0.0214 0.0214 0.0214 0.0214 0.0214 0.0214 0.0214 0.0214 0.0214 0.0214 0.0214 0.0214 0.0214 0.0214 0.0214 0.0214 0.0214 0.0214 0.0214 0.0214 0.0214 0.0214 0.0214 0.0214 0.0214 0.0214 0.0214 0.0214 0.0214 0.0214 0.0214 0.0214 0.0214 0.0214 0.0214 0.0214 0.0214 0.0214 0.0214 0.0214 0.0214 0.0214 0.0214 0.0214 0.0214 0.0216 0.0202 0.0148 0.0100 0.0100 0.0100 0.0108 0.0141 0.0186 0.0228 0.0268 0.0301 0.0336 0.0369 0.0402
0.0186 0.0186 0.0186 0.0186 0.0186 0.0186 0.0186 0.0186 0.0186 0.0186 0.0186 0.0186 0.0186 0.0186 0.0186 0.0186 0.0186 0.0186 0.0186 0.0186 0.0186 0.0186 0.0186 0.0186 0.0186 0.0186 0.0186 0.0186 0.0186 0.0186 0.0186 0.0186 0.0186 0.0186 0.0186 0.0186 0.0186 0.0186 0.0186 0.0186 0.0186 0.0186 0.0186 0.0186 0.0186 0.0186 0.0186 0.0186 0.0186 0.0186 0.0186 0.0186 0.0186 0.0186 0.0186 0.0186 0.0188 0.0176 0.0140 0.0100 0.0100 0.0100 0.0100 0.0117 0.0162 0.0212 0.0255 0.0295 0.0323 0.0352 0.0379
0.0152 0.0152 0.0152 0.0153 0.0152 0.0152 0.0152 0.0152 0.0152 0.0152 0.0152 0.0152 0.0152 0.0152 0.0152 0.0152 0.0152 0.0152 0.0152 0.0152 0.0152 0.0152 0.0152 0.0152 0.0152 0.0152 0.0152 0.0152 0.0152 0.0152 0.0152 0.0152 0.0152 0.0152 0.0152 0.0152 0.0152 0.0152 0.0152 0.0153 0.0153 0.0152 0.0152 0.0152 0.0152 0.0152 0.0152 0.0152 0.0152 0.0152 0.0152 0.0152 0.0152 0.0152 0.0152 0.0152 0.0152 0.0154 0.0130 0.0100 0.0100 0.0100 0.0100 0.0101 0.0135 0.0193 0.0247 0.0280 0.0305 0.0331 0.0351
0.0116 0.0116 0.0116 0.0116 0.0116 0.0116 0.0116 0.0116 0.0116 0.0116 0.0116 0.0116 0.0116 0.0116 0.0116 0.0116 0.0116 0.0116 0.0116 0.0117 0.0116 0.0116 0.0116 0.0116 0.0116 0.0116 0.0116 0.0116 0.0116 0.0116 0.0116 0.0116 0.0116 0.0116 0.0116 0.0116 0.0116 0.0116 0.0116 0.0116 0.0116 0.0116 0.0116 0.0116 0.0116 0.0116 0.0116 0.0116 0.0116 0.0116 0.0116 0.0116 0.0116 0.0116 0.0117 0.0116 0.0116 0.0116 0.0115 0.0100 0.0100 0.0100 0.0100 0.0100 0.0110 0.0167 0.0225 0.0257 0.0282 0.0297 0.0317
