tests/data/gray99/lave2D/projects.hma
ncols                  235
 nrows                   67
 xllcorner       0.1282000    
 yllcorner       0.1282000    
 cellsize        0.2564000    
 NODATA_value        -99999
[rows 0 to 31 of 67, columns 71 to 141 of 235]
0.0100 0.0100 0.0100 0.0100 0.0100 0.0100 0.0100 0.0100 0.0100 0.0100 0.0100 0.0100 0.0100 0.0100 0.0100 0.0100 0.0100 0.0100 0.0100 0.0100 0.0100 0.0100 0.0100 0.0100 0.0100 0.0100 0.0100 0.0100 0.0100 0.0100 0.0100 0.0100 0.0100 0.0100 0.0100 0.0100 0.0100 0.0100 0.0100 0.0100 0.0100 0.0100 0.0100 0.0100 0.0100 0.0100 0.0100 0.0100 0.0100 0.0100 0.0100 0.0100 0.0100 0.0100 0.0100 0.0100 0.0100 0.0100 0.0100 0.0100 0.0100 0.0100 0.0100 0.0100 0.0100 0.0100 0.0100 0.0100 0.0100 0.0100 0.0100
0.0100 0.0100 0.0100 0.0100 0.0101 0.0100 0.0100 0.0101 0.0100 0.0100 0.0100 0.0100 0.0100 0.0100 0.0100 0.0100 0.0101 0.0100 0.0100 0.0100 0.0100 0.0100 0.0100 0.0100 0.0100 0.0100 0.0101 0.0100 0.0100 0.0100 0.0100 0.0100 0.0100 0.0101 0.0100 0.0100 0.0100 0.0100 0.0101 0.0100 0.0100 0.0100 0.0100 0.0100 0.0101 0.0100 0.0100 0.0100 0.0100 0.0101 0.0100 0.0100 0.0100 0.0101 0.0100 0.0100 0.0100 0.0100 0.0101 0.0100 0.0100 0.0100 0.0100 0.0100 0.0100 0.0100 0.0102 0.0109 0.0120 0.0129 0.0137
0.0123 0.0123 0.0123 0.0123 0.0123 0.0123 0.0123 0.0123 0.0123 0.0123 0.0123 0.0123 0.0123 0.0123 0.0123 0.0123 0.0123 0.0123 0.0123 0.0123 0.0123 0.0123 0.0123 0.0123 0.0123 0.0123 0.0123 0.0123 0.0123 0.0123 0.0123 0.0123 0.0123 0.0123 0.0123 0.0123 0.0123 0.0123 0.0123 0.0123 0.0123 0.0123 0.0123 0.0123 0.0123 0.0123 0.0123 0.0123 0.0123 0.0123 0.0123 0.0123 0.0123 0.0123 0.0123 0.0123 0.0123 0.0123 0.0123 0.0108 0.0100 0.0100 0.0100 0.0100 0.0100 0.0139 0.0182 0.0213 0.0234 0.0245 0.0254
0.0160 0.0160 0.0160 0.0160 0.0160 0.0160 0.0160 0.0160 0.0160 0.0160 0.0160 0.0160 0.0160 0.0159 0.0159 0.0160 0.0160 0.0160 0.0160 0.0160 0.0160 0.0160 0.0160 0.0160 0.0160 0.0160 0.0160 0.0160 0.0160 0.0160 0.0160 0.0160 0.0160 0.0160 0.0160 0.0160 0.0160 0.0160 0.0160 0.0160 0.0160 0.0160 0.0160 0.0160 0.0160 0.0160 0.0160 0.0160 0.0160 0.0160 0.0160 0.0160 0.0160 0.0160 0.0160 0.0160 0.0160 0.0160 0.0152 0.0103 0.0100 0.0100 0.0100 0.0100 0.0120 0.0181 0.0231 0.0260 0.0282 0.0301 0.0318
0.0192 0.0192 0.0192 0.0192 0.0192 0.0192 0.0192 0.0192 0.0192 0.0192 0.0192 0.0192 0.0192 0.0192 0.0192 0.0192 0.0192 0.0192 0.0192 0.0192 0.0192 0.0192 0.0192 0.0192 0.0192 0.0192 0.0192 0.0192 0.0192 0.0192 0.0192 0.0192 0.0192 0.0192 0.0192 0.0192 0.0192 0.0192 0.0192 0.0192 0.0192 0.0192 0.0192 0.0192 0.0192 0.0192 0.0192 0.0192 0.0192 0.0192 0.0192 0.0192 0.0192 0.0192 0.0192 0.0192 0.0192 0.0192 0.0162 0.0100 0.0100 0.0100 0.0100 0.0105 0.0148 0.0205 0.0256 0.0284 0.0311 0.0332 0.0352
0.0217 0.0217 0.0216 0.0216 0.0216 0.0216 0.0216 0.0216 0.0217 0.0217 0.0217 0.0217 0.0216 0.0216 0.0216 0.0216 0.0216 0.0216 0.0216 0.0217 0.0217 0.0217 0.0217 0.0217 0.0216 0.0216 0.0216 0.0216 0.0216 0.0217 0.0217 0.0217 0.0217 0.0217 0.0216 0.0216 0.0216 0.0216 0.0216 0.0217 0.0216 0.0217 0.0216 0.0216 0.0216 0.0216 0.0216 0.0216 0.0217 0.0217 0.0216 0.0216 0.0216 0.0216 0.0216 0.0216 0.0220 0.0210 0.0171 0.0100 0.0100 0.0100 0.0101 0.0124 0.0173 0.0221 0.0262 0.0303 0.0328 0.0353 0.0380
0.0234 0.0234 0.0234 0.0234 0.0234 0.0234 0.0234 0.0234 0.0234 0.0234 0.0234 0.0234 0.0234 0.0234 0.0234 0.0234 0.0234 0.0234 0.0234 0.0234 0.0234 0.0234 0.0234 0.0234 0.0234 0.0234 0.0234 0.0234 0.0234 0.0234 0.0234 0.0234 0.0234 0.0234 0.0234 0.0234 0.0234 0.0234 0.0234 0.0234 0.0234 0.0234 0.0234 0.0234 0.0234 0.0234 0.0234 0.0234 0.0234 0.0234 0.0234 0.0234 0.0234 0.0234 0.0234 0.0234 0.0232 0.0217 0.0164 0.0100 0.0100 0.0100 0.0114 0.0150 0.0195 0.0235 0.0269 0.0307 0.0343 0.0370 0.0403
0.0237 0.0237 0.0237 0.0237 0.0237 0.0237 0.0237 0.0237 0.0237 0.0237 0.0237 0.0237 0.0237 0.0237 0.0237 0.0237 0.0237 0.0237 0.0237 0.0237 0.0237 0.0237 0.0237 0.0237 0.0237 0.0237 0.0237 0.0237 0.0237 0.0237 0.0237 0.0237 0.0237 0.0237 0.0237 0.0237 0.0237 0.0237 0.0237 0.0237 0.0237 0.0237 0.0237 0.0237 0.0237 0.0237 0.0237 0.0237 0.0237 0.0237 0.0237 0.0237 0.0237 0.0237 0.0237 0.0237 0.0233 0.0209 0.0140 0.0100 0.0100 0.0109 0.0136 0.0175 0.0214 0.0248 0.0281 0.0311 0.0350 0.0384 0.0420
0.0239 0.0239 0.0239 0.0239 0.0239 0.0239 0.0239 0.0239 0.0239 0.0239 0.0239 0.0239 0.0239 0.0239 0.0239 0.0239 0.0239 0.0239 0.0239 0.0239 0.0239 0.0239 0.0239 0.0239 0.0239 0.0239 0.0239 0.0239 0.0239 0.0239 0.0239 0.0239 0.0239 0.0239 0.0239 0.0239 0.0239 0.0239 0.0239 0.0239 0.0239 0.0239 0.0239 0.0239 0.0239 0.0239 0.0239 0.0239 0.0239 0.0239 0.0239 0.0239 0.0239 0.0239 0.0239 0.0238 0.0229 0.0192 0.0109 0.0100 0.0107 0.0128 0.0161 0.0198 0.0232 0.0264 0.0290 0.0317 0.0353 0.0393 0.0431
0.0240 0.0240 0.0240 0.0240 0.0240 0.0240 0.0240 0.0240 0.0240 0.0240 0.0240 0.0240 0.0240 0.0240 0.0240 0.0240 0.0240 0.0240 0.0240 0.0240 0.0240 0.0240 0.0240 0.0240 0.0240 0.0240 0.0240 0.0240 0.0240 0.0240 0.0240 0.0240 0.0240 0.0240 0.0240 0.0240 0.0240 0.0240 0.0240 0.0240 0.0240 0.0240 0.0240 0.0240 0.0255 0.0313 0.0617 0.0260 0.0240 0.0240 0.0240 0.0240 0.0240 0.0240 0.0240 0.0237 0.0221 0.0164 0.0116 0.0106 0.0124 0.0152 0.0186 0.0219 0.0248 0.0275 0.0301 0.0327 0.0358 0.0397 0.0440
0.0242 0.0242 0.0242 0.0242 0.0242 0.0242 0.0242 0.0242 0.0242 0.0242 0.0242 0.0242 0.0242 0.0242 0.0242 0.0242 0.0242 0.0242 0.0242 0.0242 0.0242 0.0242 0.0242 0.0242 0.0242 0.0242 0.0242 0.0242 0.0242 0.0242 0.0242 0.0242 0.0242 0.0242 0.0242 0.0242 0.0242 0.0242 0.0242 0.0242 0.0242 0.0242 0.0242 0.0242 0.0289 0.0305 0.0898 0.0432 0.0249 0.0242 0.0242 0.0242 0.0242 0.0242 0.0242 0.0235 0.0211 0.0161 0.0127 0.0123 0.0148 0.0178 0.0210 0.0238 0.0263 0.0287 0.0313 0.0338 0.0367 0.0403 0.0442
0.0245 0.0245 0.0245 0.0245 0.0245 0.0245 0.0245 0.0245 0.0245 0.0245 0.0245 0.0245 0.0245 0.0245 0.0245 0.0245 0.0245 0.0245 0.0245 0.0245 0.0245 0.0245 0.0245 0.0245 0.0245 0.0245 0.0245 0.0245 0.0245 0.0245 0.0245 0.0245 0.0245 0.0245 0.0245 0.0245 0.0245 0.0329 0.0264 0.0250 0.0382 0.0303 0.0260 0.0281 0.0286 0.0294 0.0733 0.1201 0.0775 0.0255 0.0245 0.0245 0.0245 0.0245 0.0243 0.0233 0.0200 0.0168 0.0147 0.0150 0.0174 0.0219 0.0231 0.0255 0.0278 0.0300 0.0328 0.0436 0.0466 0.0419 0.0436
0.0247 0.0247 0.0247 0.0247 0.0246 0.0246 0.0246 0.0246 0.0246 0.0246 0.0246 0.0247 0.0247 0.0247 0.0247 0.0247 0.0247 0.0247 0.0247 0.0247 0.0247 0.0247 0.0247 0.0247 0.0247 0.0247 0.0247 0.0247 0.0247 0.0247 0.0247 0.0247 0.0247 0.0247 0.0247 0.0247 0.0247 0.0397 0.0356 0.0470 0.0436 0.0485 0.0580 0.0274 0.0282 0.0290 0.0682 0.1117 0.0913 0.0289 0.0247 0.0247 0.0247 0.0247 0.0243 0.0227 0.0203 0.0179 0.0170 0.0180 0.0208 0.0411 0.0504 0.0458 0.0426 0.0466 0.0568 0.0528 0.0548 0.0633 0.0449
0.0365 0.0376 0.0404 0.0348 0.0258 0.0255 0.0280 0.0253 0.0319 0.0252 0.0252 0.0250 0.0249 0.0249 0.0249 0.0249 0.0249 0.0249 0.0249 0.0249 0.0249 0.0249 0.0249 0.0249 0.0249 0.0249 0.0249 0.0249 0.0249 0.0249 0.0249 0.0249 0.0249 0.0249 0.0295 0.0400 0.0525 0.0394 0.0532 0.0438 0.0472 0.0540 0.0662 0.0509 0.0296 0.0345 0.0704 0.1101 0.1061 0.0372 0.0249 0.0249 0.0249 0.0248 0.0242 0.0227 0.0209 0.0195 0.0195 0.0286 0.0404 0.0400 0.0475 0.0504 0.0507 0.0474 0.0510 0.0487 0.0534 0.0619 0.0606
0.0732 0.0666 0.0606 0.0558 0.0663 0.0626 0.0561 0.0496 0.0416 0.0427 0.0380 0.0341 0.0306 0.0284 0.0256 0.0255 0.0253 0.0252 0.0251 0.0251 0.0251 0.0251 0.0251 0.0251 0.0251 0.0251 0.0251 0.0251 0.0251 0.0251 0.0251 0.0253 0.0255 0.0446 0.0506 0.0505 0.0449 0.0427 0.0384 0.0373 0.0384 0.0438 0.0492 0.0501 0.0459 0.0414 0.0814 0.1083 0.1266 0.0702 0.0365 0.0321 0.0346 0.0274 0.0386 0.0360 0.0280 0.0348 0.0350 0.0331 0.0476 0.0395 0.0470 0.0475 0.0448 0.0459 0.0494 0.0464 0.0563 0.0688 0.0786
0.2683 0.2323 0.2007 0.1656 0.1315 0.0979 0.0657 0.0539 0.0491 0.0429 0.0366 0.0349 0.0357 0.0362 0.0363 0.0347 0.0288 0.0264 0.0260 0.0256 0.0338 0.0259 0.0257 0.0389 0.0445 0.0355 0.0278 0.0265 0.0257 0.0254 0.0253 0.0418 0.0569 0.0447 0.0384 0.0455 0.0443 0.0422 0.0396 0.0372 0.0418 0.0395 0.0434 0.0357 0.0352 0.0421 0.0826 0.1081 0.1232 0.0751 0.0470 0.0461 0.0647 0.0726 0.0709 0.0712 0.0639 0.0726 0.0693 0.0834 0.0743 0.0401 0.0501 0.0490 0.0459 0.0469 0.0539 0.0481 0.0760 0.1015 0.1159
0.3786 0.3583 0.3414 0.3256 0.3119 0.2892 0.2585 0.2308 0.2072 0.1779 0.1496 0.1234 0.0780 0.0361 0.0358 0.0365 0.0385 0.0330 0.0288 0.0336 0.0512 0.0407 0.0366 0.0422 0.0465 0.0527 0.0540 0.0477 0.0530 0.0577 0.0645 0.0521 0.0496 0.0464 0.0361 0.0440 0.0350 0.0387 0.0389 0.0458 0.0720 0.1047 0.1030 0.0972 0.1003 0.1026 0.1235 0.1291 0.1425 0.1003 0.0488 0.0499 0.0640 0.0662 0.0717 0.0732 0.0609 0.0672 0.0576 0.0684 0.1197 0.0768 0.0542 0.0594 0.0494 0.0649 0.0727 0.1218 0.1548 0.1737 0.1814
0.5246 0.4950 0.4631 0.4348 0.4050 0.3811 0.3548 0.3294 0.3095 0.2961 0.2929 0.2926 0.2862 0.2645 0.2368 0.2101 0.1842 0.1631 0.1328 0.0471 0.0659 0.0581 0.0605 0.0486 0.0454 0.0477 0.0494 0.0491 0.0470 0.0498 0.0509 0.0527 0.0511 0.0463 0.0344 0.0563 0.0491 0.0670 0.1136 0.1532 0.1950 0.2455 0.2870 0.3240 0.3423 0.3480 0.3484 0.3560 0.2919 0.2268 0.2379 0.2484 0.1221 0.0696 0.0653 0.0635 0.0524 0.0631 0.0527 0.0853 0.1470 0.1719 0.1338 0.1206 0.1061 0.1722 0.2310 0.2410 0.2345 0.2427 0.2404
0.6781 0.6459 0.6154 0.5857 0.5590 0.5351 0.5127 0.4925 0.4744 0.4565 0.4373 0.4201 0.4036 0.3878 0.3763 0.3706 0.3747 0.3794 0.3587 0.3236 0.2916 0.2681 0.2460 0.2220 0.1978 0.1916 0.1923 0.1977 0.2020 0.2030 0.2023 0.2002 0.1946 0.2024 0.2363 0.1924 0.2154 0.2599 0.3286 0.3946 0.4539 0.4977 0.5360 0.5641 0.5880 0.6032 0.5700 0.5447 0.5192 0.4935 0.3496 0.2677 0.2749 0.3060 0.3141 0.2414 0.1354 0.0939 0.1198 0.1832 0.2040 0.1947 0.2139 0.2561 0.3021 0.3053 0.3131 0.2992 0.3091 0.3127 0.3011
0.8120 0.7866 0.7607 0.7365 0.7148 0.6912 0.6673 0.6423 0.6179 0.5936 0.5699 0.5478 0.5277 0.5132 0.4995 0.4866 0.4748 0.4599 0.4464 0.4362 0.4107 0.3876 0.3773 0.3869 0.3946 0.4017 0.4087 0.4151 0.4196 0.4208 0.4195 0.4224 0.4244 0.4325 0.4500 0.4786 0.5125 0.5535 0.6088 0.6623 0.7054 0.7330 0.7497 0.7580 0.7715 0.7767 0.7088 0.6487 0.6131 0.5766 0.5401 0.5089 0.4520 0.3492 0.3357 0.3285 0.3243 0.3192 0.2820 0.2937 0.2864 0.2984 0.3576 0.3774 0.3787 0.3885 0.3888 0.3929 0.3928 0.3843 0.3925
0.9434 0.9237 0.9013 0.8738 0.8453 0.8428 0.8344 0.8218 0.8086 0.7945 0.7781 0.7578 0.7368 0.7184 0.6977 0.6774 0.6577 0.6361 0.6098 0.5874 0.5973 0.5827 0.5685 0.5636 0.5771 0.5944 0.6071 0.6150 0.6203 0.6247 0.6312 0.6432 0.6639 0.6912 0.7247 0.7621 0.8076 0.8525 0.8978 0.9241 0.9523 0.9660 0.9679 0.9423 0.9210 0.8632 0.7986 0.7250 0.6731 0.6421 0.6032 0.5618 0.5346 0.5021 0.4689 0.4391 0.3874 0.3730 0.3921 0.4087 0.4255 0.4428 0.4494 0.4535 0.4575 0.4609 0.4638 0.4616 0.4831 0.4999 0.5146
1.0557 1.0352 1.0131 0.9875 0.9573 0.9198 0.8762 0.8857 0.9131 0.9347 0.9504 0.9602 0.9689 0.9743 0.9777 0.9799 0.9819 0.9812 0.9784 0.9716 0.9620 0.9505 0.9337 0.9126 0.8877 0.8610 0.8327 0.8308 0.8437 0.8619 0.8879 0.9214 0.9637 1.0101 1.0562 1.0965 1.1266 1.1532 1.1540 1.1456 1.1238 1.1003 1.0641 1.0093 0.9589 0.9145 0.8492 0.7924 0.7377 0.6919 0.6499 0.6249 0.6086 0.5577 0.4886 0.4588 0.4522 0.4792 0.4994 0.5164 0.5307 0.5397 0.5476 0.5581 0.5703 0.5798 0.5887 0.5999 0.6116 0.6217 0.6326
1.2203 1.1969 1.1763 1.1552 1.1310 1.1014 1.0662 1.0277 1.0088 1.0137 1.0276 1.0417 1.0543 1.0614 1.0656 1.0663 1.0657 1.0643 1.0623 1.0608 1.0739 1.0994 1.1219 1.1415 1.1449 1.1100 1.0979 1.1048 1.1275 1.1607 1.2041 1.2483 1.2883 1.3184 1.3363 1.3437 1.3374 1.3149 1.2814 1.2360 1.1799 1.1169 1.0530 1.0132 0.9607 0.9107 0.8761 0.8340 0.7914 0.7481 0.7069 0.6779 0.6529 0.6314 0.6102 0.5908 0.5880 0.6143 0.6341 0.6507 0.6643 0.6753 0.6864 0.6968 0.7066 0.7152 0.7234 0.7324 0.7395 0.7433 0.7490
1.3691 1.3488 1.3250 1.3002 1.2765 1.2559 1.2345 1.2105 1.1832 1.1520 1.1153 1.0949 1.1000 1.1168 1.1391 1.1655 1.1947 1.2260 1.2591 1.2916 1.3207 1.3443 1.3614 1.3722 1.3763 1.3624 1.3084 1.3042 1.3330 1.3851 1.4409 1.4849 1.5097 1.5084 1.4884 1.4581 1.4226 1.3799 1.3281 1.2700 1.2052 1.1461 1.1171 1.0832 1.0456 1.0061 0.9657 0.9327 0.9072 0.8866 0.8650 0.8433 0.8175 0.7867 0.7537 0.7364 0.7651 0.7879 0.8043 0.8184 0.8309 0.8396 0.8446 0.8484 0.8516 0.8549 0.8600 0.8668 0.8744 0.8842 0.8899
1.4886 1.4744 1.4587 1.4423 1.4242 1.4044 1.3837 1.3637 1.3433 1.3212 1.3211 1.3327 1.3490 1.3689 1.3919 1.4170 1.4431 1.4694 1.4929 1.5122 1.5264 1.5331 1.5255 1.4998 1.4623 1.4197 1.4876 1.5237 1.5387 1.5479 1.5617 1.5843 1.5962 1.5904 1.5672 1.5323 1.4901 1.4492 1.3984 1.3408 1.2758 1.2279 1.1925 1.1598 1.1399 1.1146 1.0868 1.0582 1.0288 0.9980 0.9677 0.9388 0.9105 0.8825 0.9086 0.9338 0.9506 0.9655 0.9774 0.9895 0.9956 0.9978 1.0032 1.0105 1.0169 1.0221 1.0269 1.0317 1.0365 1.0428 1.0481
1.5761 1.5669 1.5563 1.5433 1.5347 1.5411 1.5478 1.5526 1.5582 1.5659 1.5751 1.5864 1.5980 1.6099 1.6211 1.6310 1.6385 1.6416 1.6380 1.6259 1.6062 1.5792 1.5418 1.4945 1.4845 1.5434 1.5947 1.6321 1.6429 1.6372 1.6215 1.6431 1.6625 1.6675 1.6617 1.6471 1.6275 1.6017 1.5654 1.5154 1.4541 1.3894 1.3210 1.2731 1.2505 1.2415 1.2298 1.2155 1.1987 1.1800 1.1619 1.1452 1.1448 1.1623 1.1880 1.2094 1.2225 1.2315 1.2370 1.2398 1.2397 1.2375 1.2351 1.2337 1.2353 1.2400 1.2453 1.2491 1.2508 1.2525 1.2484
1.6839 1.6977 1.7118 1.7272 1.7424 1.7559 1.7693 1.7829 1.7947 1.8037 1.8083 1.8065 1.7989 1.7864 1.7692 1.7486 1.7259 1.7003 1.6710 1.6404 1.6080 1.5721 1.5318 1.4881 1.5062 1.5356 1.5606 1.5887 1.6212 1.6413 1.6432 1.6318 1.6324 1.6502 1.6591 1.6602 1.6546 1.6434 1.6263 1.6038 1.5769 1.5471 1.5114 1.4707 1.4276 1.3841 1.3533 1.3532 1.3559 1.3584 1.3615 1.3664 1.3717 1.3757 1.3788 1.3813 1.3997 1.4143 1.4172 1.4203 1.4085 1.3880 1.3631 1.3604 1.3565 1.3522 1.3476 1.3421 1.3358 1.3271 1.3173
1.8231 1.8358 1.8473 1.8562 1.8624 1.8634 1.8616 1.8577 1.8506 1.8393 1.8222 1.7988 1.7727 1.7434 1.7106 1.6865 1.6741 1.6614 1.6487 1.6341 1.6196 1.6061 1.5932 1.5857 1.5767 1.5714 1.5687 1.5770 1.5910 1.6063 1.6221 1.6354 1.6462 1.6542 1.6569 1.6565 1.6535 1.6472 1.6382 1.6269 1.6129 1.5955 1.5857 1.5953 1.6040 1.6112 1.6134 1.6112 1.6059 1.6000 1.6028 1.6207 1.6304 1.6354 1.6449 1.6667 1.6841 1.6851 1.6842 1.6730 1.6598 1.6389 1.6154 1.5902 1.5658 1.5382 1.5299 1.5253 1.5209 1.5158 1.5087
1.8436 1.8459 1.8468 1.8460 1.8439 1.8403 1.8334 1.8243 1.8150 1.8036 1.7925 1.7816 1.7708 1.7639 1.7577 1.7502 1.7418 1.7321 1.7217 1.7151 1.7131 1.7123 1.7090 1.7056 1.7003 1.6971 1.6964 1.6960 1.6969 1.6991 1.7031 1.7078 1.7130 1.7191 1.7246 1.7289 1.7310 1.7290 1.7248 1.7226 1.7474 1.7682 1.7862 1.8019 1.8154 1.8274 1.8382 1.8473 1.8548 1.8612 1.8689 1.8774 1.8848 1.8902 1.8934 1.8941 1.8921 1.8877 1.8811 1.8726 1.8623 1.8507 1.8376 1.8229 1.8070 1.7905 1.7730 1.7544 1.7352 1.7156 1.6959
1.8397 1.8400 1.8406 1.8401 1.8379 1.8350 1.8314 1.8269 1.8231 1.8178 1.8178 1.8209 1.8229 1.8226 1.8319 1.8442 1.8603 1.8717 1.8832 1.8844 1.8930 1.9006 1.9083 1.9135 1.9079 1.8803 1.8697 1.8547 1.8349 1.8115 1.7954 1.7972 1.7985 1.8103 1.8256 1.8453 1.8628 1.8776 1.8922 1.9081 1.9213 1.9347 1.9485 1.9623 1.9758 1.9885 2.0009 2.0133 2.0254 2.0374 2.0498 2.0623 2.0725 2.0794 2.0826 2.0817 2.0769 2.0685 2.0573 2.0437 2.0275 2.0089 1.9891 1.9687 1.9480 1.9276 1.9075 1.8883 1.8699 1.8524 1.8350
1.8449 1.8461 1.8468 1.8497 1.8628 1.8841 1.8957 1.9171 1.9267 1.9289 1.9371 1.9537 1.9691 1.9780 1.9880 1.9993 2.0128 2.0254 2.0387 2.0495 2.0579 2.0649 2.0680 2.0731 2.0740 2.0736 2.0683 2.0594 2.0470 2.0315 2.0200 2.0090 2.0124 2.0223 2.0325 2.0405 2.0473 2.0500 2.0523 2.0506 2.0454 2.0380 2.0383 2.0536 2.0677 2.0783 2.0881 2.0974 2.1077 2.1189 2.1311 2.1442 2.1568 2.1674 2.1746 2.1769 2.1737 2.1658 2.1544 2.1407 2.1239 2.1037 2.0806 2.0563 2.0319 2.0076 1.9829 1.9634 1.9474 1.9303 1.9126
1.9181 1.9229 1.9273 1.9469 1.9623 1.9820 1.9910 1.9969 2.0142 2.0348 2.0560 2.0718 2.0836 2.0933 2.1057 2.1187 2.1313 2.1421 2.1511 2.1634 2.1744 2.1821 2.1868 2.1874 2.1934 2.1986 2.2027 2.2032 2.2012 2.1962 2.1878 2.1774 2.1649 2.1482 2.1332 2.1212 2.1092 2.0973 2.0861 2.0752 2.0639 2.0541 2.0625 2.0713 2.0792 2.0872 2.0924 2.0971 2.1020 2.1090 2.1194 2.1308 2.1405 2.1487 2.1544 2.1579 2.1580 2.1544 2.1468 2.1394 2.1308 2.1216 2.1121 2.1012 2.0898 2.0796 2.0672 2.0523 2.0357 2.0163 1.9986
