tests/data/gray99/lave2D/projects.hma
ncols                  235
 nrows                   67
 xllcorner       0.1282000    
 yllcorner       0.1282000    
 cellsize        0.2564000    
 NODATA_value        -99999
[rows 0 to 31 of 67, columns 0 to 70 of 235]
0.0100 0.0100 0.0100 0.0100 0.0100 0.0100 0.0100 0.0100 0.0100 0.0100 0.0100 0.0100 0.0100 0.0100 0.0100 0.0100 0.0100 0.0100 0.0100 0.0100 0.0100 0.0100 0.0100 0.0100 0.0100 0.0100 0.0100 0.0100 0.0100 0.0100 0.0100 0.0100 0.0100 0.0100 0.0100 0.0100 0.0100 0.0100 0.0100 0.0100 0.0100 0.0100 0.0100 0.0100 0.0100 0.0100 0.0100 0.0100 0.0100 0.0100 0.0100 0.0100 0.0100 0.0100 0.0100 0.0100 0.0100 0.0100 0.0100 0.0100 0.0100 0.0100 0.0100 0.0100 0.0100 0.0100 0.0100 0.0100 0.0100 0.0100 0.0100
0.0185 0.0110 0.0100 0.0130 0.0100 0.0100 0.0101 0.0100 0.0100 0.0100 0.0100 0.0100 0.0100 0.0100 0.0100 0.0100 0.0100 0.0100 0.0100 0.0100 0.0100 0.0100 0.0101 0.0100 0.0100 0.0100 0.0100 0.0100 0.0100 0.0100 0.0100 0.0100 0.0101 0.0100 0.0100 0.0101 0.0100 0.0100 0.0100 0.0100 0.0101 0.0100 0.0101 0.0100 0.0100 0.0100 0.0100 0.0100 0.0100 0.0101 0.0100 0.0100 0.0100 0.0100 0.0100 0.0100 0.0100 0.0101 0.0100 0.0100 0.0100 0.0100 0.0100 0.0101 0.0100 0.0100 0.0100 0.0100 0.0100 0.0100 0.0100
0.0456 0.0100 0.0157 0.0199 0.0101 0.0131 0.0100 0.0100 0.0134 0.0100 0.0100 0.0100 0.0100 0.0111 0.0113 0.0120 0.0123 0.0123 0.0123 0.0123 0.0123 0.0123 0.0123 0.0123 0.0123 0.0123 0.0123 0.0123 0.0123 0.0123 0.0123 0.0123 0.0123 0.0123 0.0123 0.0123 0.0123 0.0123 0.0123 0.0123 0.0123 0.0123 0.0123 0.0123 0.0123 0.0123 0.0123 0.0123 0.0123 0.0123 0.0123 0.0123 0.0123 0.0123 0.0123 0.0123 0.0123 0.0123 0.0123 0.0123 0.0123 0.0123 0.0123 0.0123 0.0123 0.0123 0.0123 0.0123 0.0123 0.0123 0.0123
0.0454 0.0134 0.0209 0.0117 0.0173 0.0190 0.0100 0.0130 0.0119 0.0100 0.0100 0.0100 0.0101 0.0124 0.0133 0.0151 0.0149 0.0155 0.0159 0.0160 0.0160 0.0160 0.0160 0.0160 0.0160 0.0160 0.0160 0.0160 0.0160 0.0154 0.0151 0.0159 0.0158 0.0150 0.0148 0.0153 0.0157 0.0159 0.0160 0.0160 0.0160 0.0160 0.0160 0.0160 0.0160 0.0160 0.0160 0.0160 0.0160 0.0160 0.0160 0.0160 0.0160 0.0160 0.0160 0.0160 0.0160 0.0160 0.0160 0.0159 0.0160 0.0160 0.0160 0.0160 0.0160 0.0160 0.0160 0.0160 0.0160 0.0160 0.0160
0.0502 0.0206 0.0101 0.0100 0.0152 0.0108 0.0145 0.0159 0.0100 0.0100 0.0100 0.0100 0.0115 0.0140 0.0169 0.0168 0.0164 0.0178 0.0189 0.0192 0.0192 0.0192 0.0192 0.0192 0.0192 0.0192 0.0192 0.0193 0.0192 0.0195 0.0310 0.0383 0.0404 0.0263 0.0217 0.0210 0.0204 0.0200 0.0197 0.0188 0.0183 0.0185 0.0191 0.0192 0.0192 0.0192 0.0192 0.0192 0.0192 0.0192 0.0192 0.0192 0.0192 0.0192 0.0192 0.0192 0.0192 0.0192 0.0192 0.0192 0.0192 0.0192 0.0192 0.0192 0.0192 0.0192 0.0192 0.0192 0.0192 0.0192 0.0192
0.0550 0.0100 0.0100 0.0183 0.0100 0.0100 0.0100 0.0100 0.0100 0.0100 0.0100 0.0110 0.0135 0.0160 0.0182 0.0192 0.0189 0.0199 0.0209 0.0215 0.0217 0.0217 0.0217 0.0216 0.0216 0.0216 0.0217 0.0218 0.0217 0.0349 0.0379 0.0475 0.0580 0.0761 0.0708 0.1056 0.0998 0.0765 0.0497 0.0312 0.0226 0.0220 0.0216 0.0215 0.0216 0.0217 0.0217 0.0217 0.0216 0.0216 0.0216 0.0216 0.0217 0.0216 0.0216 0.0216 0.0216 0.0216 0.0216 0.0216 0.0216 0.0216 0.0216 0.0216 0.0216 0.0217 0.0217 0.0217 0.0217 0.0217 0.0217
0.0546 0.0100 0.0242 0.0245 0.0100 0.0114 0.0100 0.0100 0.0100 0.0100 0.0101 0.0125 0.0154 0.0178 0.0198 0.0208 0.0216 0.0220 0.0227 0.0232 0.0233 0.0234 0.0234 0.0234 0.0234 0.0234 0.0234 0.0366 0.0417 0.0275 0.0385 0.0410 0.0321 0.0548 0.0671 0.1127 0.1059 0.1017 0.0818 0.0580 0.0387 0.0268 0.0243 0.0238 0.0233 0.0232 0.0233 0.0233 0.0234 0.0234 0.0234 0.0234 0.0234 0.0234 0.0234 0.0234 0.0234 0.0234 0.0234 0.0234 0.0234 0.0234 0.0234 0.0234 0.0234 0.0234 0.0234 0.0234 0.0234 0.0234 0.0234
0.0574 0.0264 0.0319 0.0129 0.0107 0.0105 0.0100 0.0100 0.0100 0.0100 0.0115 0.0142 0.0170 0.0194 0.0212 0.0225 0.0230 0.0233 0.0236 0.0237 0.0237 0.0237 0.0237 0.0237 0.0237 0.0237 0.0363 0.0276 0.0373 0.0559 0.0478 0.0390 0.0558 0.0556 0.0448 0.0874 0.1192 0.0949 0.0792 0.0704 0.0595 0.0476 0.0345 0.0259 0.0247 0.0240 0.0237 0.0237 0.0237 0.0237 0.0237 0.0237 0.0237 0.0237 0.0237 0.0237 0.0237 0.0237 0.0237 0.0237 0.0237 0.0237 0.0237 0.0237 0.0237 0.0237 0.0237 0.0237 0.0237 0.0237 0.0237
0.0613 0.0343 0.0143 0.0100 0.0155 0.0100 0.0100 0.0100 0.0100 0.0102 0.0130 0.0159 0.0185 0.0207 0.0224 0.0235 0.0238 0.0239 0.0239 0.0239 0.0239 0.0239 0.0239 0.0239 0.0239 0.0342 0.0270 0.0368 0.0308 0.0300 0.0355 0.0310 0.0424 0.0715 0.0554 0.0750 0.0806 0.1537 0.1454 0.1180 0.0887 0.0628 0.0435 0.0373 0.0316 0.0263 0.0248 0.0241 0.0239 0.0239 0.0239 0.0239 0.0239 0.0239 0.0239 0.0239 0.0239 0.0239 0.0239 0.0239 0.0239 0.0239 0.0239 0.0239 0.0239 0.0239 0.0239 0.0239 0.0239 0.0239 0.0239
0.0679 0.0117 0.0100 0.0207 0.0142 0.0100 0.0100 0.0100 0.0100 0.0117 0.0146 0.0175 0.0199 0.0219 0.0234 0.0241 0.0242 0.0241 0.0241 0.0240 0.0240 0.0240 0.0240 0.0240 0.0401 0.0301 0.0336 0.0261 0.0329 0.0307 0.0400 0.0375 0.0399 0.0486 0.0504 0.0818 0.0836 0.0931 0.1483 0.1430 0.1267 0.1084 0.0851 0.0624 0.0432 0.0351 0.0305 0.0269 0.0242 0.0240 0.0240 0.0240 0.0240 0.0240 0.0240 0.0240 0.0240 0.0240 0.0240 0.0240 0.0240 0.0240 0.0240 0.0240 0.0240 0.0240 0.0240 0.0240 0.0240 0.0240 0.0240
0.0769 0.0105 0.0103 0.0200 0.0100 0.0100 0.0100 0.0100 0.0105 0.0132 0.0162 0.0189 0.0211 0.0229 0.0241 0.0244 0.0244 0.0243 0.0243 0.0242 0.0242 0.0242 0.0258 0.0305 0.0328 0.0385 0.0332 0.0294 0.0370 0.0345 0.0396 0.0378 0.0363 0.0413 0.0506 0.0653 0.0710 0.1032 0.1271 0.1556 0.1428 0.1330 0.1196 0.0976 0.0718 0.0503 0.0396 0.0328 0.0260 0.0246 0.0242 0.0242 0.0242 0.0242 0.0242 0.0242 0.0242 0.0242 0.0242 0.0242 0.0242 0.0242 0.0242 0.0242 0.0242 0.0242 0.0242 0.0242 0.0242 0.0242 0.0242
0.0695 0.0269 0.0252 0.0100 0.0100 0.0100 0.0100 0.0100 0.0118 0.0148 0.0177 0.0202 0.0222 0.0238 0.0245 0.0246 0.0245 0.0245 0.0245 0.0245 0.0327 0.0354 0.0300 0.0511 0.0647 0.0736 0.0586 0.0565 0.0702 0.0828 0.1604 0.1946 0.2208 0.1262 0.1508 0.1536 0.1232 0.0701 0.1106 0.1867 0.1923 0.2198 0.2001 0.1632 0.1272 0.0914 0.0632 0.0464 0.0360 0.0300 0.0269 0.0259 0.0251 0.0247 0.0245 0.0245 0.0244 0.0244 0.0244 0.0244 0.0244 0.0244 0.0244 0.0245 0.0245 0.0245 0.0245 0.0245 0.0245 0.0245 0.0245
0.0555 0.0372 0.0198 0.0100 0.0100 0.0100 0.0100 0.0105 0.0133 0.0164 0.0191 0.0214 0.0233 0.0245 0.0248 0.0248 0.0247 0.0251 0.0334 0.0371 0.0301 0.0301 0.0564 0.0550 0.1001 0.1064 0.1288 0.1592 0.2101 0.2676 0.3539 0.3955 0.4271 0.4621 0.4571 0.4659 0.4274 0.3797 0.3606 0.3000 0.3684 0.4235 0.4208 0.3932 0.3643 0.3368 0.3038 0.2739 0.2444 0.2125 0.1778 0.1439 0.1066 0.0737 0.0534 0.0402 0.0324 0.0280 0.0262 0.0251 0.0250 0.0248 0.0248 0.0247 0.0247 0.0247 0.0247 0.0247 0.0247 0.0247 0.0247
0.0530 0.0442 0.0100 0.0100 0.0100 0.0100 0.0100 0.0116 0.0148 0.0178 0.0204 0.0225 0.0242 0.0249 0.0251 0.0250 0.0249 0.0296 0.0283 0.0303 0.0305 0.0606 0.1163 0.2050 0.2427 0.3149 0.3603 0.4017 0.4515 0.4928 0.5730 0.6701 0.6863 0.6786 0.6826 0.6348 0.5965 0.5608 0.5304 0.5047 0.4607 0.4365 0.4907 0.5300 0.5495 0.5575 0.5585 0.5545 0.5371 0.5087 0.4792 0.4535 0.4277 0.4012 0.3769 0.3509 0.3203 0.2865 0.2492 0.2062 0.1604 0.1184 0.0844 0.0698 0.0689 0.0580 0.0544 0.0545 0.0480 0.0432 0.0413
0.0611 0.0338 0.0100 0.0100 0.0100 0.0100 0.0103 0.0129 0.0161 0.0191 0.0215 0.0235 0.0249 0.0253 0.0253 0.0252 0.0386 0.0331 0.0309 0.0312 0.0957 0.2159 0.3071 0.3811 0.4585 0.5377 0.6047 0.6547 0.6814 0.7018 0.7473 0.7867 0.8356 0.8580 0.8602 0.8092 0.7656 0.7281 0.6945 0.6616 0.6225 0.5866 0.5577 0.5793 0.6007 0.6145 0.6355 0.6530 0.6658 0.6705 0.6642 0.6415 0.6156 0.5869 0.5575 0.5309 0.4981 0.4576 0.4200 0.3917 0.3689 0.3478 0.3295 0.3099 0.2921 0.2535 0.2059 0.1605 0.1207 0.0885 0.0782
0.0684 0.0100 0.0100 0.0100 0.0100 0.0100 0.0113 0.0143 0.0174 0.0202 0.0226 0.0244 0.0254 0.0255 0.0255 0.0371 0.0431 0.0390 0.0656 0.1761 0.2899 0.4062 0.5013 0.5748 0.6450 0.7007 0.7410 0.7826 0.8283 0.8750 0.9052 0.9273 0.9128 0.9250 0.9534 0.9387 0.8983 0.8574 0.8190 0.7798 0.7415 0.7011 0.6692 0.6482 0.6679 0.6800 0.6897 0.7073 0.7241 0.7410 0.7532 0.7650 0.7650 0.7500 0.7288 0.7014 0.6733 0.6423 0.6083 0.5707 0.5298 0.4943 0.4665 0.4380 0.4095 0.3873 0.3681 0.3525 0.3421 0.3218 0.2996
0.0677 0.0100 0.0100 0.0100 0.0100 0.0100 0.0123 0.0155 0.0187 0.0213 0.0235 0.0251 0.0257 0.0257 0.0328 0.0507 0.0421 0.0703 0.2148 0.3470 0.4786 0.6106 0.7146 0.7935 0.8481 0.8987 0.9447 0.9975 1.0528 1.0989 1.1199 1.1308 1.1394 1.1583 1.1766 1.1292 1.0437 0.9723 0.9255 0.8867 0.8591 0.8327 0.8015 0.7676 0.7322 0.7419 0.7553 0.7660 0.7821 0.7955 0.8080 0.8235 0.8328 0.8427 0.8416 0.8316 0.8164 0.7974 0.7726 0.7458 0.7182 0.6868 0.6506 0.6110 0.5740 0.5394 0.5109 0.4873 0.4569 0.4258 0.3998
0.0609 0.0100 0.0100 0.0100 0.0100 0.0109 0.0137 0.0168 0.0198 0.0223 0.0244 0.0256 0.0259 0.0337 0.0465 0.0661 0.1292 0.2901 0.4288 0.5646 0.6879 0.7819 0.8574 0.9569 1.0736 1.2183 1.3255 1.4538 1.5477 1.6068 1.6976 1.6400 1.5792 1.4982 1.3944 1.3567 1.2468 1.1644 1.0970 1.0445 0.9996 0.9615 0.9273 0.8942 0.8619 0.8261 0.8242 0.8337 0.8461 0.8600 0.8711 0.8819 0.8910 0.9027 0.9098 0.9144 0.9113 0.9018 0.8879 0.8713 0.8503 0.8251 0.7990 0.7709 0.7395 0.7095 0.6815 0.6475 0.6121 0.5816 0.5547
0.0464 0.0100 0.0100 0.0100 0.0100 0.0114 0.0147 0.0180 0.0209 0.0233 0.0252 0.0259 0.0367 0.0585 0.0582 0.1813 0.3565 0.5027 0.6141 0.7291 0.8528 0.9632 1.0767 1.2670 1.4936 1.8758 2.5819 2.8314 2.9887 3.0799 3.1151 3.0976 3.0259 2.8939 2.6857 1.9367 1.5802 1.3908 1.2927 1.2195 1.1593 1.1089 1.0654 1.0266 0.9916 0.9614 0.9276 0.9054 0.9154 0.9286 0.9376 0.9427 0.9511 0.9585 0.9673 0.9717 0.9779 0.9715 0.9621 0.9503 0.9377 0.9241 0.9068 0.8874 0.8674 0.8470 0.8226 0.7957 0.7679 0.7398 0.7104
0.0269 0.0100 0.0100 0.0100 0.0101 0.0123 0.0156 0.0190 0.0217 0.0306 0.0296 0.0509 0.0577 0.0828 0.1987 0.3672 0.5073 0.6260 0.7286 0.8627 1.0260 1.2019 1.4453 1.9030 2.7080 3.0134 3.2288 3.3820 3.4841 3.5420 3.5506 3.5251 3.4545 3.3369 3.1647 2.9239 2.5852 1.8085 1.5479 1.4225 1.3422 1.2765 1.2223 1.1764 1.1378 1.1037 1.0721 1.0391 1.0042 0.9957 1.0094 1.0175 1.0252 1.0328 1.0361 1.0340 1.0339 1.0406 1.0370 1.0253 1.0105 0.9939 0.9780 0.9620 0.9452 0.9289 0.9120 0.8951 0.8762 0.8557 0.8346
0.0129 0.0100 0.0100 0.0100 0.0108 0.0136 0.0167 0.0199 0.0224 0.0437 0.0550 0.0647 0.0931 0.2280 0.3647 0.5103 0.6212 0.7310 0.8731 1.0665 1.3146 1.7282 2.5804 2.9788 3.2651 3.4785 3.6376 3.7514 3.8251 3.8614 3.8618 3.8262 3.7535 3.6408 3.4831 3.2730 2.9944 2.6073 1.9050 1.6612 1.5406 1.4524 1.3875 1.3335 1.2849 1.2428 1.2060 1.1739 1.1457 1.1183 1.0930 1.0847 1.1011 1.1131 1.1219 1.1263 1.1254 1.1310 1.1333 1.1299 1.1234 1.1100 1.0899 1.0706 1.0459 1.0313 1.0171 1.0036 0.9904 0.9765 0.9609
0.0100 0.0100 0.0100 0.0100 0.0111 0.0143 0.0178 0.0206 0.0432 0.0680 0.0557 0.0896 0.2333 0.3649 0.5169 0.6279 0.7425 0.8900 1.0940 1.3862 1.8519 2.7460 3.1309 3.4162 3.6380 3.8092 3.9377 4.0285 4.0847 4.1080 4.0991 4.0577 3.9825 3.8714 3.7203 3.5228 3.2684 2.9384 2.4840 1.9552 1.7578 1.6460 1.5624 1.4972 1.4436 1.3925 1.3458 1.3167 1.2955 1.2742 1.2524 1.2251 1.2026 1.1958 1.1967 1.2015 1.2109 1.2188 1.2384 1.2604 1.2636 1.2615 1.2572 1.2468 1.2343 1.2134 1.1864 1.1555 1.1270 1.1025 1.0798
0.0100 0.0100 0.0100 0.0100 0.0115 0.0148 0.0180 0.0210 0.0758 0.0690 0.0775 0.2119 0.3485 0.5000 0.6260 0.7416 0.8848 1.0927 1.4201 2.2440 2.8065 3.1966 3.4956 3.7312 3.9173 4.0618 4.1698 4.2447 4.2884 4.3020 4.2858 4.2395 4.1620 4.0510 3.9034 3.7139 3.4743 3.1705 2.7764 2.2134 1.9997 1.8474 1.7467 1.6686 1.6058 1.5506 1.5065 1.4785 1.4532 1.4279 1.3983 1.3753 1.3483 1.3151 1.2982 1.2926 1.2929 1.2954 1.3014 1.3184 1.3360 1.3526 1.3692 1.3718 1.3651 1.3505 1.3334 1.3154 1.2966 1.2731 1.2471
0.0100 0.0100 0.0100 0.0101 0.0123 0.0154 0.0183 0.0242 0.0833 0.0673 0.1753 0.3241 0.4770 0.6083 0.7250 0.8599 1.0615 1.3912 2.1987 2.7862 3.1977 3.5158 3.7695 3.9731 4.1351 4.2609 4.3541 4.4171 4.4513 4.4572 4.4353 4.3849 4.3049 4.1935 4.0478 3.8631 3.6329 3.3458 2.9819 2.4972 2.2079 2.0533 1.9344 1.8439 1.7706 1.7128 1.6722 1.6336 1.5972 1.5625 1.5292 1.4972 1.4661 1.4362 1.4023 1.3715 1.3570 1.3565 1.3606 1.3699 1.3883 1.4047 1.4209 1.4344 1.4458 1.4489 1.4463 1.4335 1.4204 1.4064 1.3888
0.0100 0.0100 0.0100 0.0106 0.0133 0.0163 0.0189 0.0642 0.0733 0.1265 0.2801 0.4420 0.5743 0.6984 0.8243 1.0095 1.3081 2.0389 2.6916 3.1377 3.4823 3.7585 3.9825 4.1639 4.3086 4.4205 4.5024 4.5561 4.5827 4.5826 4.5558 4.5020 4.4198 4.3077 4.1629 3.9814 3.7573 3.4812 3.1373 2.6937 2.4110 2.2496 2.1218 2.0186 1.9341 1.8630 1.8205 1.7797 1.7368 1.6944 1.6530 1.6136 1.5766 1.5428 1.5115 1.4813 1.4479 1.4241 1.4184 1.4325 1.4457 1.4578 1.4741 1.4864 1.4968 1.5099 1.5191 1.5200 1.5188 1.5089 1.4998
0.0100 0.0100 0.0100 0.0108 0.0138 0.0167 0.0362 0.0880 0.0980 0.2329 0.3842 0.5287 0.6579 0.7877 0.9562 1.1975 1.7082 2.5185 3.0166 3.3964 3.7005 3.9485 4.1516 4.3166 4.4481 4.5494 4.6225 4.6688 4.6892 4.6841 4.6534 4.5965 4.5124 4.3994 4.2550 4.0755 3.8557 3.5873 3.2568 2.8850 2.6072 2.4315 2.2984 2.1874 2.0928 2.0119 1.9411 1.8810 1.8326 1.7895 1.7495 1.7114 1.6748 1.6397 1.6063 1.5743 1.5464 1.5153 1.4856 1.4914 1.5069 1.5207 1.5317 1.5447 1.5595 1.5746 1.5828 1.5844 1.5835 1.5874 1.5841
0.0100 0.0100 0.0100 0.0110 0.0141 0.0309 0.0456 0.0622 0.1550 0.3047 0.4607 0.6080 0.7397 0.8885 1.0964 1.4078 2.2496 2.8284 3.2558 3.5948 3.8714 4.0993 4.2867 4.4393 4.5607 4.6535 4.7196 4.7600 4.7754 4.7662 4.7322 4.6727 4.5869 4.4729 4.3286 4.1505 3.9336 3.6706 3.3496 3.0594 2.7959 2.6045 2.4636 2.3447 2.2412 2.1503 2.0709 1.9995 1.9359 1.8817 1.8352 1.7938 1.7562 1.7212 1.6884 1.6572 1.6279 1.6001 1.5712 1.5630 1.5772 1.5907 1.6023 1.6128 1.6237 1.6371 1.6484 1.6569 1.6627 1.6652 1.6730
0.0100 0.0100 0.0100 0.0131 0.0391 0.0358 0.0872 0.0705 0.2105 0.3625 0.5203 0.6604 0.8144 0.9896 1.2244 1.8304 2.5582 3.0533 3.4377 3.7492 4.0061 4.2190 4.3946 4.5376 4.6511 4.7372 4.7976 4.8332 4.8447 4.8321 4.7953 4.7337 4.6463 4.5314 4.3870 4.2097 3.9949 3.7359 3.4526 3.2138 2.9662 2.7665 2.6129 2.4856 2.3742 2.2752 2.1868 2.1086 2.0398 1.9767 1.9198 1.8705 1.8281 1.7902 1.7557 1.7241 1.6950 1.6678 1.6409 1.6314 1.6473 1.6636 1.6783 1.6917 1.7038 1.7176 1.7371 1.7554 1.7738 1.7919 1.8091
0.0100 0.0100 0.0246 0.0316 0.0536 0.0443 0.0589 0.0857 0.2782 0.4397 0.5914 0.7064 0.8727 1.0945 1.3593 2.1717 2.7749 3.2215 3.5772 3.8691 4.1115 4.3132 4.4799 4.6154 4.7227 4.8036 4.8595 4.8913 4.8994 4.8841 4.8450 4.7816 4.6929 4.5773 4.4326 4.2558 4.0425 3.7862 3.5528 3.3376 3.1158 2.9156 2.7477 2.6087 2.4895 2.3840 2.2903 2.2065 2.1315 2.0645 2.0044 1.9491 1.8986 1.8537 1.8142 1.7796 1.7486 1.7203 1.6940 1.6949 1.7105 1.7251 1.7404 1.7555 1.7701 1.7855 1.8019 1.8169 1.8275 1.8348 1.8399
0.0100 0.0100 0.0100 0.0541 0.0556 0.0537 0.0592 0.1542 0.3392 0.4976 0.6418 0.7509 1.0120 1.2207 1.5456 2.3908 2.9316 3.3470 3.6830 3.9608 4.1926 4.3859 4.5457 4.6756 4.7781 4.8549 4.9073 4.9361 4.9417 4.9242 4.8833 4.8184 4.7286 4.6122 4.4673 4.2908 4.0784 3.8271 3.6404 3.4457 3.2280 3.0417 2.8672 2.7172 2.5893 2.4777 2.3796 2.2922 2.2136 2.1433 2.0795 2.0214 1.9676 1.9181 1.8727 1.8311 1.7947 1.7632 1.7349 1.7408 1.7568 1.7725 1.7853 1.7980 1.8085 1.8194 1.8277 1.8322 1.8348 1.8371 1.8383
0.0100 0.0100 0.0104 0.0324 0.0820 0.0746 0.0737 0.2358 0.4086 0.5497 0.6809 0.7965 1.0054 1.2135 1.8195 2.5395 3.0433 3.4381 3.7605 4.0284 4.2526 4.4397 4.5946 4.7203 4.8192 4.8930 4.9427 4.9693 4.9729 4.9537 4.9114 4.8454 4.7546 4.6377 4.4924 4.3160 4.1043 3.8593 3.7119 3.5309 3.3180 3.1283 2.9617 2.8109 2.6766 2.5589 2.4560 2.3645 2.2820 2.2079 2.1406 2.0794 2.0229 1.9712 1.9234 1.8792 1.8381 1.8014 1.7692 1.7831 1.7997 1.8083 1.8167 1.8247 1.8270 1.8364 1.8408 1.8429 1.8445 1.8421 1.8422
0.0100 0.0100 0.0185 0.0882 0.0790 0.0728 0.0902 0.2697 0.4578 0.5891 0.7091 0.8449 1.0177 1.2934 1.9729 2.6367 3.1182 3.4999 3.8132 4.0746 4.2936 4.4766 4.6280 4.7508 4.8473 4.9189 4.9669 4.9918 4.9940 4.9736 4.9303 4.8634 4.7720 4.6545 4.5090 4.3326 4.1211 3.9056 3.7489 3.5737 3.3735 3.1901 3.0269 2.8775 2.7468 2.6280 2.5201 2.4237 2.3369 2.2580 2.1863 2.1209 2.0604 2.0066 1.9575 1.9123 1.8701 1.8309 1.7974 1.8041 1.8157 1.8310 1.8438 1.8499 1.8602 1.8721 1.8742 1.8755 1.8906 1.9001 1.9095
