tests/data/gray99/lave2D/toposimu.asc
ncols 236
nrows 68
xllcorner 0.00000
yllcorner 0.00000
cellsize 0.2564
nodata_value -99999
[rows 34 to 50 of 68, columns 185 to 221 of 236]
-1.322494991079005472e-18 1.965317168821575654e-19 1.657247586146853960e-20 -3.816666824969742853e-20 1.993417961771247679e-20 -6.589616555374145855e-21 1.808726868469155716e-21 -4.511640631108033995e-22 6.727878019889259716e-23 8.646409612112848414e-24 -1.206982435640904766e-23 6.125570366411046669e-24 -2.080590232345088456e-24 4.832050984192933329e-25 -1.023157434776435909e-25 1.506960723374755693e-26 4.481413238318654432e-27 -3.320740523697470490e-27 -4.367989469903120486e-27 6.044528463901039246e-27 -2.329625095355601355e-27 -1.829010295058170092e-28 6.834344160058428323e-28 2.191238539769813396e-27 -4.469488758597252407e-27 7.193845398268035184e-27 -5.300555865515088622e-27 2.428208142929709939e-28 1.420944505886766285e-27 -3.226115687188900294e-28 -1.163612400028833168e-27 2.981989693692291980e-27 -2.036773991799334695e-27 1.410844797268920623e-27 -1.285842869328428350e-27 7.952013775830992411e-29 3.575706756655341982e-29
-1.582018843499882690e-18 2.574958499973801681e-19 1.742606922068935034e-20 -3.358497412036217964e-20 1.564224931057281428e-20 -5.588903182553526628e-21 1.860535453451908520e-21 -4.289111115733704401e-22 5.800342451749926809e-23 9.348698322842723008e-24 -1.290181905252002123e-23 6.326916876378410080e-24 -2.341927694967254289e-24 7.298189990034287986e-25 -1.722932708164082883e-25 2.028771457371934756e-26 4.221229496305247456e-27 -4.930996984914039055e-27 1.300197403139365584e-27 1.675854845491650670e-27 -2.089084425575328501e-27 3.605488718443345637e-28 1.004927454486323136e-27 1.511192752306542638e-27 -1.888098682847020579e-27 1.141554390166390745e-27 -8.968758508047119708e-28 5.670087042819984988e-28 1.883553228168920764e-28 -2.338872563147241161e-28 -2.319358712533479017e-28 6.890276066500629414e-28 -1.883562236715892021e-28 -4.022348214319553563e-28 2.989494589892042898e-28 -4.731300314532050259e-30 -1.812563123013866575e-29
-1.062615463754423090e-18 1.778292247344551563e-19 1.509827148655888718e-20 -3.242818124342557336e-20 1.770563887216985000e-20 -6.868888537644836737e-21 1.842188466256975375e-21 -4.576598524313142889e-22 8.190246507024932836e-23 1.054435194575544864e-23 -1.404601673776598499e-23 6.613960673628293362e-24 -2.213300311097118716e-24 6.471234430784893895e-25 -1.424769018174440129e-25 1.696197315632681956e-26 4.448212488787545113e-27 -4.367970267997247125e-27 2.182559697621677087e-27 -3.751153567788846278e-28 -6.136135162391606313e-28 6.349011070480460444e-29 2.817185581706693698e-28 1.900391054094302447e-28 -1.678925719840201331e-28 -8.882658232227949997e-30 7.847110581923889597e-29 -9.020173106790178412e-29 1.284556016060699706e-28 -6.529454105559104983e-29 -5.968050817290437037e-29 9.814415152405981012e-29 -2.090030315897571539e-28 1.559377006248365525e-28 -1.295433711037740022e-29 -9.864315249024790282e-30 1.835172543985229026e-29
-1.360959349308846150e-18 2.324275033704204667e-19 1.512464035995737639e-20 -2.936392514707196568e-20 1.390260381911230630e-20 -5.241262218475016463e-21 1.983419840363696060e-21 -5.073884817176847279e-22 6.274661283452239423e-23 8.016875458211876703e-24 -1.107674224184135366e-23 5.733151373657207477e-24 -2.119992080625664865e-24 5.814383613319734299e-25 -1.407989226771894352e-25 2.376345602869523626e-26 5.051891575320064756e-27 -5.154380491340673558e-27 2.540046806358534691e-27 -9.743379275015526209e-28 2.334702931666985212e-28 -2.744745010590283539e-29 7.375000163775051991e-29 5.603417087005943703e-29 4.002927221243686113e-29 4.424376487373512390e-30 -3.691113009669037810e-29 -2.100978631368851830e-29 4.323053788767750806e-29 -2.897320634158968862e-29 -2.646624909923206934e-29 6.978925198464426031e-29 -4.201354621125835102e-29 1.284812885647355770e-29 -2.104574713751984043e-29 2.029149701563178508e-29 -5.061915612782698167e-30
-1.824909923511945656e-18 3.009329340144731479e-19 2.274917167917661714e-20 -4.855730127601962482e-20 2.437341658553555099e-20 -7.921785285947669939e-21 1.842697368963352360e-21 -3.523792502414187949e-22 5.493561643690972164e-23 1.050294913862456410e-23 -1.411187753267912563e-23 6.622890278510033350e-24 -2.497376336695976699e-24 8.013565053092900612e-25 -1.680926642157766580e-25 1.971948095942829484e-26 4.764560943492158082e-27 -5.013846670203919745e-27 2.356425710376463895e-27 -8.169938287676291564e-28 2.244033406772156688e-28 -4.804808067764482094e-29 -4.518325127899468154e-30 2.228546547952929493e-29 5.249472467647819494e-30 1.303738741168755979e-29 -3.727029914255060925e-29 1.231072551295166059e-29 1.346612140045408077e-29 -4.188762079287257324e-30 -1.554400269601861210e-29 1.959600485550941199e-30 1.906970777219720273e-29 -9.424995298051619088e-30 -1.164298806825752396e-29 1.370516386099219010e-29 -3.116220318553377261e-30
-2.133004590374631506e-18 3.042386258520642498e-19 2.222593723055625313e-20 -4.511912911062532308e-20 2.184067554790201593e-20 -7.588682000376538145e-21 2.351988174533159113e-21 -5.993803600491715054e-22 8.247066606959681099e-23 1.060652565935064956e-23 -1.485802082050307343e-23 7.318733581869246027e-24 -2.331948377145740913e-24 5.436846298740986437e-25 -1.156896507128346653e-25 1.765560495761317327e-26 4.558645041002316978e-27 -5.057624122272137338e-27 2.395873716480767351e-27 -8.038323672439430714e-28 2.583473386985856240e-28 -8.740088712769301723e-29 7.975325956035235849e-30 6.386984431534707453e-30 -4.036278978885868097e-30 -1.917121468691736133e-30 -2.113304893885719823e-30 8.438210675819858880e-30 -6.919333353487809493e-30 1.924791694631349093e-30 -2.984033782810501378e-30 -5.555924343981421069e-30 1.380178216486628412e-29 -8.199508604744383696e-30 9.494952326812126024e-30 -1.451332128713699222e-29 -1.622264529080380412e-30
-1.411037283185837692e-18 2.780293541897691936e-19 2.041261282064591499e-20 -4.048800455905993656e-20 2.128853179563390514e-20 -9.152838596497984308e-21 3.087739587741387576e-21 -6.539524773713610135e-22 8.539689061163605162e-23 1.064795574251797697e-23 -1.233352560393807736e-23 5.112973912281861857e-24 -1.834547996199244901e-24 6.692540159511018340e-25 -1.879956381101242134e-25 2.320562474091779498e-26 4.462893573325916326e-27 -4.106902234319010788e-27 2.530975886363326612e-27 -1.395020205351012504e-27 3.666631277070498664e-28 -6.330023249244118967e-29 4.372796727695778220e-30 1.669600688542321634e-30 2.952510456653534858e-29 2.161909827295527619e-29 -3.033167147989304215e-29 -6.589883722782994328e-30 -1.026995121176763988e-28 1.548792067398165879e-28 7.350954519879016081e-29 -4.402684464048855312e-28 3.525238286334242479e-28 -2.060303212353482334e-28 2.075140705720842626e-28 -6.991785790373661739e-29 7.258099202900927970e-30
-1.866799072010792623e-18 2.731170637168602347e-19 2.020105171550116642e-20 -4.600720899782459622e-20 2.463523865812656928e-20 -8.556703509916742007e-21 2.398718946077370590e-21 -6.348508995745137026e-22 1.008644155111276855e-22 1.388162891836684829e-23 -1.957606961203542217e-23 9.839841131461176944e-24 -3.377615923191101626e-24 8.878387108507210871e-25 -2.082868966550952234e-25 2.707027866908883139e-26 6.742066031701956749e-27 -1.013086116713863521e-26 5.749364126033037434e-27 -1.897912316694897013e-27 7.186083248713840488e-28 -1.797468233739649123e-28 -4.936386134602652159e-29 -4.334768471623459290e-29 5.719857780423485878e-28 -7.945634192041015518e-27 8.391844400332140200e-27 -1.452678101288541137e-27 -1.219216086226918188e-27 1.159573549245640479e-28 9.778294496467597847e-28 -5.106701609313553754e-28 1.002626311173929555e-27 -1.319476525921724996e-27 1.922017195539422583e-27 -2.374762515884109787e-27 -2.771624292514558464e-29
-1.640905865490444038e-18 3.010037245076695867e-19 2.308161693000096082e-20 -4.940163202335772869e-20 2.591842815025176952e-20 -9.334606279152347648e-21 2.386902045182938836e-21 -4.552880098152657132e-22 7.097025087090209726e-23 1.356073590216422709e-23 -1.834396610409983173e-23 8.618856063455311229e-24 -3.130639407581133309e-24 9.159105555266146316e-25 -2.084412334849671878e-25 6.302470015756066824e-26 1.662064032746468617e-26 -1.740039432771923948e-26 7.355419265187564891e-27 -1.664800427924415155e-27 -2.114485217015899525e-27 4.239865455014308319e-27 -1.465999798897404477e-27 2.416432200362088329e-28 5.151034034709746247e-26 -3.766209349326250571e-26 1.402706703671711812e-26 -1.349442860387524992e-26 -6.305645068927381357e-28 4.828656869268247263e-27 5.840478023600364675e-27 -1.601593537357077255e-26 8.759514100038465948e-27 -2.419853278952169455e-26 2.926372002861029312e-26 -3.368918726560502705e-27 6.698777555791820837e-27
-1.569283202274715739e-18 2.310733571303637960e-19 1.776949141206888901e-20 -3.262482431601540979e-20 1.437159396592024664e-20 -5.146424610732229300e-21 1.776104130555032943e-21 -5.213821458549429497e-22 8.180414782070321505e-23 1.065495128943932120e-23 -1.724295513882598427e-23 9.656753669522180334e-24 -3.421719486130776797e-24 1.286634244558730780e-24 -7.031956270532600665e-25 5.629865930914975214e-26 1.035154815890275102e-25 -2.924326557570319335e-25 1.963270386801569723e-25 -1.793205811591394207e-26 1.995161485983771310e-26 -1.020256167755593846e-25 9.973156580738591170e-27 -2.438745772910655221e-25 2.730356996856237340e-25 -9.503174302068399060e-27 -1.146480518327463107e-25 7.278792327681757693e-26 -2.312245353126116190e-26 1.168628774334883736e-26 4.657222609653128288e-26 -5.657619839541080146e-26 -1.103416440501481797e-26 -1.402415544148397102e-24 2.020123730538393093e-24 -3.656494728564090012e-25 6.961572945481593960e-27
-2.614885913835736001e-18 3.987615975278417489e-19 2.595390766406523202e-20 -5.057027901510360328e-20 2.312586932181075083e-20 -7.492624179617896440e-21 2.297218726338831404e-21 -5.845971420358067872e-22 8.863521042053298027e-23 1.585271175018814522e-23 -2.032933960591779599e-23 2.387170050061483886e-23 -2.016550670502665201e-23 7.275367320315377139e-24 -1.844993878304372074e-24 9.860852907150972599e-25 1.083001882403825120e-25 -3.613083496207633980e-26 -1.479624699848548029e-24 1.165611331215430229e-24 2.834156890434341801e-25 1.371397480507449039e-25 -7.223747723799013643e-25 3.996711376096083606e-25 -4.124772409783159311e-25 7.972640694476886929e-25 -6.100719213770393472e-25 -9.604716303411213793e-25 1.368741419955494417e-24 2.982978691147790223e-25 1.303057390663295129e-25 -1.081499093357643391e-25 1.167527283560167110e-23 -1.236532532389428548e-23 7.054962417494544079e-24 -8.115617851265895060e-24 6.828355374108849428e-26
-2.661023638805314825e-18 3.917058014500217767e-19 3.147579277129491291e-20 -6.892394009626346562e-20 3.693021977234202648e-20 -1.363524530539773617e-20 3.775298862489300790e-21 -9.144201365634361096e-22 1.591259688101682906e-22 2.160867699936737893e-23 -1.115906148203770237e-22 8.067520029416579583e-23 -2.109650138602080670e-23 1.242528647934133696e-23 -1.339880428151250063e-23 -3.668304507890500805e-24 -2.737671412355560899e-23 2.950290700509418744e-23 -4.781212385680610355e-24 -1.921085842395033059e-23 2.343332182988677586e-23 -5.862623995448380260e-23 8.864818044108588605e-23 2.623083745744261064e-23 -1.673291091374096574e-23 1.502100720824247678e-23 -7.069999012346428709e-24 4.731506647160216167e-24 -1.235997197167203605e-23 -1.226072715203209656e-24 -1.004669809841437108e-24 -7.117789044316039269e-23 6.429601362823311274e-23 -5.786879587636032848e-23 6.514771000604171198e-23 -4.548687887753505175e-23 3.113755497417596411e-23
-3.263178757863878638e-18 5.138716453156951310e-19 3.164923900739602008e-20 -6.543014163248027835e-20 3.417560171101241646e-20 -1.284907840814532680e-20 4.102261455138873951e-21 -1.302353713683210455e-21 2.374977907681032566e-22 2.778775277153842071e-22 -3.698134035995688719e-22 7.830519467805069609e-22 -6.845770768412439178e-22 1.561938710836205258e-22 1.500676419542602816e-22 -2.827487738903059191e-22 -7.093812380186117921e-23 -2.098885146507862292e-22 1.022416967559505005e-22 8.022779122423548807e-22 -1.157143391030219037e-21 9.448166965978570726e-22 -8.538511125895254776e-22 -4.704500655618206777e-23 -4.331755747237712336e-23 8.406608228522848390e-23 -1.899110663421650077e-22 1.490166188841405669e-22 1.940338240200988207e-23 2.935633541747787136e-24 2.427924021728547703e-22 -2.317345244628552839e-22 4.801717961508680349e-22 -5.331946254419155911e-22 2.728980156833749321e-22 -1.560080962719897144e-22 2.860809851699140269e-23
-2.278140615724661530e-18 3.937814116066424493e-19 3.385871954005828894e-20 -7.223733641199321267e-20 3.764065420881293810e-20 -1.427474862126673703e-20 4.247415120644474128e-21 -3.559210144581994350e-21 5.214280272202090995e-21 6.376656078755054115e-22 -2.754936660233606114e-21 1.897264301011061037e-21 -2.467795498185820084e-22 -3.199578589113576395e-21 5.039474538218487073e-21 -1.168739083276889148e-21 -4.513500640912541648e-21 9.934999808633460547e-22 2.912644462739758674e-21 -8.925448980429172666e-22 -1.860981322918242269e-21 1.896158367645533752e-21 -7.282623149751892305e-23 -2.621543484601531927e-22 1.286820698421485859e-23 1.306441180828470348e-21 -1.195482990404420556e-21 3.880199662695065676e-22 -7.264124959091887594e-22 5.325840974671770197e-22 2.334855549910942718e-22 -2.279003498278846422e-21 3.432716685681113108e-21 -2.899030604754080478e-21 -1.370065127267396241e-20 2.615127929152975881e-20 -6.723255214970040007e-22
-2.528829317720805903e-18 4.142011088238519977e-19 2.903349533255590864e-20 -6.817866666188816941e-20 4.581687785912097745e-20 -1.883037716112281104e-20 4.765238219744507926e-20 -7.798261427521165641e-20 1.835223250575792259e-20 6.099146724396218366e-22 9.994266537703479497e-20 -8.497100679757075687e-20 6.153932880754324770e-20 -5.304798464966985805e-20 2.583253456859736510e-20 -2.898395846735091292e-20 -1.584835491357118962e-20 -1.150990307150827980e-20 4.223929121365531236e-19 -4.262656268993088965e-19 3.201158685079020937e-19 -3.684307663652132420e-19 2.029291994716848032e-20 6.462165442794575486e-21 -8.824933589384996024e-21 6.435410786831718756e-21 -1.186730640010697852e-20 9.982532100315642316e-21 3.278392871163504872e-21 -3.171179433856167336e-22 8.731485742817181823e-21 -4.873977051765206952e-20 6.077728047238156750e-20 1.094001143043211227e-19 -1.946878186179461507e-19 3.008756587617968125e-20 4.144526113691807001e-21
-2.981306736520726641e-18 4.658822739831388100e-19 5.061250962385079004e-20 -4.683009342754256717e-19 3.350422259506634050e-19 -4.726979673143821368e-19 5.089329179460779040e-19 -1.564502645264779757e-19 5.388884008618024483e-20 -1.173042322638440534e-19 2.018809612117689389e-19 -3.963665971421860088e-19 3.357854343001914843e-19 -4.519262893490961557e-19 5.376556102904370814e-19 5.894349713754037620e-20 -4.235337918769123758e-20 -1.634833938335362150e-18 1.690018889610818012e-18 -2.824776469842487866e-18 3.088428471911800526e-18 -8.299722514367394841e-19 2.187838992985843311e-19 7.000294696181679485e-20 -3.472068933456147666e-20 1.283681224881067473e-19 -2.950196131288055025e-19 2.413701328542671383e-19 -4.377867774933738206e-21 -2.969080553547455450e-20 1.899986326639986373e-20 -1.507159540032682476e-18 5.270806244243945190e-19 5.410056815942820684e-19 -6.478997426073956801e-19 8.481768608388894780e-19 -3.579038528401118011e-20
-1.128576342935547386e-18 9.029311037497982553e-19 1.168481446982156897e-18 7.645776761496225559e-18 -4.486639880031898791e-18 -1.263502174150887720e-18 6.783759910261495063e-19 1.577471837236160435e-19 1.692983615444557193e-18 6.469838961636437192e-18 -7.649308009733408570e-18 2.686716321328252893e-18 -3.294685226675524532e-19 -2.059835714779474373e-18 4.571144135705996227e-18 -3.399067075786040317e-18 2.705538351688330864e-18 -4.817335320833885953e-18 2.074155026909970829e-17 -2.012643934810649614e-17 5.656993302295728579e-18 -8.985370217296746818e-19 -1.993761681167601717e-19 -1.055222121819693549e-19 -3.767992603656845548e-19 6.630529480690046409e-19 -7.730935500153141880e-19 2.939445259371489809e-20 8.549659784716678411e-19 2.096459039876860570e-20 2.281713321773237233e-18 -6.783137883730140618e-18 1.366289181947915890e-17 -8.073379800966385622e-18 -1.461285930659014125e-18 1.362975162125998137e-19 1.705752094098037971e-19
