tests/data/gray99/lave2D/toposimu.asc
ncols 236
nrows 68
xllcorner 0.00000
yllcorner 0.00000
cellsize 0.2564
nodata_value -99999
[rows 34 to 50 of 68, columns 0 to 36 of 236]
2.932131802095127782e+01 2.910696093005350349e+01 2.889183192570651215e+01 2.867667031561236257e+01 2.846152008995743188e+01 2.824636626427552244e+01 2.803121354891298367e+01 2.781606124363053212e+01 2.760090994592569302e+01 2.738575981614744492e+01 2.717060894655481107e+01 2.695545697573933452e+01 2.674030427081997274e+01 2.652515119924960629e+01 2.630999812834231122e+01 2.609484542545453323e+01 2.587969345793169040e+01 2.566454259312173747e+01 2.544939246190308069e+01 2.523424115506537291e+01 2.501908887863006470e+01 2.480393599994467024e+01 2.458878288635668596e+01 2.437362990521365091e+01 2.415847742386309349e+01 2.394332580965251367e+01 2.372817542740214591e+01 2.351302493566916141e+01 2.329787323876573168e+01 2.308272070403935672e+01 2.286756769883757201e+01 2.265241459050788819e+01 2.243726174639784432e+01 2.222210953385493326e+01 2.200695832022667275e+01 2.179180822065767487e+01 2.157665725435439441e+01
2.932936148760402517e+01 2.912067009005210849e+01 2.890553740945163597e+01 2.869037655324053659e+01 2.847522684015057592e+01 2.826007351721516159e+01 2.804492117609134283e+01 2.782976890025349803e+01 2.761461713261681439e+01 2.739946601763234213e+01 2.718431480452701976e+01 2.696916295531571350e+01 2.675401066546755047e+01 2.653885813071511990e+01 2.632370554666345086e+01 2.610855310895863113e+01 2.589340101323573862e+01 2.567824945513243762e+01 2.546309847587611230e+01 2.524794701209678038e+01 2.503279498229256461e+01 2.481764258210069585e+01 2.460249000715837653e+01 2.438733745310278422e+01 2.417218511557117111e+01 2.395703319020070410e+01 2.374188187262861760e+01 2.352673083612014082e+01 2.331157914679453569e+01 2.309642696162292452e+01 2.288127447624250976e+01 2.266612188629047964e+01 2.245096938740407566e+01 2.223581717522048962e+01 2.202066544537692039e+01 2.180551437577738128e+01 2.159036310738439113e+01
2.934429935424484626e+01 2.914613289217407299e+01 2.893099160757648036e+01 2.871583224358771957e+01 2.850068255985156895e+01 2.828552923222558846e+01 2.807037684013453926e+01 2.785522439971141750e+01 2.764007238882057038e+01 2.742492094823870374e+01 2.720976998028800509e+01 2.699461841248281146e+01 2.677946630423080876e+01 2.656431385404437506e+01 2.634916126032901929e+01 2.613400872152972099e+01 2.591885643608006262e+01 2.570370460241643684e+01 2.548855341897464655e+01 2.527340230045382796e+01 2.505825051593912534e+01 2.484309826221373285e+01 2.462794573771352802e+01 2.441279314087440611e+01 2.419764067013225173e+01 2.398248852392298147e+01 2.376733690068244798e+01 2.355218591387437499e+01 2.333703453468440614e+01 2.312188255903067358e+01 2.290673018534902994e+01 2.269157761207537050e+01 2.247642503764560473e+01 2.226127266049561371e+01 2.204612067906129269e+01 2.183096929177852630e+01 2.161581830813944549e+01
2.936613162087374107e+01 2.918335100142928340e+01 2.896819279728858731e+01 2.875303668956095748e+01 2.853788692993628118e+01 2.832273373289918439e+01 2.810758135566370086e+01 2.789242876594596865e+01 2.767727647754445286e+01 2.746212461475863265e+01 2.724697338811502689e+01 2.703182229140715620e+01 2.681667053172418846e+01 2.660151829838070014e+01 2.638636578772775820e+01 2.617121319615024433e+01 2.595606072002170706e+01 2.574090855571882486e+01 2.552575689961749461e+01 2.531060588748949058e+01 2.509545453492537703e+01 2.488030258275043849e+01 2.466515022734072460e+01 2.444999766507227434e+01 2.423484509232117290e+01 2.401969270546345214e+01 2.380454070087515106e+01 2.358938927493234772e+01 2.337423829153813770e+01 2.315908670129483582e+01 2.294393458188461210e+01 2.272878212968349843e+01 2.251362954106757286e+01 2.229847701241287439e+01 2.208332474009544555e+01 2.186817292049136086e+01 2.165302174997664864e+01
2.939485828749070251e+01 2.923232680687920748e+01 2.901713957288552592e+01 2.880198991023500810e+01 2.858683969990500273e+01 2.837168691362062134e+01 2.815653467351599915e+01 2.794138203289437428e+01 2.772622952541760100e+01 2.751107725912814672e+01 2.729592544798880738e+01 2.708077428280459387e+01 2.686562311443518780e+01 2.665047130044061419e+01 2.643531903536664274e+01 2.622016651377793295e+01 2.600501393022953422e+01 2.578986147927960459e+01 2.557470935548548852e+01 2.535955775340470808e+01 2.514440675810725168e+01 2.492925533576196173e+01 2.471410333757657440e+01 2.449895095810859758e+01 2.428379839191552136e+01 2.406864583355485010e+01 2.385349347758405614e+01 2.363834151856065446e+01 2.342319015104212099e+01 2.320803913427548082e+01 2.299288748298719653e+01 2.277773532565036874e+01 2.256258285682250175e+01 2.234743027106107505e+01 2.213227776292360005e+01 2.191712552696754912e+01 2.170197375775042659e+01
2.943047935409573768e+01 2.929305947102234953e+01 2.907783195880439919e+01 2.886269200242637822e+01 2.864754036652389857e+01 2.843238849974529003e+01 2.821723660378573584e+01 2.800208412818115278e+01 2.778693157184649465e+01 2.757177903424238963e+01 2.735662673217960261e+01 2.714147485278991567e+01 2.692632358980189622e+01 2.671117249362860591e+01 2.649602074664463913e+01 2.628086852916420924e+01 2.606571603382684543e+01 2.585056345327457450e+01 2.563541098014860253e+01 2.542025880709035235e+01 2.520510712674120057e+01 2.498995608498758969e+01 2.477480474110529229e+01 2.455965280318800126e+01 2.434450046387710032e+01 2.412934791581397675e+01 2.391419535163999299e+01 2.369904296399655408e+01 2.348389094552501177e+01 2.326873948886677823e+01 2.305358849127422260e+01 2.283843691214245908e+01 2.262328480807990516e+01 2.240813237172794814e+01 2.219297979572795398e+01 2.197782727272129932e+01 2.176267499534938565e+01
2.947299482068884302e+01 2.936554219865582027e+01 2.915027130188705229e+01 2.893514449984411030e+01 2.871998861547589499e+01 2.850483793854235515e+01 2.828968667964737449e+01 2.807453472879531020e+01 2.785938242632518680e+01 2.764422988630170863e+01 2.742907732460670189e+01 2.721392492511671790e+01 2.699877288018558730e+01 2.678362138019719652e+01 2.656847037841561487e+01 2.635331883172759504e+01 2.613816675411004908e+01 2.592301433628674801e+01 2.570786176898085529e+01 2.549270924291578666e+01 2.527755694881486903e+01 2.506240507740147194e+01 2.484725381939893651e+01 2.463210270457283713e+01 2.441695094549302780e+01 2.420179872390016129e+01 2.398664623051755385e+01 2.377149365606857145e+01 2.355634119127656234e+01 2.334118902686487473e+01 2.312603735355686752e+01 2.291088630878066468e+01 2.269573494667173108e+01 2.248058299974254837e+01 2.226543065871645410e+01 2.205027811431677875e+01 2.183512555726690252e+01
2.952240468727001854e+01 2.944975828514010274e+01 2.923446108464033344e+01 2.901934714404435667e+01 2.880418623149055080e+01 2.858903580920947718e+01 2.837388413790364083e+01 2.815873312563836706e+01 2.794358153176967718e+01 2.772842941647679282e+01 2.751327698482422690e+01 2.729812441922263488e+01 2.708297191039140728e+01 2.686781964665165745e+01 2.665266781692308484e+01 2.643751660999417652e+01 2.622236543450760138e+01 2.600721362828223349e+01 2.579206137973045188e+01 2.557690887766212029e+01 2.536175631088699589e+01 2.514660386821488558e+01 2.493145173845557849e+01 2.471630011041882469e+01 2.450114908045910411e+01 2.428599765725219228e+01 2.407084567063886382e+01 2.385569330942890787e+01 2.364054076243211711e+01 2.342538821845826291e+01 2.321023586631716285e+01 2.299508389481858117e+01 2.277993249277230348e+01 2.256478145452645734e+01 2.234962980749785544e+01 2.213447766479255918e+01 2.191932521522038257e+01
2.957870895383926779e+01 2.954567614218218452e+01 2.933040850200232796e+01 2.911529776973232586e+01 2.890013354340570118e+01 2.868498384184772121e+01 2.846983094213349830e+01 2.825467914669500047e+01 2.803952782474058480e+01 2.782437672031502274e+01 2.760922498650393919e+01 2.739407278851444971e+01 2.717892031464269920e+01 2.696376775132467074e+01 2.674861528563197055e+01 2.653346310445936140e+01 2.631831139474449088e+01 2.610316031063553055e+01 2.588800897154164460e+01 2.567285704937991753e+01 2.545770473108030174e+01 2.524255220357274965e+01 2.502739965378722786e+01 2.481224726865367458e+01 2.459709523510206353e+01 2.438194374006234000e+01 2.416679271701901399e+01 2.395164114726671656e+01 2.373648906150198812e+01 2.352133664665477397e+01 2.330618408965501231e+01 2.309103157743267687e+01 2.287587929691772359e+01 2.266072743504011200e+01 2.244557617872979094e+01 2.223042503294814765e+01 2.201527325659152723e+01
2.964190762039658722e+01 2.964190762039658722e+01 2.943812611437526172e+01 2.922299197333130039e+01 2.900783045630383228e+01 2.879268122755471282e+01 2.857752780910106694e+01 2.836237550219064119e+01 2.814722315830149668e+01 2.793207126781666716e+01 2.771691995529888430e+01 2.750176883937374228e+01 2.728661709912888966e+01 2.707146490124352312e+01 2.685631243092718634e+01 2.664115987325116564e+01 2.642600741333393444e+01 2.621085523628083891e+01 2.599570352720040489e+01 2.578055243677607322e+01 2.556540108732359684e+01 2.535024916159775188e+01 2.513509684470651706e+01 2.491994432175783203e+01 2.470479177785965064e+01 2.448963939811995516e+01 2.427448736764667814e+01 2.405933587154778053e+01 2.384418483854757653e+01 2.362903326108357760e+01 2.341388117374801325e+01 2.319872876164887998e+01 2.298357620989410677e+01 2.276842370359166168e+01 2.255327142784950212e+01 2.233811956777557128e+01 2.212296830847785856e+01
2.971200068694197682e+01 2.971200068694197682e+01 2.955762796261813108e+01 2.934242286663346633e+01 2.912727664014517615e+01 2.891212618162123604e+01 2.869697357300476526e+01 2.848182146802379577e+01 2.826666887742786827e+01 2.805151636032019979e+01 2.783636399928801097e+01 2.762121200139550226e+01 2.740606054515146894e+01 2.719090949304209559e+01 2.697575786977850854e+01 2.676060575445639955e+01 2.654545333045085442e+01 2.633030078112764016e+01 2.611514828985593084e+01 2.589999604000385602e+01 2.568484421493991832e+01 2.546969299803243203e+01 2.525454178679676431e+01 2.503938996592972543e+01 2.482423771878666940e+01 2.460908522873597448e+01 2.439393267914601537e+01 2.417878025338518100e+01 2.396362813482184606e+01 2.374847650682439948e+01 2.353332545310549762e+01 2.331817400210058011e+01 2.310302200722905397e+01 2.288786965185930455e+01 2.267271711935971368e+01 2.245756459309864539e+01 2.224241225644451347e+01
2.978898815347543660e+01 2.978898815347543660e+01 2.968888461952584734e+01 2.947359540044646309e+01 2.925847425677879698e+01 2.904331677078826957e+01 2.882816613737290723e+01 2.861301501012057358e+01 2.839786322742124369e+01 2.818271104880132683e+01 2.796755858229997571e+01 2.775240603623905855e+01 2.753725358473671037e+01 2.732210141141904103e+01 2.710694969760841744e+01 2.689179859108833881e+01 2.667664722950778966e+01 2.646149530228321467e+01 2.624634299114986646e+01 2.603119047784243989e+01 2.581603794409588204e+01 2.560088557164504763e+01 2.538573354222481271e+01 2.517058203757007817e+01 2.495543098707440777e+01 2.474027940168320683e+01 2.452512731584003447e+01 2.430997491127978449e+01 2.409482236973732228e+01 2.387966987294753451e+01 2.366451760264530435e+01 2.344936574056551137e+01 2.323421446844302451e+01 2.301906329527688655e+01 2.280391150946074674e+01 2.258875928838444480e+01 2.237360681378289229e+01
2.987287001999696656e+01 2.987287001999696656e+01 2.983181785894067062e+01 2.961652928154407505e+01 2.940142247736707404e+01 2.918625773958704883e+01 2.897110810936420933e+01 2.875595537308016247e+01 2.854080374443568857e+01 2.832565262004402129e+01 2.811050125552611689e+01 2.789534933120911120e+01 2.768019702394528991e+01 2.746504451565963834e+01 2.724989198602908402e+01 2.703473961543308945e+01 2.681958758406581822e+01 2.660443607216430806e+01 2.638928501435977481e+01 2.617413342872966808e+01 2.595898134583800854e+01 2.574382894591446913e+01 2.552867640918872638e+01 2.531352391589048523e+01 2.509837164624939021e+01 2.488321978049514271e+01 2.466806849885741926e+01 2.445291732201487278e+01 2.423776553727741145e+01 2.402261331993026161e+01 2.380746085020313174e+01 2.359230830832568415e+01 2.337715587452758825e+01 2.316200372903853832e+01 2.294685205208821088e+01 2.273170096327552869e+01 2.251654955081005482e+01
2.996364628650657025e+01 2.996364628650657025e+01 2.996364628650657025e+01 2.977125558646883263e+01 2.955610940202753056e+01 2.934094964903632530e+01 2.912580056055684707e+01 2.891064714250298806e+01 2.869549484812061735e+01 2.848034237512076672e+01 2.826519026419531855e+01 2.805003861669838727e+01 2.783488753683945660e+01 2.761973608253785528e+01 2.740458409480862656e+01 2.718943175260252687e+01 2.697427923475780531e+01 2.675912672015902771e+01 2.654397438767669115e+01 2.632882241618494845e+01 2.611367098455708202e+01 2.589851989567889134e+01 2.568336822943950892e+01 2.546821609398871189e+01 2.525306366819994608e+01 2.503791113094665377e+01 2.482275866110231277e+01 2.460760643754034760e+01 2.439245463913422540e+01 2.417730344231533479e+01 2.396215217110622220e+01 2.374700031597759775e+01 2.353184805580293215e+01 2.331669556945567834e+01 2.310154303580928215e+01 2.288639063373718940e+01 2.267123854211287792e+01
2.996364628650657025e+01 3.006131695300424411e+01 3.006131695300424411e+01 2.993778580078040363e+01 2.972252335466893314e+01 2.950739224086362711e+01 2.929223840739930296e+01 2.907708718076420595e+01 2.886193555572567959e+01 2.864678328717356948e+01 2.843163084655210682e+01 2.821647830725924777e+01 2.800132587660937133e+01 2.778617372497825500e+01 2.757102203163394094e+01 2.735587092320689351e+01 2.714071951641205871e+01 2.692556756528103890e+01 2.671041524749727358e+01 2.649526274074631615e+01 2.628011022271280339e+01 2.606495787108167050e+01 2.584980586353775323e+01 2.563465437776592637e+01 2.541950330026809723e+01 2.520435167777223029e+01 2.498919957467827757e+01 2.477404716867109258e+01 2.455889463743555012e+01 2.434374215865650726e+01 2.412858991001883169e+01 2.391343806920738757e+01 2.369828681390705327e+01 2.348313559262197359e+01 2.326798377728894707e+01 2.305283154509686483e+01 2.283767907373054129e+01
3.006131695300424411e+01 3.016588201948999171e+01 3.016588201948999171e+01 3.011599833996007192e+01 2.990069324479047452e+01 2.968558863598086006e+01 2.947042394052850156e+01 2.925527426012105536e+01 2.904012174860428885e+01 2.882497031922092745e+01 2.860981923600152044e+01 2.839466761852455789e+01 2.817951552369870072e+01 2.796436312323496765e+01 2.774921059578603177e+01 2.753405811744190146e+01 2.731890586503425666e+01 2.710375401520935768e+01 2.688860274465418598e+01 2.667345152947350329e+01 2.645829972152528597e+01 2.624314749614241649e+01 2.602799503000522918e+01 2.581284249979409040e+01 2.559769008218935227e+01 2.538253795387137401e+01 2.516738629152050066e+01 2.495223519524927625e+01 2.473708374797376663e+01 2.452193176996189905e+01 2.430677943789402562e+01 2.409162692845050557e+01 2.387647441831171236e+01 2.366132208415798033e+01 2.344617010266968293e+01 2.323101865052717585e+01 2.301586755616178692e+01
3.016588201948999171e+01 3.016588201948999171e+01 3.027734148596380592e+01 3.027734148596380592e+01 3.009067459366322339e+01 2.987552054101210430e+01 2.966036200048438332e+01 2.944521295841227726e+01 2.923005955662738842e+01 2.901490728794839313e+01 2.879975476967316439e+01 2.858460257110916913e+01 2.836945078085867422e+01 2.815429958621923490e+01 2.793914828558452257e+01 2.772399641542445892e+01 2.750884415167336883e+01 2.729369167017130948e+01 2.707853914680351082e+01 2.686338675744074322e+01 2.664823467795762113e+01 2.643308308422787789e+01 2.621793200413960179e+01 2.600278047897146294e+01 2.578762844740283100e+01 2.557247608530757077e+01 2.535732356855957548e+01 2.514217107303269927e+01 2.492701877460083892e+01 2.471186684913785570e+01 2.449671547251765702e+01 2.428156433426065774e+01 2.406641260720784103e+01 2.385126043684390496e+01 2.363610799904270365e+01 2.342095546967814812e+01 2.320580302462407829e+01
