tests/data/gray99/lave2D/toposimu.asc
ncols 236
nrows 68
xllcorner 0.00000
yllcorner 0.00000
cellsize 0.2564
nodata_value -99999
[rows 17 to 33 of 68, columns 37 to 73 of 236]
2.292603353255101339e+01 2.271088244186327998e+01 2.249573096924034132e+01 2.228057897437379609e+01 2.206542663336992405e+01 2.185027412233500499e+01 2.163512161737533290e+01 2.141996929459719112e+01 2.120481733010686654e+01 2.098966590001065313e+01 2.077451479267021028e+01 2.055936311245263681e+01 2.034421097316420202e+01 2.012905855091115370e+01 1.991390602179982494e+01 1.969875356193647420e+01 1.948360134742739191e+01 1.926844955437887208e+01 1.905329835488929291e+01 1.883814706174279152e+01 1.862299519659187652e+01 1.840784293554281703e+01 1.819269045470191415e+01 1.797753793017544055e+01 1.776238553806969733e+01 1.754723345449096428e+01 1.733208185554553893e+01 1.711693077580138578e+01 1.690177925721008378e+01 1.668662722978709922e+01 1.647147486963871543e+01 1.625632235287122285e+01 1.604116985559090480e+01 1.582601755390406595e+01 1.561086562391697008e+01 1.539571424173591474e+01 1.518056310857593694e+01
2.274001428400401537e+01 2.252486184351063514e+01 2.230970931075262342e+01 2.209455686271028441e+01 2.187940467636392228e+01 2.166425292869378083e+01 2.144910177758311676e+01 2.123395043185317732e+01 2.101879852640400514e+01 2.080364623821590442e+01 2.058849374426915446e+01 2.037334122154404881e+01 2.015818884702088098e+01 1.994303679767992321e+01 1.972788525050146902e+01 1.951273417827446721e+01 1.929758261140612774e+01 1.908243054830482777e+01 1.886727816595085372e+01 1.865212564132449913e+01 1.843697315140604331e+01 1.822182087317577981e+01 1.800666898361400214e+01 1.779151765970098609e+01 1.757636649233699444e+01 1.736121472710401292e+01 1.714606252912433959e+01 1.693091007537825732e+01 1.671575754284604187e+01 1.650060510850799034e+01 1.628545294934439980e+01 1.607030124233554247e+01 1.585515012252325029e+01 1.563999872794011203e+01 1.542484678711624824e+01 1.520969447703194177e+01 1.499454197466749150e+01
2.256574087950620466e+01 2.235058877639352914e+01 2.213543715495785946e+01 2.192028607940928353e+01 2.170513459433441383e+01 2.148998258651796078e+01 2.127483023400786522e+01 2.105967771485212126e+01 2.084452520709870171e+01 2.062937288879557940e+01 2.041422093799073423e+01 2.019906953273213190e+01 1.998391842592893042e+01 1.976876673285746477e+01 1.955361458091363502e+01 1.933846214814546371e+01 1.912330961260090234e+01 1.890815715232790950e+01 1.869300494537448998e+01 1.847785316978860237e+01 1.826270199559580476e+01 1.804755069048992056e+01 1.783239881233297908e+01 1.761724653917296379e+01 1.740209404905784396e+01 1.718694152003559239e+01 1.697178913015419255e+01 1.675663705746161014e+01 1.654148548000581442e+01 1.632633441246040462e+01 1.611118288131093479e+01 1.589603084097967134e+01 1.568087846951459063e+01 1.546572594496367437e+01 1.525057344537488468e+01 1.503542114879620151e+01 1.482026923327560297e+01
2.240321885062421003e+01 2.218806736346932240e+01 2.197291535154839437e+01 2.175776299415598558e+01 2.154261047058662015e+01 2.132745796013485773e+01 2.111230564209525085e+01 2.089715369576235915e+01 2.068200230043069254e+01 2.046685119670899766e+01 2.025169950068792346e+01 2.003654734421723305e+01 1.982139490659147896e+01 1.960624236710522084e+01 1.939108990505298635e+01 1.917593769972935291e+01 1.896078593042884819e+01 1.874563476685976582e+01 1.853048346047176409e+01 1.831533157865604977e+01 1.810017930070714698e+01 1.788502680591961891e+01 1.766987427358800034e+01 1.745472188300685445e+01 1.723956981347071959e+01 1.702441824427415185e+01 1.680926718361625305e+01 1.659411565018873347e+01 1.637896360564991838e+01 1.616381122929434966e+01 1.594865870041659583e+01 1.573350619831118458e+01 1.551835390227267020e+01 1.530320199159559991e+01 1.508805064557453335e+01 1.487289951153159251e+01 1.465774777413609975e+01
2.225244452178704080e+01 2.203729201402179783e+01 2.182213948181777852e+01 2.160698710587776716e+01 2.139183506690456937e+01 2.117668354560096944e+01 2.096153249151803521e+01 2.074638091727004152e+01 2.053122884129647474e+01 2.031607644430014048e+01 2.010092390698380882e+01 1.988577141005031734e+01 1.967061913420240771e+01 1.945546726014292105e+01 1.924031596857462745e+01 1.902516480379935260e+01 1.881001302878824433e+01 1.859486081687317238e+01 1.837970834875691040e+01 1.816455580514227108e+01 1.794940336673204584e+01 1.773425121422902961e+01 1.751909952833600670e+01 1.730394843634354274e+01 1.708879703660725724e+01 1.687364508408581898e+01 1.665849275948199093e+01 1.644334024349859646e+01 1.622818771683840211e+01 1.601303536020420992e+01 1.579788335429883084e+01 1.558273187982504560e+01 1.536758081709846557e+01 1.515242919828301638e+01 1.493727709150398297e+01 1.472212467746418163e+01 1.450697213686639131e+01
2.211341732587028730e+01 2.189826511943455145e+01 2.168311335748279944e+01 2.146796221126960802e+01 2.125281091146556278e+01 2.103765902800325804e+01 2.082250674313602090e+01 2.060735423911721043e+01 2.039220169820017858e+01 2.017704930263824892e+01 1.996189723468478050e+01 1.974674567659311109e+01 1.953159463152074338e+01 1.931644310138440801e+01 1.910129105296759988e+01 1.888613866852368872e+01 1.867098613030600873e+01 1.845583362056790477e+01 1.824068132156272881e+01 1.802552941554381505e+01 1.781037808476450479e+01 1.759522696162747124e+01 1.738007522461111876e+01 1.716492303469211222e+01 1.694977057412381072e+01 1.673461802515954489e+01 1.651946557005267024e+01 1.630431339105652810e+01 1.608916167042445622e+01 1.587401056066847538e+01 1.565885921000258207e+01 1.544370728955850680e+01 1.522855498158958554e+01 1.501340246834917558e+01 1.479824993209062001e+01 1.458309755506725480e+01 1.436794551953243726e+01
2.198614034457627042e+01 2.177098930809327371e+01 2.155583778351104129e+01 2.134068573549356174e+01 2.112553334796596616e+01 2.091038080485338924e+01 2.069522829008096210e+01 2.048007598757383008e+01 2.026492408125712430e+01 2.004977275505598300e+01 1.983462164089046809e+01 1.961946990738682572e+01 1.940431771642542103e+01 1.918916525193142064e+01 1.897401269782995925e+01 1.875886023804616443e+01 1.854370805650517084e+01 1.832855633713212029e+01 1.811340523450708417e+01 1.789825389115478060e+01 1.768310197239711101e+01 1.746794966215921718e+01 1.725279714436623735e+01 1.703764460294329552e+01 1.682249222181553705e+01 1.660734018490809660e+01 1.639218867614611241e+01 1.617703763829257468e+01 1.596188606737615068e+01 1.574673398703188631e+01 1.553158158118490917e+01 1.531642903376035569e+01 1.510127652868336412e+01 1.488612424987905669e+01 1.467097238127258585e+01 1.445582110678907029e+01 1.424066995285767590e+01
2.187061324553456387e+01 2.165546113819060992e+01 2.144030871388388348e+01 2.122515615830931779e+01 2.101000365716180696e+01 2.079485139613630906e+01 2.057969956092770758e+01 2.036454833723094993e+01 2.014939715200468839e+01 1.993424534564675454e+01 1.971909310324349818e+01 1.950394061048984540e+01 1.928878805308070454e+01 1.907363561671101237e+01 1.885848348707567368e+01 1.864333184986963232e+01 1.842818080278985704e+01 1.821302937378327158e+01 1.799787738964881356e+01 1.778272503608139843e+01 1.756757249877595584e+01 1.735241996342740833e+01 1.713726761573067137e+01 1.692211564138064617e+01 1.670696422607229437e+01 1.649181317362854671e+01 1.627666152412820821e+01 1.606150938611237677e+01 1.584635694527596250e+01 1.563120438731388795e+01 1.541605189792106323e+01 1.520089966279242688e+01 1.498574786762288902e+01 1.477059669621096916e+01 1.455544545771010334e+01 1.434029361161117855e+01 1.412514134360912443e+01
2.176683285909821919e+01 2.155168030152642089e+01 2.133652778419802587e+01 2.112137549465219521e+01 2.090622362042808291e+01 2.069107234906483939e+01 2.047592122056699537e+01 2.026076945854346789e+01 2.004561724141981216e+01 1.983046475673518927e+01 1.961531219202874254e+01 1.940015973483963307e+01 1.918500757270703261e+01 1.896985589317006315e+01 1.875470483203905303e+01 1.853955346055691678e+01 1.832440151370941805e+01 1.810924917903571796e+01 1.789409664407498113e+01 1.767894409636635444e+01 1.746379172344899899e+01 1.724863971286207587e+01 1.703348825214472839e+01 1.681833722595663971e+01 1.660318562650905605e+01 1.638803351897004035e+01 1.617288109087876435e+01 1.595772852977437850e+01 1.574257602319603855e+01 1.552742375868290559e+01 1.531227192377412116e+01 1.509712070600886413e+01 1.488196953036075953e+01 1.466681772708019338e+01 1.445166548298213804e+01 1.423651298560575285e+01 1.402136042249017578e+01
2.167480068514592162e+01 2.145964830471599427e+01 2.124449628772393339e+01 2.102934482360365465e+01 2.081419380919003004e+01 2.059904222189478773e+01 2.038389011882152246e+01 2.016873768940412859e+01 1.995358512307650400e+01 1.973843260927255372e+01 1.952328033742616853e+01 1.930812849697127476e+01 1.909297727734173478e+01 1.887782611895677576e+01 1.866267432485328115e+01 1.844752208292538498e+01 1.823236958260696383e+01 1.801721701333193693e+01 1.780206456453418795e+01 1.758691242564763257e+01 1.737176078610615804e+01 1.715660975395212517e+01 1.694145834672136886e+01 1.672630637018591315e+01 1.651115401377965952e+01 1.629600146693649521e+01 1.608084891909033942e+01 1.586569655967507231e+01 1.565054457812461486e+01 1.543539316387285254e+01 1.522024213446812269e+01 1.500509050122806975e+01 1.478993836663691752e+01 1.457478592012859231e+01 1.435963335113696537e+01 1.414448084909595771e+01 1.392932860343946366e+01
2.159451766558618147e+01 2.137936589606893634e+01 2.116421477220828606e+01 2.094906353091058193e+01 2.073391167035217109e+01 2.051875938188142712e+01 2.030360685684669875e+01 2.008845428659636312e+01 1.987330186247877961e+01 1.965814977584231826e+01 1.944299821803534201e+01 1.922784721811409270e+01 1.901269573266669966e+01 1.879754369659896085e+01 1.858239130125926053e+01 1.836723873799595452e+01 1.815208619815739510e+01 1.793693387309197007e+01 1.772178195414803170e+01 1.750663063267394293e+01 1.729147956854366086e+01 1.707632786356920107e+01 1.686117567661478134e+01 1.664602319902875038e+01 1.643087062215948890e+01 1.621571813735535272e+01 1.600056593596471188e+01 1.578541420933592399e+01 1.557026312752052988e+01 1.535511183232960519e+01 1.513995993245072746e+01 1.492480761923224186e+01 1.470965508402252020e+01 1.449450251816993784e+01 1.427935011302284884e+01 1.406419805992962146e+01 1.384904655023862396e+01
2.152598415915961283e+01 2.131083315571693149e+01 2.109568173476801078e+01 2.088052974028244790e+01 2.066537736553985383e+01 2.045022480381986085e+01 2.023507224840208707e+01 2.001991989256614346e+01 1.980476792959165877e+01 1.958961655275824398e+01 1.937446553204071975e+01 1.915931388312207062e+01 1.894416172999993364e+01 1.872900926595391979e+01 1.851385668426365783e+01 1.829870417820875517e+01 1.808355194106884056e+01 1.786840016612351434e+01 1.765324904247989224e+01 1.743809781861264341e+01 1.722294596659543231e+01 1.700779367970785927e+01 1.679264115122957435e+01 1.657748857444017432e+01 1.636233614261929858e+01 1.614718404904654037e+01 1.593203248700153019e+01 1.571688149578231020e+01 1.550173002435448844e+01 1.528657799410984097e+01 1.507142559832800544e+01 1.485627303028858393e+01 1.464112048327120164e+01 1.442596815055547843e+01 1.421081622542103595e+01 1.399566490114748518e+01 1.378051385230526549e+01
2.146919997840588934e+01 2.125404852835665892e+01 2.103889650934582534e+01 2.082374411648964241e+01 2.060859154490435685e+01 2.039343898970620117e+01 2.017828664601143984e+01 1.996313470893631603e+01 1.974798337359708000e+01 1.953283234388018030e+01 1.931768066729114253e+01 1.910252849173247824e+01 1.888737601232044483e+01 1.867222342417128900e+01 1.845707092240125746e+01 1.824191870212658984e+01 1.802676695846355059e+01 1.781161587396725565e+01 1.759646462003977163e+01 1.738131274201840526e+01 1.716616043501939615e+01 1.695100789415900167e+01 1.673585531455345432e+01 1.652070289131901859e+01 1.630555081957194474e+01 1.609039929442845818e+01 1.587524831613552756e+01 1.566009681589121350e+01 1.544494476154500084e+01 1.522979234821312389e+01 1.501463977101184533e+01 1.479948722505740299e+01 1.458433490546604716e+01 1.436918300735402987e+01 1.415403172583759783e+01 1.393888066189471786e+01 1.372372894044105429e+01
2.142416393150879017e+01 2.120901199407810722e+01 2.099385964593166420e+01 2.077870708432406488e+01 2.056355450650992722e+01 2.034840210974388341e+01 2.013325009128054788e+01 1.991809864837452082e+01 1.970294767432230998e+01 1.948779610408304208e+01 1.927264399663244632e+01 1.905749154922514066e+01 1.884233895911574308e+01 1.862718642355886089e+01 1.841203413980912273e+01 1.819688230512114657e+01 1.798173111674954683e+01 1.776657999316474346e+01 1.755142820752915611e+01 1.733627595544128397e+01 1.712112343415576632e+01 1.690597084092720692e+01 1.669081837301022375e+01 1.647566622765944899e+01 1.626051460212948285e+01 1.604536360930308447e+01 1.583021222660164362e+01 1.561506025095237149e+01 1.539990787960987717e+01 1.518475530982879462e+01 1.496960273886372939e+01 1.475445036396928700e+01 1.453929838240011030e+01 1.432414699141080483e+01 1.410899600182978730e+01 1.389384438373826036e+01 1.367869224345795054e+01
2.139087612183853082e+01 2.117572391129708009e+01 2.096057141592559958e+01 2.074541883003664111e+01 2.053026634794277072e+01 2.031511416395656511e+01 2.009996247239057965e+01 1.988481142927950174e+01 1.966966010740456738e+01 1.945450818177815933e+01 1.923935584671284005e+01 1.902420329652117204e+01 1.880905072551570711e+01 1.859389832800903619e+01 1.837874629831370399e+01 1.816359483074226588e+01 1.794844384468335008e+01 1.773329228388124434e+01 1.751814018903134951e+01 1.730298775444621739e+01 1.708783517443843181e+01 1.687268264332054102e+01 1.665753035540511107e+01 1.644237850500471154e+01 1.622722728643190493e+01 1.601207616636207831e+01 1.579692439163685158e+01 1.558177215256753811e+01 1.536661964346667197e+01 1.515146705864682986e+01 1.493631459242057069e+01 1.472116243910045874e+01 1.450601079299905471e+01 1.429085977797640794e+01 1.407570840328512674e+01 1.386055643964086848e+01 1.364540408135619032e+01
2.136933772351203586e+01 2.115418505538198701e+01 2.093903199412111249e+01 2.072387890816228406e+01 2.050872616593840903e+01 2.029357413588237335e+01 2.007842318642706658e+01 1.986327308914892953e+01 1.964812186485042744e+01 1.943296964271931770e+01 1.921781679118850406e+01 1.900266367869087247e+01 1.878751067365932670e+01 1.857235814452674916e+01 1.835720645972604004e+01 1.814205598769008176e+01 1.792690559583931531e+01 1.771175397122178197e+01 1.749660148093568424e+01 1.728144849341390099e+01 1.706629537708932531e+01 1.685114250039486805e+01 1.663599023176338676e+01 1.642083893962779229e+01 1.620568881931531635e+01 1.599053794372600912e+01 1.577538596619925926e+01 1.556023325516797051e+01 1.534508017906501465e+01 1.512992710632329540e+01 1.491477440537570054e+01 1.469962244465513024e+01 1.448447159259445627e+01 1.426932146306857518e+01 1.405417014981582824e+01 1.383901786678967127e+01 1.362386498242298316e+01
2.135951207766888515e+01 2.114437486215262041e+01 2.092924385017079558e+01 2.071411203811602419e+01 2.049897242238095529e+01 2.028381799935821661e+01 2.006864176544044298e+01 1.985345577469427170e+01 1.963829319682889363e+01 1.942314831738290692e+01 1.920801413274892511e+01 1.899288363931960077e+01 1.877774983348755811e+01 1.856260571164544615e+01 1.834744427018589263e+01 1.813225920754330645e+01 1.791708159430138281e+01 1.770192617075642616e+01 1.748678593330107844e+01 1.727165387832796739e+01 1.705652300222973849e+01 1.684138630139902304e+01 1.662623677222845231e+01 1.641106741111067535e+01 1.619587911708301320e+01 1.598071026926987592e+01 1.576556109882392498e+01 1.555042460213781297e+01 1.533529377560416940e+01 1.512016161561562200e+01 1.490502111856482337e+01 1.468986528084439946e+01 1.447468709884698157e+01 1.425950245991991139e+01 1.404434147631414476e+01 1.382919765774580689e+01 1.361406400060751842e+01
