tests/data/gray99/lave2D/toposimu.asc
ncols 236
nrows 68
xllcorner 0.00000
yllcorner 0.00000
cellsize 0.2564
nodata_value -99999
[rows 17 to 33 of 68, columns 185 to 221 of 236]
-3.022451633796203522e-17 5.325953002883532971e-18 -9.754601882889128410e-18 2.848481289827120957e-18 -1.233225527730678475e-17 8.455153463739581572e-17 -8.136485136479175427e-17 1.482575035269563378e-17 -1.718569950743778931e-17 -2.754363266068109780e-18 6.613586569965854441e-18 -2.033502829271148292e-17 5.236460175852966306e-18 1.797184263016955608e-18 5.058211595466703704e-18 1.216286083692057616e-17 -6.688503811440223969e-18 1.508009132871964897e-17 -5.003331942790864490e-17 1.414029808713188061e-17 3.073765767087553441e-17 -9.569257305978830228e-18 4.624466307280819122e-18 1.308330234253949593e-17 2.782976102000949864e-18 2.897876630822505163e-17 -2.653241240041851644e-17 -1.093496817055157152e-17 8.279138964141032119e-18 1.944976813336646220e-18 1.616568796433757668e-17 -6.087892711807747487e-18 3.284325428115753859e-17 -5.032405037910723160e-17 2.006948862058915411e-17 7.625498797574438792e-18 -1.708253929399352074e-18
-1.990310862752858489e-17 -9.566007815329664020e-18 -2.323791205858570011e-18 -1.510322180175162776e-17 -1.127450430490396349e-18 1.299467092008766248e-17 -9.259599396308852265e-18 6.022851722608076754e-18 7.984436714968732754e-19 -3.244353107887905804e-18 -1.861447033959824625e-18 8.418730212008951066e-18 6.657228320091031352e-19 -1.136814536489939840e-17 1.131107194859446887e-17 -5.372875529961578657e-18 1.681807437161714073e-19 8.332019997199162742e-18 -7.109512669910257315e-18 -5.555881772995380983e-19 3.149232976650735095e-18 -2.027912961266861780e-18 1.342407563222495617e-18 -1.601178813523845776e-18 2.602442866370065633e-18 -4.367871719153592648e-18 1.023109258510054492e-17 -1.252080925980110001e-17 5.069527333560839467e-18 1.420608858908067296e-18 1.298699477861078728e-18 -5.186617416246753761e-18 -2.259843709199607005e-18 2.078859534761219586e-19 2.978684471688246306e-18 6.441456928006838331e-18 -2.052000549125494052e-18
-9.076130074177131125e-19 -3.352174179841901604e-18 2.433675992028504669e-19 3.859110074550354476e-19 -1.588028360827567991e-18 5.252458412764438308e-18 -3.851765510004215823e-18 -1.246165560806042656e-18 -2.998307448928532153e-20 -3.348903572756754125e-19 -1.262842140662009917e-18 1.258667371728996762e-18 -1.127543247519322347e-18 -1.157582127136107228e-18 3.177601867493423414e-18 -1.474645882862194788e-21 -1.017980264588358601e-18 2.091249784391839916e-18 -4.284521744898249690e-18 2.633018387896123065e-18 1.304196438786969239e-18 -2.106117947572342354e-18 6.997947250427901953e-19 1.739772405677003021e-19 7.144348480248052883e-19 -1.331664282464676088e-18 2.761370417375560388e-18 -2.159082071558072548e-18 -1.796526084944014138e-19 -5.127737932991851307e-19 -4.641209468324929689e-19 7.732657788911269328e-19 -4.934830267239089704e-20 -3.481173799753847216e-19 -8.000251459049608809e-19 1.415964794231220149e-18 8.103335459497834737e-20
-2.361883558614204993e-18 -4.014306518696196234e-19 -1.331667241499611994e-19 -8.217563599762047725e-19 1.010568659217338794e-18 -9.816291562391332376e-19 2.504417364298132721e-19 6.827094555645777410e-19 -6.703466599664122980e-20 3.442316219429424942e-20 -1.214897284342870794e-19 3.562229016576365789e-19 -7.407783710399815242e-19 6.571814296003220189e-19 -1.738276640851582571e-19 5.440562779685466312e-20 7.081682829144226939e-20 1.092421229275085478e-18 -1.361331126862452305e-18 4.707342373897063349e-19 8.690289880242294666e-19 -1.471764782916380690e-18 3.995354799613633025e-19 7.654698882977674078e-20 6.035406153002205097e-20 -5.251166764163090332e-19 7.139406996759894788e-19 -9.048034168161794909e-19 9.527668166639252241e-19 -1.094756093792734605e-19 -2.586916982727392496e-19 -1.004743030656124788e-19 1.917690478452462916e-19 7.271543433582217126e-20 -8.816018303161991482e-20 -5.268893542106125312e-20 -2.671340930107933592e-20
-2.509521963414646952e-18 2.703888963390148094e-19 -3.001217297213243320e-20 3.806852832504723003e-21 3.885414436111878411e-19 -4.129327561487801115e-19 2.368189261216405195e-19 -1.223770763670306133e-19 -5.441529752904231395e-20 -1.580293492258711459e-21 -6.394780480429162265e-20 2.469602731019313520e-19 -3.818970092185296290e-19 2.228121190681278595e-19 4.781625866789801669e-20 -3.967207132486407308e-20 -3.237071708043166090e-20 -6.074168995260741812e-20 -1.598895354081518376e-19 3.210214212431269708e-19 -1.385584904932218325e-19 -1.403018177729610248e-19 1.502001456321424539e-19 5.086791882089748726e-20 1.606494580762310008e-20 -6.849154435695451906e-20 1.612325306556504021e-19 -2.211228341416003547e-19 1.227726997774164328e-19 -4.630573570906174229e-21 3.807974038236168155e-20 -5.204447780069635930e-20 1.512048141542032549e-19 -1.059733894471434425e-19 -5.654782409578376002e-21 -2.218490060171926140e-20 4.386755946814345892e-21
-1.606163808808058181e-18 1.779448179954734100e-19 4.469889137626397243e-21 -6.354489490053795275e-20 7.349575041258623124e-20 -9.413412305549642944e-20 4.949762957842578757e-20 3.212904168976037041e-20 -3.917032543193643000e-21 -1.746331827032456482e-22 -3.168890104095513470e-20 5.856116255048363315e-20 -2.437802234287748304e-20 -1.372298440022675547e-20 1.785422377606561044e-20 -1.474085714883161428e-20 1.663408548328313705e-20 -2.534689146026803518e-20 2.758448299340392801e-20 2.125158955909683051e-20 -6.286067744468355144e-20 2.251709159303338130e-20 1.563137292251364844e-20 1.669193789055820856e-20 -4.709479060548716123e-20 3.719485177784096433e-21 4.898040999162084209e-20 -4.945200435072205415e-20 1.620663411696723679e-20 4.446391343877490225e-21 5.164270349564922631e-21 -1.726704942635068021e-20 -2.762378419095787500e-21 8.409266542107578175e-21 1.295610524603820832e-20 -1.824432232826131067e-20 3.204192214846737539e-21
-2.468481244720152715e-18 4.155344410743405727e-19 2.694687933971870844e-20 -5.933955838168345434e-20 4.765808548179344976e-20 -1.613511309807681083e-20 -7.587655137523344928e-21 6.764580592000433545e-21 -6.496640882993527721e-21 -7.308834703647119341e-22 -3.549391776628553802e-22 7.160893960719862747e-22 -5.296922107603052522e-21 2.207610727398168663e-21 3.310100757640124691e-21 4.065606106807840918e-21 2.614424123342866780e-21 -1.682459909414015397e-20 8.765591988126494216e-21 -7.207200869281864349e-21 3.319795877498575420e-21 1.183608974015300008e-20 -4.290108241356331007e-21 1.567733292073681840e-21 -1.238325422846311870e-20 1.654181004261561519e-20 3.697459983795287481e-22 -1.112240282450696164e-20 4.225652367599797944e-21 -4.486431083889214227e-21 1.476121642344367862e-21 2.188997784235789356e-21 9.803870935950586180e-22 -4.145807071020072989e-21 8.394419291728485266e-22 -2.140337955142567371e-22 1.640454445548543399e-21
-2.036295169353795272e-18 2.748109801518582579e-19 2.036288549972231359e-20 -4.728113288150784720e-20 2.838817957479015874e-20 -1.735995792177894468e-20 1.107526293637561578e-20 -3.690269223556638311e-21 8.418442505543439222e-22 -8.704043845554224326e-23 3.035443016273328335e-21 -1.154990691677170833e-21 -7.862946002336996653e-22 3.009726164854110984e-22 1.030210539367316639e-22 1.937384405935603087e-22 2.313449650585630833e-21 -3.897710329767030895e-21 2.005900999863866067e-21 -6.474444728007882549e-22 -5.494242101323794843e-22 2.614280618761773932e-21 -2.312163157974272455e-21 -1.967156279658326645e-21 -5.146366268817047769e-22 2.628320586126493637e-21 -2.895633303238713730e-21 8.636798549745233681e-22 1.468849911683264608e-21 7.006182035782291114e-23 1.870385071505015591e-22 -1.236675885893064920e-21 4.951279664632484287e-22 -1.703094589252736669e-22 1.049284777755713175e-21 -9.608665749379396900e-22 5.833391927983755118e-23
-1.406877052792876598e-18 2.318333995160899066e-19 1.744244826408319326e-20 -3.578543398446858987e-20 2.096468693147815357e-20 -8.912596234291118543e-21 2.468323617772872827e-21 -1.383743171089693699e-21 4.434800886618841030e-22 2.164515887923811967e-23 4.713816679151527324e-22 -8.857303432371607133e-22 -2.347968003171563568e-23 7.123625817698579259e-22 -3.598914976307350501e-22 2.184643760634331818e-22 -1.650715721983317817e-22 -6.431968853956723243e-22 8.644489135702380587e-22 -8.931218892751481680e-22 7.067353851543656198e-22 -2.935260224929349876e-23 -1.226869294590007162e-22 -4.293963900244284899e-22 9.368032881976962720e-22 2.891300357644976911e-22 -1.567411714631662129e-21 1.189481403762336811e-21 6.246202466912168754e-23 -2.305967499519956888e-22 -1.907579307881332773e-22 1.943627023955975653e-22 4.816554554800747239e-22 -6.015480953827492940e-22 7.034971604495526695e-23 6.878523049286517398e-23 3.418479544026170611e-23
-1.780934131563063882e-18 2.743569305350775812e-19 1.877638972813704068e-20 -4.203292103767964735e-20 2.212951265037462761e-20 -7.892397660293471175e-21 2.363494444063357389e-21 -3.918441198700415241e-22 1.582208189267222920e-22 2.179176999894539002e-23 -1.998941105034364461e-23 -1.442813232247027455e-23 9.239312251234178770e-23 -9.378533950744551229e-24 -6.641676598601249171e-23 -9.667207972619637727e-23 -1.946883055887708886e-23 1.966580141806625107e-23 2.791411262170084480e-22 -3.260726524034538555e-22 1.595884795188759176e-22 -9.267388616550906923e-23 -2.306975095771948994e-24 -4.043034173925549584e-23 1.776514423265124519e-22 -2.064313444687806444e-22 -2.056435554247643971e-22 3.839745418462852096e-22 -1.876167198743834592e-23 -2.225528254687284703e-23 -1.278441813724638791e-22 9.929060928039996893e-23 -4.709000535152058637e-23 2.791904555578048698e-23 -3.403802775612700724e-23 6.662636287540834763e-23 -1.652432303186812313e-23
-1.546939152287106039e-18 2.290807192545636712e-19 1.508888615889701732e-20 -3.169021139555588284e-20 1.614562274436915424e-20 -5.581991551850991694e-21 1.545172524003219109e-21 -4.062882977086796187e-22 6.310299906585489358e-23 1.223103701080220116e-23 -1.234237254372942850e-23 -1.955375917422932833e-23 1.374463371732890544e-23 4.053419741072800263e-24 -1.689799378907158993e-23 3.268659869427912119e-23 1.544198755792300946e-23 -8.033675671713773940e-23 8.216964741936276287e-23 -8.474956342947585852e-23 4.829411183263611978e-23 1.279007373454587461e-23 1.596112327710250685e-23 2.638454600294805974e-23 1.047093500813259657e-23 -3.739896197827407671e-23 2.076526728465536370e-23 6.934516856116347215e-24 -7.572898840556763314e-24 -1.244249378514478000e-23 -1.333164412088324949e-23 2.241398109601088377e-23 -9.687585474945088451e-24 9.184798075097421221e-24 -1.691329988845691048e-23 2.593384897542597307e-24 5.805889772410991006e-24
-1.057038032459559895e-18 2.017196773322493974e-19 1.743209953911335156e-20 -3.843644104527486372e-20 2.067504714100077867e-20 -7.646168343242822764e-21 2.085300197956805954e-21 -4.942336219785497071e-22 6.697269498768490749e-23 9.196279827394038944e-24 -1.047614282074857687e-23 2.871287990415962225e-24 6.209289818699610268e-24 1.141892774969864312e-25 -1.349816897694173492e-23 5.578033098430486313e-24 1.055955328347721881e-23 -1.776506260335527802e-23 2.709626068434419349e-23 -8.139811379552122061e-24 -1.606796136953545617e-23 9.151223318884273180e-24 1.055987212611003354e-24 1.305433245124870835e-23 -1.355545513135122018e-23 -6.766077306231654242e-25 8.625094647352694698e-24 -8.034766293270294458e-24 4.456119925605974577e-24 -1.329412895046498769e-24 -6.205838165049805830e-24 5.989355699020688719e-25 4.932393231748834895e-24 -4.930022580873839873e-24 7.719971914836012768e-24 -8.751544423213713125e-24 2.894297763768276791e-25
-1.472544594992439368e-18 2.397930902475678097e-19 1.619739926120943625e-20 -3.156390309975648643e-20 1.509077366528441813e-20 -5.375744480769838005e-21 1.629330258426639832e-21 -3.912761249288576967e-22 5.138664643062310432e-23 7.828476115541446350e-24 -1.272407292507900139e-23 4.582466794807385996e-24 2.277508518870119923e-24 -4.577438286994899017e-24 2.057300230433501840e-24 2.055141168615647424e-24 1.050235839503832773e-24 -6.372501570055144867e-24 6.361055212235126039e-24 1.240718380653112057e-24 -6.607229844916136203e-24 3.726305557723192113e-24 3.353780455388425819e-25 2.350256320046697794e-24 -3.841960317324720608e-24 2.216262951131242878e-24 -4.630366233542826895e-25 -1.761882580547554185e-24 2.865405434241407097e-24 -2.240102989699293111e-25 3.019204600657464749e-25 -4.486746949017370353e-25 6.726531607616081821e-25 -7.774397241904645118e-25 -2.199974562171531654e-26 7.836453609287626564e-25 -8.703328627153001115e-26
-1.582694904925077194e-18 2.477276012581410623e-19 1.807510866265768071e-20 -3.626111167890716436e-20 1.724473679188000879e-20 -5.643781661252148990e-21 1.487699737074967235e-21 -3.700072176601915643e-22 6.663916106895522585e-23 8.875227452615839244e-24 -1.180261055699468708e-23 6.298756265337219482e-24 -1.860626584872920396e-24 5.603281892459053759e-25 -1.426084328737038204e-24 4.450566112503582489e-25 5.778259025456469030e-25 4.076288416943457966e-25 1.574134309145364834e-25 1.717146732124400701e-24 -3.006881192178776699e-24 6.369422638861583197e-25 -3.060476796608272130e-26 8.176723775144145725e-26 -7.570285356754169964e-25 1.357585106922964699e-24 -1.143577442670150691e-24 -1.171662269035270229e-25 9.339567362354645741e-25 -5.025439990662877168e-26 1.167924352493091729e-26 -3.227232271122415662e-25 -3.598000991397338031e-26 4.171573093069763305e-25 -3.455210779258416102e-25 2.060861444752282321e-25 -5.616197938322526194e-26
-1.473121724594452647e-18 2.598060789840217627e-19 1.741521927849963614e-20 -3.645028714122362962e-20 1.940624829158715972e-20 -7.603103821918351281e-21 2.330121190830806939e-21 -4.920659285910487404e-22 7.281876666467616167e-23 9.312637072879933847e-24 -1.070468863512028712e-23 4.419958298510027393e-24 -1.685015305802735803e-24 7.596149441584620616e-25 -4.888368118781706575e-25 3.332515518593453018e-25 8.080386308325337355e-26 -2.238226422822787810e-25 3.805831560414219034e-25 -9.411373808936173796e-26 -4.051974802236065313e-25 4.868387905763419754e-25 -1.344605936365640978e-25 4.396463992930758567e-26 5.858220168765139505e-26 5.460684904598084718e-25 -5.653979662872620490e-25 -2.324717824022939439e-26 1.338667407602736699e-25 -2.709391995147956414e-26 -3.779439072635915445e-26 1.406535720916402202e-25 -6.650099436388297115e-26 -1.915894973338211449e-26 -4.711979780696605333e-28 -3.954640755957849588e-27 2.362518270499176650e-26
-1.261349101047603787e-18 1.885236984810735021e-19 1.596969605655752690e-20 -3.389807953092497673e-20 1.750122861299361053e-20 -6.386710572060308959e-21 1.777242701896665962e-21 -3.890502239441752928e-22 6.241820331653699547e-23 8.686254937078664914e-24 -1.265914250344304281e-23 6.362337677816974403e-24 -2.156689925141036163e-24 6.779789762845785280e-25 -1.894154752106592784e-25 9.929925687030783304e-28 -1.374271255399729798e-27 1.658458568539256950e-26 7.566527416324832351e-26 -1.331207775661509908e-25 7.525176702448360753e-26 1.653158756751846930e-26 -3.389502489652328879e-26 2.302523749326259246e-26 -3.860194693981891186e-26 9.014087619741900883e-26 -5.826076171874078715e-26 -5.978218013503514564e-26 7.805701611700264102e-26 7.583882969673209222e-27 -2.301603958723327631e-26 4.477847901494805065e-26 -2.492130007312053400e-26 -1.803672703738267317e-27 2.666843149706656978e-26 -3.403916914039108108e-26 1.947994444367142402e-27
-1.457202222208263423e-18 2.252889917656411129e-19 1.299701214874488621e-20 -2.508079961317469715e-20 1.309441196413693213e-20 -5.472805270595956169e-21 1.800213393662786144e-21 -4.405190617630460349e-22 6.212508050468755650e-23 8.940423837383909011e-24 -1.118680535264217796e-23 5.104681494803212100e-24 -1.965015959620844624e-24 6.463599524545553509e-25 -1.106241458544326391e-25 1.030377921537557116e-26 -6.876839872525931437e-27 1.123316055308033824e-26 -1.651378240794489010e-26 -2.044990357342169710e-26 4.182381889804507697e-26 -1.154051627923588453e-26 4.225983632136496432e-27 2.416804415533443451e-27 -7.930353932514381741e-27 1.687477449187421966e-26 -7.463832134625831527e-27 -9.456481627091293401e-27 8.302487410027191148e-27 2.976602935579426353e-28 -2.319478773836299445e-27 1.591985633587000942e-26 -9.921048083030195353e-27 -5.171012620864673450e-27 5.346311630738815068e-27 3.327959065939668870e-27 -8.379427941762357677e-28
