examples/postprocessing/shaltop_frankslide/delta_10p00/processed/h_max.asc
ncols 201
nrows 201
xllcorner 1010.00000
yllcorner 2010.00000
cellsize 20.0000
nodata_value -99999
[rows 68 to 84 of 201, columns 111 to 147 of 201]
3.438375473022460938e+01 3.461732864379882812e+01 3.484203720092773438e+01 3.505715179443359375e+01 3.527777481079101562e+01 3.549868774414062500e+01 3.559081649780273438e+01 3.555908203125000000e+01 3.543606185913085938e+01 3.524868774414062500e+01 3.499755859375000000e+01 3.465247344970703125e+01 3.423389053344726562e+01 3.377059555053710938e+01 3.325537490844726562e+01 3.270702362060546875e+01 3.214838790893554688e+01 3.157626914978027344e+01 3.100610160827636719e+01 3.046542358398437500e+01 2.995668220520019531e+01 2.945460700988769531e+01 2.893985176086425781e+01 2.837817573547363281e+01 2.774874496459960938e+01 2.703199195861816406e+01 2.625039672851562500e+01 2.542429542541503906e+01 2.455307197570800781e+01 2.366084861755371094e+01 2.278507614135742188e+01 2.194977188110351562e+01 2.118624496459960938e+01 2.053373527526855469e+01 1.994344902038574219e+01 2.005431365966796875e+01 2.123556709289550781e+01
3.457388687133789062e+01 3.519672775268554688e+01 3.576951217651367188e+01 3.619091415405273438e+01 3.638852691650390625e+01 3.639460754394531250e+01 3.624178314208984375e+01 3.594744873046875000e+01 3.556380462646484375e+01 3.511145019531250000e+01 3.464110183715820312e+01 3.428111267089843750e+01 3.382762527465820312e+01 3.327459716796875000e+01 3.261330032348632812e+01 3.188773345947265625e+01 3.120799827575683594e+01 3.057338333129882812e+01 2.995083427429199219e+01 2.943357467651367188e+01 2.903099822998046875e+01 2.865420150756835938e+01 2.827880477905273438e+01 2.788997459411621094e+01 2.747192764282226562e+01 2.701876449584960938e+01 2.652187347412109375e+01 2.600830268859863281e+01 2.548166656494140625e+01 2.491621971130371094e+01 2.430274391174316406e+01 2.367313575744628906e+01 2.305979919433593750e+01 2.248579216003417969e+01 2.198708915710449219e+01 2.149583244323730469e+01 2.143818855285644531e+01
3.518667984008789062e+01 3.561702346801757812e+01 3.601182556152343750e+01 3.629708480834960938e+01 3.643103027343750000e+01 3.642836380004882812e+01 3.630630493164062500e+01 3.608752441406250000e+01 3.577692413330078125e+01 3.538557052612304688e+01 3.492189407348632812e+01 3.439303588867187500e+01 3.379946899414062500e+01 3.315960693359375000e+01 3.250130462646484375e+01 3.189161682128906250e+01 3.126760482788085938e+01 3.056835365295410156e+01 3.000986289978027344e+01 2.953858947753906250e+01 2.908960723876953125e+01 2.866523551940917969e+01 2.831245994567871094e+01 2.797620010375976562e+01 2.762901306152343750e+01 2.724202919006347656e+01 2.680534172058105469e+01 2.634620475769042969e+01 2.588166236877441406e+01 2.541754531860351562e+01 2.491659736633300781e+01 2.436295318603515625e+01 2.377270507812500000e+01 2.317495155334472656e+01 2.269560432434082031e+01 2.222202873229980469e+01 2.205755996704101562e+01
3.530896377563476562e+01 3.578116607666015625e+01 3.621449279785156250e+01 3.649031829833984375e+01 3.660625839233398438e+01 3.660308074951171875e+01 3.649991989135742188e+01 3.630959701538085938e+01 3.602157211303710938e+01 3.562718582153320312e+01 3.513990020751953125e+01 3.457847976684570312e+01 3.396027374267578125e+01 3.329875564575195312e+01 3.262187957763671875e+01 3.195497703552246094e+01 3.131797790527343750e+01 3.073848342895507812e+01 3.020323181152343750e+01 2.967194938659667969e+01 2.910561180114746094e+01 2.848531150817871094e+01 2.783818626403808594e+01 2.726511001586914062e+01 2.667175865173339844e+01 2.607629203796386719e+01 2.549550247192382812e+01 2.496534729003906250e+01 2.445665550231933594e+01 2.396148300170898438e+01 2.349634742736816406e+01 2.306939888000488281e+01 2.267115783691406250e+01 2.228376960754394531e+01 2.201187705993652344e+01 2.160519599914550781e+01 2.175187301635742188e+01
3.545232772827148438e+01 3.588473892211914062e+01 3.620994186401367188e+01 3.639701461791992188e+01 3.644081878662109375e+01 3.638858032226562500e+01 3.623973846435546875e+01 3.603316497802734375e+01 3.571188354492187500e+01 3.528478622436523438e+01 3.476929855346679688e+01 3.418247222900390625e+01 3.354100036621093750e+01 3.285594940185546875e+01 3.215927124023437500e+01 3.150141716003417969e+01 3.091647338867187500e+01 3.039691352844238281e+01 2.991436767578125000e+01 2.943821907043457031e+01 2.895825004577636719e+01 2.846775627136230469e+01 2.794896888732910156e+01 2.737638664245605469e+01 2.674634742736816406e+01 2.605993843078613281e+01 2.536775016784667969e+01 2.467056465148925781e+01 2.397748374938964844e+01 2.331185340881347656e+01 2.269943809509277344e+01 2.213129043579101562e+01 2.161991119384765625e+01 2.121998023986816406e+01 2.106491279602050781e+01 2.061517143249511719e+01 2.133688163757324219e+01
3.582520675659179688e+01 3.627898025512695312e+01 3.650575637817382812e+01 3.643257141113281250e+01 3.641422271728515625e+01 3.631786727905273438e+01 3.613128280639648438e+01 3.583279800415039062e+01 3.545532989501953125e+01 3.496643066406250000e+01 3.431928634643554688e+01 3.360476684570312500e+01 3.286182785034179688e+01 3.215140151977539062e+01 3.147755241394042969e+01 3.086377143859863281e+01 3.033073234558105469e+01 2.992201614379882812e+01 2.957951354980468750e+01 2.926172447204589844e+01 2.891744804382324219e+01 2.853958892822265625e+01 2.814743804931640625e+01 2.773482513427734375e+01 2.729487991333007812e+01 2.683329010009765625e+01 2.636992645263671875e+01 2.589941596984863281e+01 2.540435600280761719e+01 2.488042259216308594e+01 2.432956886291503906e+01 2.375299072265625000e+01 2.316376304626464844e+01 2.257970046997070312e+01 2.204377746582031250e+01 2.168857192993164062e+01 2.143966674804687500e+01
3.636576461791992188e+01 3.682324218750000000e+01 3.697940063476562500e+01 3.692424774169921875e+01 3.675392532348632812e+01 3.647091293334960938e+01 3.609635162353515625e+01 3.563095855712890625e+01 3.509746170043945312e+01 3.467825698852539062e+01 3.423020935058593750e+01 3.371612548828125000e+01 3.315485000610351562e+01 3.254240417480468750e+01 3.189969253540039062e+01 3.124811935424804688e+01 3.058567237854003906e+01 3.002633094787597656e+01 2.963029098510742188e+01 2.928767776489257812e+01 2.894475364685058594e+01 2.859733009338378906e+01 2.823422241210937500e+01 2.784392547607421875e+01 2.742524719238281250e+01 2.699269294738769531e+01 2.655886650085449219e+01 2.611552047729492188e+01 2.565885162353515625e+01 2.519129371643066406e+01 2.471510887145996094e+01 2.423074531555175781e+01 2.373861694335937500e+01 2.325201416015625000e+01 2.282510566711425781e+01 2.248453140258789062e+01 2.215586662292480469e+01
3.708845520019531250e+01 3.729624938964843750e+01 3.729491806030273438e+01 3.718259811401367188e+01 3.698960113525390625e+01 3.674892807006835938e+01 3.643452453613281250e+01 3.599335861206054688e+01 3.543136596679687500e+01 3.477747344970703125e+01 3.405786132812500000e+01 3.344699096679687500e+01 3.282256698608398438e+01 3.220296478271484375e+01 3.160314559936523438e+01 3.103178215026855469e+01 3.048149299621582031e+01 2.993820953369140625e+01 2.938033103942871094e+01 2.881986618041992188e+01 2.827121162414550781e+01 2.774936294555664062e+01 2.722779846191406250e+01 2.670267677307128906e+01 2.617669296264648438e+01 2.564826965332031250e+01 2.511230468750000000e+01 2.456958007812500000e+01 2.402531242370605469e+01 2.355807495117187500e+01 2.313635635375976562e+01 2.277937698364257812e+01 2.255208778381347656e+01 2.218757057189941406e+01 2.221954727172851562e+01 2.221708679199218750e+01 2.217502784729003906e+01
3.785947036743164062e+01 3.792131805419921875e+01 3.782544326782226562e+01 3.764088439941406250e+01 3.738466262817382812e+01 3.704936599731445312e+01 3.662388992309570312e+01 3.607955169677734375e+01 3.543724060058593750e+01 3.472276306152343750e+01 3.397916412353515625e+01 3.324461746215820312e+01 3.255480957031250000e+01 3.190620231628417969e+01 3.130678749084472656e+01 3.074848365783691406e+01 3.021459960937500000e+01 2.969354820251464844e+01 2.917592430114746094e+01 2.865601158142089844e+01 2.814179039001464844e+01 2.763002586364746094e+01 2.710771560668945312e+01 2.657495498657226562e+01 2.603801727294921875e+01 2.549074745178222656e+01 2.493303108215332031e+01 2.436942481994628906e+01 2.380931663513183594e+01 2.326116180419921875e+01 2.273230171203613281e+01 2.223857307434082031e+01 2.179612541198730469e+01 2.149804687500000000e+01 2.139818000793457031e+01 2.138343048095703125e+01 2.176721000671386719e+01
3.862851333618164062e+01 3.860384368896484375e+01 3.846850585937500000e+01 3.824967956542968750e+01 3.794651031494140625e+01 3.754027557373046875e+01 3.699192047119140625e+01 3.634088516235351562e+01 3.563834762573242188e+01 3.492914581298828125e+01 3.420127868652343750e+01 3.347731399536132812e+01 3.279206085205078125e+01 3.215529632568359375e+01 3.159755897521972656e+01 3.108094596862792969e+01 3.058257675170898438e+01 3.009907150268554688e+01 2.961989593505859375e+01 2.913324356079101562e+01 2.863447761535644531e+01 2.811975669860839844e+01 2.758560562133789062e+01 2.703779029846191406e+01 2.647669219970703125e+01 2.589919662475585938e+01 2.530785942077636719e+01 2.470764732360839844e+01 2.411127853393554688e+01 2.353623580932617188e+01 2.298777961730957031e+01 2.247168350219726562e+01 2.200281906127929688e+01 2.169117546081542969e+01 2.160018157958984375e+01 2.121278953552246094e+01 2.168716239929199219e+01
3.944136428833007812e+01 3.936150360107421875e+01 3.918992996215820312e+01 3.892605590820312500e+01 3.854032516479492188e+01 3.801120376586914062e+01 3.736642456054687500e+01 3.664096069335937500e+01 3.586318206787109375e+01 3.506384277343750000e+01 3.427070236206054688e+01 3.350966644287109375e+01 3.280754852294921875e+01 3.216160583496093750e+01 3.157884216308593750e+01 3.103159332275390625e+01 3.050195503234863281e+01 2.998623847961425781e+01 2.947536087036132812e+01 2.896620178222656250e+01 2.844594764709472656e+01 2.790718078613281250e+01 2.735040092468261719e+01 2.677809143066406250e+01 2.619555473327636719e+01 2.560639190673828125e+01 2.501850128173828125e+01 2.443967247009277344e+01 2.387827873229980469e+01 2.334857749938964844e+01 2.285230255126953125e+01 2.238821792602539062e+01 2.197297668457031250e+01 2.175244903564453125e+01 2.170203590393066406e+01 2.143905448913574219e+01 2.204592514038085938e+01
4.034489822387695312e+01 4.022563934326171875e+01 4.000703048706054688e+01 3.966128158569335938e+01 3.915627670288085938e+01 3.850686645507812500e+01 3.775410461425781250e+01 3.694023895263671875e+01 3.608014297485351562e+01 3.520674133300781250e+01 3.436143493652343750e+01 3.358434677124023438e+01 3.287248611450195312e+01 3.221971893310546875e+01 3.159975242614746094e+01 3.099874114990234375e+01 3.040792655944824219e+01 2.981580162048339844e+01 2.921497535705566406e+01 2.860934829711914062e+01 2.800071144104003906e+01 2.738662719726562500e+01 2.676832008361816406e+01 2.614561462402343750e+01 2.552392959594726562e+01 2.490823364257812500e+01 2.430730438232421875e+01 2.372948837280273438e+01 2.317868041992187500e+01 2.266244316101074219e+01 2.218004226684570312e+01 2.173180198669433594e+01 2.134147071838378906e+01 2.116734313964843750e+01 2.117435836791992188e+01 2.133747100830078125e+01 2.246174812316894531e+01
4.134361648559570312e+01 4.117269134521484375e+01 4.086518478393554688e+01 4.038233184814453125e+01 3.972953796386718750e+01 3.894700241088867188e+01 3.808594512939453125e+01 3.716580200195312500e+01 3.621609497070312500e+01 3.528503417968750000e+01 3.442482757568359375e+01 3.364802169799804688e+01 3.293235778808593750e+01 3.225824737548828125e+01 3.161463928222656250e+01 3.098165321350097656e+01 3.034799575805664062e+01 2.970603179931640625e+01 2.905474662780761719e+01 2.840042877197265625e+01 2.774652099609375000e+01 2.709906578063964844e+01 2.645539855957031250e+01 2.581554603576660156e+01 2.518705368041992188e+01 2.458181571960449219e+01 2.400556564331054688e+01 2.346145057678222656e+01 2.294632720947265625e+01 2.245519638061523438e+01 2.198530387878417969e+01 2.154142570495605469e+01 2.114662170410156250e+01 2.092084884643554688e+01 2.091041755676269531e+01 2.138230323791503906e+01 2.285835266113281250e+01
4.238493728637695312e+01 4.210788345336914062e+01 4.163936996459960938e+01 4.097390747070312500e+01 4.015507125854492188e+01 3.923136138916015625e+01 3.825450515747070312e+01 3.723576354980468750e+01 3.623447799682617188e+01 3.529804229736328125e+01 3.444171905517578125e+01 3.366767120361328125e+01 3.293947219848632812e+01 3.224618911743164062e+01 3.156875419616699219e+01 3.089076614379882812e+01 3.020326232910156250e+01 2.950441932678222656e+01 2.879368972778320312e+01 2.807393264770507812e+01 2.735811996459960938e+01 2.665444374084472656e+01 2.595915031433105469e+01 2.527356719970703125e+01 2.461720275878906250e+01 2.400277709960937500e+01 2.342833709716796875e+01 2.289071846008300781e+01 2.238618850708007812e+01 2.191086959838867188e+01 2.146437835693359375e+01 2.105126762390136719e+01 2.069119262695312500e+01 2.042374610900878906e+01 2.039972686767578125e+01 2.158909416198730469e+01 2.315388298034667969e+01
4.333382415771484375e+01 4.286846542358398438e+01 4.218753433227539062e+01 4.134203720092773438e+01 4.037137222290039062e+01 3.933411407470703125e+01 3.825033950805664062e+01 3.716597747802734375e+01 3.614177322387695312e+01 3.520825958251953125e+01 3.437427139282226562e+01 3.359437179565429688e+01 3.285298538208007812e+01 3.213302612304687500e+01 3.141642379760742188e+01 3.069309806823730469e+01 2.995846176147460938e+01 2.921051216125488281e+01 2.844569969177246094e+01 2.767152404785156250e+01 2.690604972839355469e+01 2.616134071350097656e+01 2.545019721984863281e+01 2.477772140502929688e+01 2.414296340942382812e+01 2.355827903747558594e+01 2.301746749877929688e+01 2.251732063293457031e+01 2.205087280273437500e+01 2.160866165161132812e+01 2.118712615966796875e+01 2.079150581359863281e+01 2.042848205566406250e+01 2.007257461547851562e+01 2.009069252014160156e+01 2.150659370422363281e+01 2.312741088867187500e+01
4.403459167480468750e+01 4.334158706665039062e+01 4.247440338134765625e+01 4.147829055786132812e+01 4.038836288452148438e+01 3.921586990356445312e+01 3.804248046875000000e+01 3.693509292602539062e+01 3.593313980102539062e+01 3.504831695556640625e+01 3.422103118896484375e+01 3.343697357177734375e+01 3.267421340942382812e+01 3.191914749145507812e+01 3.116420936584472656e+01 3.039444351196289062e+01 2.960548973083496094e+01 2.879615020751953125e+01 2.797347640991210938e+01 2.715339088439941406e+01 2.635642814636230469e+01 2.559294891357421875e+01 2.486783790588378906e+01 2.419755363464355469e+01 2.356772041320800781e+01 2.299647140502929688e+01 2.247144889831542969e+01 2.197875213623046875e+01 2.150865364074707031e+01 2.105676078796386719e+01 2.062539482116699219e+01 2.021948432922363281e+01 1.984980010986328125e+01 1.955061340332031250e+01 1.940834045410156250e+01 2.101455497741699219e+01 2.265160751342773438e+01
4.440999984741210938e+01 4.352222824096679688e+01 4.251478958129882812e+01 4.135393524169921875e+01 4.009555816650390625e+01 3.885021972656250000e+01 3.767179870605468750e+01 3.659625625610351562e+01 3.565196228027343750e+01 3.477255630493164062e+01 3.394084930419921875e+01 3.313594055175781250e+01 3.234123229980468750e+01 3.154396057128906250e+01 3.073648262023925781e+01 2.990476226806640625e+01 2.904874420166015625e+01 2.817799758911132812e+01 2.730953598022460938e+01 2.646176910400390625e+01 2.565316581726074219e+01 2.489139938354492188e+01 2.418156242370605469e+01 2.357450866699218750e+01 2.300900268554687500e+01 2.248663711547851562e+01 2.199609375000000000e+01 2.152433204650878906e+01 2.106735992431640625e+01 2.062758827209472656e+01 2.020162200927734375e+01 1.979283332824707031e+01 1.942253112792968750e+01 1.910322952270507812e+01 1.885027122497558594e+01 2.016013336181640625e+01 2.172152709960937500e+01
