examples/postprocessing/shaltop_frankslide/delta_10p00/processed/h_max.asc
ncols 201
nrows 201
xllcorner 1010.00000
yllcorner 2010.00000
cellsize 20.0000
nodata_value -99999
[rows 17 to 33 of 201, columns 37 to 73 of 201]
5.652648724208120257e-06 5.034534842707216740e-05 3.050380655622575432e-06 2.099960596524397261e-07 1.652225165571508114e-07 1.374062958348076791e-05 1.776440541334523004e-07 3.791793403706833487e-07 2.559855616368622577e-08 6.353100445721793221e-08 4.098926709161787585e-08 4.119597463159152539e-08 5.020999083171773236e-07 1.360644148462597514e-07 8.612582291789294686e-08 4.355963767466164427e-07 2.011873476703840424e-07 8.551851351512596011e-07 2.927830564658506773e-07 6.123808020674914587e-07 1.564863225667068036e-07 4.301202807255322114e-07 3.267067540946300142e-07 1.884540381524857366e-07 1.310467752091426519e-07 5.451902396202967793e-08 1.174139541149088473e-08 4.822704067919403315e-05 5.233465671539306641e+00 8.153104782104492188e+00 7.931316852569580078e+00 5.658117771148681641e+00 1.913955569267272949e+00 2.265400886535644531e+00 2.629811525344848633e+00 2.960618257522583008e+00 3.304435014724731445e+00
6.571436642843764275e-06 1.783762672857847065e-05 3.514354830258525908e-06 2.253534745477736578e-07 1.625707568564394023e-07 2.044929715339094400e-06 2.308991497557144612e-05 3.377260213710542303e-07 1.235109579056370421e-07 8.493698544498329284e-08 8.772887838404130889e-08 9.953562596365372883e-08 2.710236913117114455e-06 2.493954752935678698e-06 6.672488694903222495e-08 3.431036645906715421e-07 1.165044594131359190e-07 3.694736392390041146e-07 1.083533902601629961e-07 3.972920410433289362e-07 9.808108814013394294e-08 3.323455928239127388e-07 8.226461289950748323e-08 3.615233268305928505e-08 2.008994215429993346e-08 1.191289733526446071e-08 5.778235223630190376e-09 1.004556298255920410e+00 6.592581748962402344e+00 7.382186412811279297e+00 7.057075023651123047e+00 4.738794803619384766e+00 1.534692764282226562e+00 1.821015119552612305e+00 2.198811292648315430e+00 2.656550168991088867e+00 3.108317852020263672e+00
1.162280295829987153e-05 1.987048926821444184e-05 3.995308816229226068e-06 1.982614605822163867e-07 1.584253084274678258e-07 4.822634764423128217e-06 1.840220534177205991e-06 3.435425810494052712e-07 2.884178456952213310e-06 3.072447043450665660e-07 9.276511292455325020e-08 2.111779195956842159e-08 7.531792789450264536e-07 3.642360297817504033e-07 5.939354963402365684e-08 4.664855737246398348e-07 6.836145871602639090e-07 6.877420446471660398e-07 2.667050296167872148e-07 3.497009402053663507e-07 2.316192819762363797e-07 5.424309961199469399e-07 1.967372611488826806e-07 7.772639065706243855e-08 3.041726870378624881e-08 5.978525230432296667e-09 3.683584850477927830e-07 3.850549221038818359e+00 5.246487617492675781e+00 6.546873092651367188e+00 5.149380683898925781e+00 2.926998853683471680e+00 1.381929874420166016e+00 1.601638555526733398e+00 1.864588499069213867e+00 2.229940652847290039e+00 2.732848882675170898e+00
3.133635573249193840e-06 2.305881025677081198e-05 5.086140845378395170e-06 1.234290181173491874e-07 1.627135475246177521e-07 6.936940735613461584e-06 1.938235811849153833e-07 2.588120651125791483e-06 1.277203978133911733e-06 4.981975507689639926e-06 7.422550574176511873e-09 3.399698655925931234e-08 7.954711236379807815e-07 1.702037337736328482e-07 4.171170928657375043e-07 7.551045086984231602e-07 7.509605666200513951e-07 7.638428769496385939e-07 2.304761466120908153e-07 2.087677870576953865e-07 6.622515797971573193e-07 3.804206869517656742e-07 8.533757522855012212e-08 1.939659810545890650e-08 9.600432449019535852e-09 6.839014687898270495e-09 1.767184376716613770e+00 4.019627094268798828e+00 4.715588569641113281e+00 4.492528915405273438e+00 3.057843685150146484e+00 1.064149260520935059e+00 1.266074061393737793e+00 1.466939330101013184e+00 1.675194978713989258e+00 1.941961884498596191e+00 2.306398630142211914e+00
3.881752490997314453e-06 3.782048952416516840e-05 8.750156666792463511e-06 1.225263872584037017e-07 1.721076330341020366e-07 7.236606052174465731e-06 2.013129147826475673e-07 4.353116764832520857e-07 4.946652552462182939e-06 1.842986648625810631e-06 7.712657179581583478e-09 2.108501576003618538e-06 8.064619692049745936e-07 8.853385224938392639e-08 2.241950056713903905e-07 7.255631544467178173e-07 1.197175834022345953e-07 7.964416113281913567e-07 1.963064875099007622e-07 5.375004548113793135e-07 9.566557537254993804e-07 1.184017861532993265e-07 5.043455985287437215e-06 1.656853419262915850e-05 4.935223842039704323e-04 1.168697714805603027e+00 2.963798046112060547e+00 3.499507427215576172e+00 2.735387802124023438e+00 2.284451246261596680e+00 7.351239919662475586e-01 9.092329144477844238e-01 1.114612102508544922e+00 1.332187414169311523e+00 1.538793921470642090e+00 1.794844865798950195e+00 2.585569858551025391e+00
5.596836672339122742e-06 2.620617306092754006e-05 2.275709994137287140e-05 1.165583611850706802e-07 1.878220956541554187e-07 7.604899565194500610e-06 2.113926171887214878e-07 8.112698424156405963e-07 2.622022293508052826e-06 3.148057658108882606e-06 5.679786951873211365e-08 1.154210735876404215e-06 7.054523507576959673e-07 1.516936407597313519e-07 9.034836693899706006e-06 1.651443017181009054e-05 4.996853931515943259e-06 1.940722540894057602e-05 2.545380848459899426e-04 8.871628670021891594e-04 1.995303202420473099e-03 1.266845501959323883e-02 2.222662270069122314e-01 1.628490090370178223e+00 1.453824281692504883e+00 1.500920057296752930e+00 2.053647518157958984e+00 1.952836275100708008e+00 1.018708229064941406e+00 5.625092387199401855e-01 6.624438762664794922e-01 8.073564767837524414e-01 9.864786267280578613e-01 1.198277235031127930e+00 1.422406315803527832e+00 1.683864951133728027e+00 2.866946220397949219e+00
7.962518793647177517e-06 3.507603105390444398e-05 4.844258910452481359e-06 1.399871223384252517e-07 2.128120968336588703e-07 8.071599040704313666e-06 2.752693717411602847e-07 8.300137324113165960e-07 1.313944721914594993e-06 7.041101071081357077e-07 2.142965058737900108e-06 7.214861739157640841e-07 9.981146149584674276e-07 4.732094680548470933e-07 1.105363025999395177e-05 3.899006114806979895e-04 2.486342564225196838e-04 1.036540605127811432e-03 9.745926596224308014e-03 6.259240955114364624e-02 2.045959234237670898e-01 6.897782683372497559e-01 1.658016920089721680e+00 2.258862972259521484e+00 1.574305415153503418e+00 1.087534427642822266e+00 9.936413168907165527e-01 5.916657447814941406e-01 5.821583867073059082e-01 6.161563992500305176e-01 6.855927109718322754e-01 7.959994673728942871e-01 9.741035699844360352e-01 1.124230623245239258e+00 1.375891566276550293e+00 1.643003821372985840e+00 3.131459951400756836e+00
1.274800797546049580e-05 8.945479930844157934e-05 5.351155323296552524e-06 2.947017492260783911e-07 2.616540086819441058e-07 8.702340892341453582e-06 3.069206684358505299e-07 8.560248261346714571e-07 1.411797711625695229e-06 4.175633137037948472e-07 5.054155849393282551e-07 6.482637218141462654e-07 2.030192717938916758e-06 3.693553935590898618e-06 9.223583219863940030e-06 5.735552622354589403e-05 6.477066781371831894e-04 2.950306050479412079e-03 3.462680429220199585e-02 3.318197131156921387e-01 9.977678060531616211e-01 1.931624889373779297e+00 2.607862710952758789e+00 3.150151491165161133e+00 2.219376087188720703e+00 1.456858873367309570e+00 8.317297101020812988e-01 7.464136481285095215e-01 7.027769684791564941e-01 7.188951969146728516e-01 7.752928137779235840e-01 8.813970088958740234e-01 1.010151982307434082e+00 1.230591297149658203e+00 1.502072930335998535e+00 1.775803208351135254e+00 3.513547182083129883e+00
1.606930163688957691e-04 3.582355202524922788e-05 6.309178843366680667e-06 1.509373760200105608e-06 5.788394332739699166e-07 9.610530469217337668e-06 4.887394311481330078e-07 9.269786005461355671e-07 1.555679887133010197e-06 1.118271271138837619e-07 2.874710958167270292e-07 7.282814351583510870e-08 1.302726900576089974e-06 1.952742650246364065e-06 2.047215957645676099e-06 4.948552032146835700e-06 3.992344863945618272e-05 3.566159866750240326e-04 8.394055068492889404e-03 3.335709869861602783e-01 1.367703676223754883e+00 2.328402519226074219e+00 2.997914314270019531e+00 3.694983720779418945e+00 3.343778848648071289e+00 2.420130491256713867e+00 1.455860614776611328e+00 1.326267480850219727e+00 1.275528073310852051e+00 1.271079182624816895e+00 1.246651530265808105e+00 1.243771672248840332e+00 1.307006835937500000e+00 1.439221501350402832e+00 1.628668308258056641e+00 1.894072413444519043e+00 3.990529060363769531e+00
1.154429191956296563e-04 1.943965116879553534e-06 7.129108780645765364e-06 1.004863534603828157e-07 1.799019955228686740e-08 1.103611157304840162e-05 5.813658390252385288e-07 1.215535007759172004e-06 1.765708361745055299e-06 1.232688759955635760e-07 3.259264076405088417e-07 2.262751408466101566e-08 2.338506135401985375e-07 9.179996141028823331e-08 9.080668661454183166e-09 6.645344114986073691e-07 1.036923549690982327e-05 3.395686217118054628e-04 1.373265776783227921e-02 4.182395339012145996e-01 1.539870262145996094e+00 2.433394670486450195e+00 3.111395120620727539e+00 3.739033699035644531e+00 3.864704132080078125e+00 3.241217613220214844e+00 2.316425800323486328e+00 2.035299539566040039e+00 2.097339868545532227e+00 2.209261417388916016e+00 2.328644275665283203e+00 2.353418588638305664e+00 2.294983386993408203e+00 2.308590173721313477e+00 2.415020227432250977e+00 3.030274629592895508e+00 4.663774967193603516e+00
4.813021951122209430e-05 1.260277986148139462e-05 4.905602963845012709e-06 1.625590812182053924e-05 2.324550951016135514e-05 1.410855929862009361e-05 8.813098588689172175e-07 1.977254896701197140e-06 1.472706685490265954e-06 1.418737127778513241e-07 3.855909369576693280e-07 2.429577072859956388e-08 2.374193286414083559e-07 9.244542553688006592e-08 1.678203176425085985e-08 7.020910288701998070e-07 1.977607280423399061e-05 5.710581317543983459e-04 9.640408307313919067e-02 9.210869073867797852e-01 1.844806313514709473e+00 2.540819644927978516e+00 3.192600727081298828e+00 3.722442626953125000e+00 3.816390275955200195e+00 3.023015022277832031e+00 2.520698547363281250e+00 2.635133743286132812e+00 2.859582185745239258e+00 3.142260551452636719e+00 3.436897993087768555e+00 3.721177339553833008e+00 3.733040332794189453e+00 3.189527511596679688e+00 2.972499370574951172e+00 4.571289539337158203e+00 5.780218124389648438e+00
4.979174264008179307e-05 2.625079559948062524e-06 2.113109985657501966e-05 3.305370410089381039e-05 2.935713928309269249e-05 2.470777508278843015e-05 7.183376965258503333e-06 5.741738277720287442e-06 1.065942342393100262e-06 9.416993407285190187e-07 9.592321248419466428e-07 3.204769996045797598e-07 2.413761990283092018e-07 9.879277484969861689e-08 9.273482248772779712e-08 1.088937187887495384e-05 4.293269594199955463e-04 8.842426352202892303e-03 3.633678555488586426e-01 1.312092304229736328e+00 2.021961450576782227e+00 2.566461324691772461e+00 2.992133378982543945e+00 3.277281522750854492e+00 2.816280603408813477e+00 2.287402391433715820e+00 2.530820608139038086e+00 2.932316541671752930e+00 3.402499437332153320e+00 3.880411624908447266e+00 4.295702457427978516e+00 4.662041187286376953e+00 4.524633884429931641e+00 3.915195941925048828e+00 3.615573644638061523e+00 4.646158218383789062e+00 6.340209960937500000e+00
5.174422767595387995e-05 3.521693997754482552e-06 1.282774974242784083e-05 1.831577037592069246e-06 1.312101005623844685e-07 4.119925165468885098e-07 6.530630116685642861e-07 1.126525262407085393e-06 2.146896491694860742e-07 2.711907200136920437e-06 3.121327836197451688e-07 8.193832472898066044e-04 8.192177629098296165e-04 1.759902517051159521e-07 1.213842438119172584e-06 2.119263626809697598e-05 2.534956438466906548e-04 2.295602299273014069e-02 5.757851600646972656e-01 1.486107110977172852e+00 2.034380197525024414e+00 2.396569013595581055e+00 2.607490539550781250e+00 2.353449821472167969e+00 1.649079799652099609e+00 1.854845046997070312e+00 2.184959411621093750e+00 2.810047864913940430e+00 3.592631578445434570e+00 4.371916294097900391e+00 4.993360519409179688e+00 5.164996623992919922e+00 4.917426586151123047e+00 4.541792392730712891e+00 4.436799526214599609e+00 4.581567764282226562e+00 4.989304542541503906e+00
5.296455128700472414e-05 5.184447218198329210e-06 3.277743962826207280e-05 1.045782767050695838e-07 3.092184215347515419e-07 2.896135811170097440e-07 6.909604053362272680e-07 9.273300065615330823e-07 5.929174449192942120e-07 2.579382908152183518e-06 4.329316638518321270e-08 8.395817712880671024e-04 3.229166322853416204e-04 1.343655603704974055e-04 1.062991068465635180e-04 7.827611261745914817e-05 9.295216877944767475e-04 4.691718891263008118e-02 7.194474935531616211e-01 1.566470026969909668e+00 1.981413602828979492e+00 2.197987794876098633e+00 2.018206119537353516e+00 1.553632497787475586e+00 1.307184100151062012e+00 1.502243518829345703e+00 1.812182664871215820e+00 2.563752174377441406e+00 3.573860645294189453e+00 4.570951938629150391e+00 5.314857482910156250e+00 5.582802772521972656e+00 5.465845584869384766e+00 5.248079776763916016e+00 5.245643138885498047e+00 5.426530361175537109e+00 5.804390430450439453e+00
5.451329707284457982e-05 8.314053047797642648e-06 2.575793951109517366e-05 1.060794048157731595e-07 4.815998977392155211e-07 5.198345576218343922e-08 7.396365617751143873e-07 1.065328660843078978e-06 1.009803668239328545e-06 8.040053955937764840e-08 6.282321862727258122e-08 8.416680502705276012e-04 2.995528338942676783e-04 9.993695471166574862e-08 8.000632988114375621e-06 5.952225910732522607e-05 2.787217963486909866e-04 9.408109635114669800e-02 8.243332505226135254e-01 1.661437511444091797e+00 2.118183851242065430e+00 2.309187889099121094e+00 1.808845758438110352e+00 1.269684672355651855e+00 1.139001250267028809e+00 1.297604322433471680e+00 1.617511510848999023e+00 2.427369117736816406e+00 3.546526193618774414e+00 4.586010932922363281e+00 5.393227100372314453e+00 5.752633094787597656e+00 5.745861053466796875e+00 5.803080081939697266e+00 5.937609195709228516e+00 5.977434158325195312e+00 6.194659709930419922e+00
5.541666178032755852e-05 2.624012722662882879e-06 2.450734791636932641e-05 2.326017011000658385e-06 4.852968800150847528e-07 5.319023443917103577e-08 8.040616421567392536e-07 1.315387066824769136e-06 5.181758297112537548e-06 5.215736109676072374e-06 1.138418447226285934e-03 1.138037652708590031e-03 2.719827170949429274e-04 1.033603567179852689e-07 3.149932865653681802e-07 1.133601585934229661e-06 1.048681879183277488e-04 9.610398672521114349e-03 4.341425001621246338e-01 1.409278392791748047e+00 2.096529245376586914e+00 2.608558416366577148e+00 1.924178242683410645e+00 1.333201408386230469e+00 1.149004578590393066e+00 1.177538752555847168e+00 1.503938436508178711e+00 2.423058271408081055e+00 3.680307865142822266e+00 4.765116214752197266e+00 5.598419666290283203e+00 6.002923488616943359e+00 6.119853973388671875e+00 5.954040050506591797e+00 6.111620903015136719e+00 6.211588859558105469e+00 6.379551887512207031e+00
5.538270124816335738e-05 4.633556613953260239e-07 7.978742360137403011e-06 1.077512550295978144e-07 4.899054033558059018e-07 5.419969184572437371e-08 8.757866112318879459e-07 1.433368652214994654e-06 5.140029315953142941e-06 3.299545312529517105e-07 1.905223325593397021e-04 2.187304488643349032e-07 3.036071802853257395e-06 5.086458713776664808e-06 1.946536485775141045e-06 1.420124317519366741e-05 1.525926927570253611e-05 4.123780236113816500e-04 4.059700760990381241e-03 4.172771573066711426e-01 1.618728518486022949e+00 2.610218286514282227e+00 2.295251607894897461e+00 1.455304980278015137e+00 1.143401145935058594e+00 1.107900857925415039e+00 1.352284073829650879e+00 2.338219404220581055e+00 3.748012304306030273e+00 5.117183685302734375e+00 6.032261371612548828e+00 6.551253795623779297e+00 6.512593746185302734e+00 6.185010433197021484e+00 6.095419883728027344e+00 6.279311180114746094e+00 6.499895572662353516e+00
