examples/postprocessing/shaltop_frankslide/delta_10p00/processed/h_max.asc
ncols 201
nrows 201
xllcorner 1010.00000
yllcorner 2010.00000
cellsize 20.0000
nodata_value -99999
[rows 85 to 101 of 201, columns 0 to 36 of 201]
9.203257411718368530e-02 2.416630238294601440e-01 8.221760392189025879e-03 1.631198683753609657e-03 1.648695673793554306e-03 1.820944482460618019e-03 1.862352597527205944e-03 1.778558362275362015e-03 1.395532861351966858e-03 1.610374893061816692e-03 5.959731643088161945e-04 4.454210284166038036e-04 6.108747911639511585e-04 1.282611046917736530e-03 1.648093690164387226e-03 2.535144099965691566e-03 2.344346605241298676e-03 1.864407910034060478e-03 4.903070512227714062e-04 1.120228989748284221e-04 3.216289405827410519e-05 6.198776420205831528e-03 8.635533042252063751e-03 1.129405386745929718e-02 8.142820559442043304e-03 3.455743193626403809e-03 9.984250646084547043e-04 3.239417565055191517e-04 2.986640902236104012e-04 1.009024679660797119e-03 1.632896368391811848e-03 5.855783354490995407e-03 7.164906244724988937e-03 3.440365893766283989e-03 2.857381943613290787e-03 1.691201515495777130e-02 5.818531289696693420e-02
6.249070540070533752e-02 7.215026766061782837e-02 1.188849471509456635e-02 1.886102254502475262e-03 1.607476151548326015e-03 1.827528700232505798e-03 1.912515610456466675e-03 1.950937556102871895e-03 1.933875842951238155e-03 1.496116165071725845e-03 7.645819569006562233e-04 4.966745618730783463e-04 5.580619326792657375e-04 1.281804637983441353e-03 1.839241827838122845e-03 2.956005977466702461e-03 2.651806222274899483e-03 2.500442555174231529e-03 4.372091032564640045e-03 7.638806477189064026e-03 1.014502905309200287e-02 5.503794644027948380e-03 2.766715828329324722e-03 6.689307745546102524e-03 4.415235016494989395e-03 1.590709900483489037e-03 4.724302561953663826e-04 2.370133151998743415e-04 5.913603235967457294e-04 2.244696021080017090e-03 2.508096862584352493e-03 3.519207239151000977e-03 8.170598186552524567e-03 6.700986996293067932e-03 6.123925093561410904e-03 1.301845069974660873e-02 1.313727647066116333e-01
9.622842818498611450e-02 7.720252126455307007e-02 1.162671484053134918e-02 3.153787227347493172e-03 1.576123759150505066e-03 1.831484958529472351e-03 1.927393022924661636e-03 1.993661979213356972e-03 2.067559398710727692e-03 1.945892232470214367e-03 1.014299225062131882e-03 5.832667229697108269e-04 5.085986922495067120e-04 1.254036324098706245e-03 2.070394111797213554e-03 3.361563896760344505e-03 2.916522091254591942e-03 2.110261470079421997e-03 2.654829295352101326e-03 2.697605872526764870e-03 2.065179171040654182e-03 2.442841185256838799e-03 3.757578320801258087e-03 9.028141386806964874e-03 2.781333867460489273e-03 6.162768113426864147e-04 2.656508586369454861e-04 2.304162335349246860e-04 1.683497219346463680e-03 3.841700032353401184e-03 5.214989185333251953e-03 6.933177821338176727e-03 1.481313910335302353e-02 1.341197360306978226e-02 1.475615426898002625e-02 3.487051650881767273e-02 2.762158215045928955e-01
1.229873672127723694e-01 8.150884509086608887e-02 1.081464439630508423e-02 5.109829362481832504e-03 1.520358840934932232e-03 1.830242224968969822e-03 1.952703692950308323e-03 1.986593008041381836e-03 2.141009084880352020e-03 2.372334245592355728e-03 1.325626857578754425e-03 7.661644485779106617e-04 4.809437377844005823e-04 1.196421333588659763e-03 2.327180001884698868e-03 3.767369547858834267e-03 3.197953570634126663e-03 2.354662865400314331e-03 3.102309769019484520e-03 2.900488907471299171e-03 1.983941067010164261e-03 3.634348046034574509e-03 4.420989193022251129e-03 9.729184210300445557e-03 3.104057977907359600e-04 2.355083997827023268e-04 2.215209678979590535e-04 2.961191930808126926e-04 3.774356795474886894e-03 6.061441730707883835e-03 3.569987136870622635e-03 6.221099290996789932e-03 1.636462472379207611e-02 4.082007333636283875e-02 4.186790436506271362e-02 8.755263686180114746e-02 5.321957468986511230e-01
1.456438302993774414e-01 9.100303053855895996e-02 1.299053709954023361e-02 9.114930406212806702e-03 1.580477575771510601e-03 1.773404073901474476e-03 2.002715831622481346e-03 2.044620225206017494e-03 2.004583599045872688e-03 2.829828998073935509e-03 1.645071781240403652e-03 1.111709396354854107e-03 4.774256085511296988e-04 1.091260462999343872e-03 2.587627852335572243e-03 4.177887924015522003e-03 3.548783250153064728e-03 2.698822179809212685e-03 3.527924651280045509e-03 3.006591694429516792e-03 1.933935796841979027e-03 4.689263179898262024e-03 4.672589246183633804e-03 7.922701537609100342e-03 3.982210764661431313e-04 2.377438941039144993e-04 2.568259660620242357e-04 5.700626061297953129e-04 6.176981609314680099e-03 6.827312055975198746e-03 7.619637995958328247e-03 1.668403670191764832e-02 2.748553268611431122e-02 3.744095936417579651e-02 4.563985764980316162e-02 1.879980117082595825e-01 9.268886446952819824e-01
1.649219691753387451e-01 1.360472291707992554e-01 3.765597939491271973e-02 1.451175287365913391e-02 2.314603887498378754e-03 2.384728286415338516e-03 2.028408460319042206e-03 2.187348669394850731e-03 1.700766733847558498e-03 3.230080706998705864e-03 1.912360545247793198e-03 1.584365149028599262e-03 5.178340943530201912e-04 9.396984823979437351e-04 2.833595266565680504e-03 4.630505573004484177e-03 3.896529087796807289e-03 3.181030275300145149e-03 3.869088133797049522e-03 2.985977567732334137e-03 2.546229166910052299e-03 5.426991265267133713e-03 4.798422567546367645e-03 6.057617720216512680e-03 3.408070479054003954e-04 2.365131658734753728e-04 4.153698973823338747e-04 1.229373388923704624e-03 6.196620408445596695e-03 1.024956256151199341e-02 2.589427120983600616e-02 3.408429399132728577e-02 4.354974627494812012e-02 4.921326041221618652e-02 5.124222487211227417e-02 3.639082908630371094e-01 1.523981690406799316e+00
1.535642296075820923e-01 1.764521598815917969e-01 6.191151589155197144e-02 1.500709913671016693e-02 3.148518502712249756e-03 1.975412713363766670e-03 1.930858474224805832e-03 2.421321580186486244e-03 2.645342843607068062e-03 2.470642793923616409e-03 2.098895376548171043e-03 2.132246037945151329e-03 6.037927814759314060e-04 8.032542536966502666e-04 3.065093886107206345e-03 5.110943689942359924e-03 4.244983661919832230e-03 3.854388836771249771e-03 4.155255854129791260e-03 2.859063679352402687e-03 4.065003246068954468e-03 6.084569264203310013e-03 4.617117345333099365e-03 3.748120274394750595e-03 5.614155670627951622e-04 2.318277693120762706e-04 1.147597562521696091e-03 2.557384315878152847e-03 5.721802823245525360e-03 4.469329491257667542e-02 4.749773442745208740e-02 4.937523975968360901e-02 5.619998648762702942e-02 5.712889134883880615e-02 7.196538150310516357e-02 6.312420964241027832e-01 2.327630519866943359e+00
1.318683624267578125e-01 1.955191940069198608e-01 1.238343194127082825e-01 2.460229583084583282e-02 6.329090334475040436e-03 3.055940615013241768e-03 2.201109658926725388e-03 2.290145028382539749e-03 2.742856973782181740e-03 2.893335185945034027e-03 2.271183300763368607e-03 2.632926218211650848e-03 7.683288422413170338e-04 6.665344117209315300e-04 3.281658282503485680e-03 5.738480947911739349e-03 4.651127383112907410e-03 4.835092462599277496e-03 4.272529389709234238e-03 2.879523439332842827e-03 6.817373447120189667e-03 6.337958853691816330e-03 4.072845913469791412e-03 1.735349185764789581e-03 6.686417618766427040e-04 2.462737902533262968e-04 3.673546714708209038e-03 4.778581205755472183e-03 6.267531774938106537e-03 1.087801754474639893e-01 6.630662828683853149e-02 1.096759885549545288e-01 8.924695849418640137e-02 6.004852801561355591e-02 1.550306379795074463e-01 1.075897336006164551e+00 3.493857860565185547e+00
8.461926132440567017e-02 1.905802190303802490e-01 1.827619969844818115e-01 6.084946915507316589e-02 1.435633469372987747e-02 5.669916979968547821e-03 3.160307416692376137e-03 2.446484519168734550e-03 2.733087865635752678e-03 3.206559689715504646e-03 3.319734474644064903e-03 2.584182657301425934e-03 1.178342965431511402e-03 5.420599482022225857e-04 3.453332697972655296e-03 6.423516198992729187e-03 5.573687143623828888e-03 6.274276413023471832e-03 4.022010602056980133e-03 6.229923572391271591e-03 9.755466133356094360e-03 8.311113342642784119e-03 3.140552435070276260e-03 9.631593129597604275e-04 7.914204616099596024e-04 6.001146044582128525e-03 6.474056839942932129e-02 1.474130004644393921e-01 1.761731058359146118e-01 1.672227084636688232e-01 1.066832244396209717e-01 6.659869849681854248e-02 3.557036444544792175e-02 1.360164862126111984e-02 3.181483149528503418e-01 1.797076463699340820e+00 5.142908096313476562e+00
4.027081280946731567e-02 1.602802723646163940e-01 2.086829841136932373e-01 1.288347989320755005e-01 3.445600718259811401e-02 1.208235323429107666e-02 5.481206346303224564e-03 3.307028673589229584e-03 2.698206808418035507e-03 3.247169544920325279e-03 3.655317705124616623e-03 3.406832227483391762e-03 2.041214611381292343e-03 3.518845478538423777e-04 3.523884573951363564e-03 7.581190206110477448e-03 6.838289089500904083e-03 8.364323526620864868e-03 2.955855336040258408e-03 2.929024957120418549e-02 4.179617390036582947e-02 3.502017259597778320e-02 3.354426845908164978e-02 3.570975363254547119e-02 7.975181937217712402e-02 1.779138594865798950e-01 1.267614215612411499e-01 5.637091398239135742e-02 2.239872328937053680e-02 1.347868796437978745e-02 1.076315715909004211e-02 7.051240652799606323e-02 1.357649359852075577e-02 4.122583195567131042e-02 6.364333033561706543e-01 2.917838335037231445e+00 7.462689399719238281e+00
1.214292179793119431e-02 8.929258584976196289e-02 1.959435492753982544e-01 1.935974657535552979e-01 8.138367533683776855e-02 2.780067548155784607e-02 1.132036652415990829e-02 5.633760243654251099e-03 3.688071621581912041e-03 3.033261746168136597e-03 3.855151357129216194e-03 4.179472569376230240e-03 3.600463969632983208e-03 3.396587271708995104e-04 3.547569271177053452e-03 8.888710290193557739e-03 8.780716918408870697e-03 1.344836410135030746e-02 4.694148898124694824e-02 4.694877564907073975e-02 4.161120951175689697e-02 3.850958123803138733e-02 3.485805913805961609e-02 1.362267732620239258e-01 1.130712106823921204e-01 6.385385245084762573e-02 1.966568082571029663e-02 8.994525298476219177e-03 8.074276149272918701e-03 9.327580220997333527e-03 1.097815856337547302e-02 8.459728956222534180e-02 1.006315648555755615e-02 1.211087927222251892e-01 1.268758773803710938e+00 4.749794483184814453e+00 1.054563617706298828e+01
2.831659512594342232e-03 3.105757571756839752e-02 1.498365104198455811e-01 2.138041555881500244e-01 1.521675735712051392e-01 6.897888332605361938e-02 2.514881640672683716e-02 1.137023884803056717e-02 6.121677812188863754e-03 4.007836803793907166e-03 3.830783767625689507e-03 5.262584425508975983e-03 5.444725975394248962e-03 1.236949395388364792e-02 3.881332697346806526e-03 1.033711060881614685e-02 1.115611847490072250e-02 1.785642094910144806e-02 3.964369744062423706e-02 1.958561874926090240e-02 1.638117618858814240e-02 1.443915069103240967e-02 1.338775455951690674e-01 1.019611954689025879e-01 5.508900806307792664e-02 1.231694314628839493e-02 6.182358134537935257e-03 6.627712398767471313e-03 9.859345853328704834e-03 1.214429922401905060e-02 1.224994845688343048e-02 9.572014957666397095e-02 3.147211298346519470e-02 3.364545702934265137e-01 2.522104263305664062e+00 7.459846019744873047e+00 1.440957736968994141e+01
4.306957707740366459e-04 4.134566523134708405e-03 7.392153888940811157e-02 1.870594620704650879e-01 1.969084739685058594e-01 1.209478899836540222e-01 6.326603889465332031e-02 3.138545155525207520e-02 1.203385181725025177e-02 6.672352552413940430e-03 4.655590280890464783e-03 6.836450658738613129e-03 1.109135989099740982e-02 5.869450978934764862e-03 4.820341710001230240e-03 1.114617101848125458e-02 1.404687017202377319e-02 2.824309840798377991e-02 5.604299530386924744e-02 1.517217457294464111e-01 2.092150896787643433e-01 2.265668660402297974e-01 1.259073913097381592e-01 4.053458943963050842e-02 9.998927824199199677e-03 4.566619172692298889e-03 6.067293696105480194e-03 9.689638391137123108e-03 1.266776863485574722e-02 1.296367775648832321e-02 1.215952914208173752e-02 1.021048501133918762e-01 1.046882420778274536e-01 8.492980599403381348e-01 4.763562679290771484e+00 1.121881580352783203e+01 1.880105209350585938e+01
3.777612873818725348e-04 2.017629332840442657e-03 1.953712664544582367e-02 1.226880177855491638e-01 1.975472122430801392e-01 1.798038035631179810e-01 1.019905656576156616e-01 5.394707620143890381e-02 6.106888502836227417e-02 1.593243330717086792e-02 8.928424678742885590e-03 7.342381402850151062e-03 1.252877805382013321e-02 8.405445143580436707e-03 6.515261717140674591e-03 1.158921886235475540e-02 1.772223040461540222e-02 4.108311608433723450e-02 7.387548685073852539e-02 6.900436431169509888e-02 2.909878082573413849e-02 7.822425104677677155e-03 4.984115716069936752e-03 1.542589347809553146e-02 3.671486862003803253e-03 5.691304802894592285e-03 9.426387958228588104e-03 1.253652665764093399e-02 1.365640666335821152e-02 1.308475434780120850e-02 1.158891338855028152e-02 1.091140508651733398e-01 3.289845585823059082e-01 2.031252384185791016e+00 8.609325408935546875e+00 1.635223007202148438e+01 2.317782211303710938e+01
3.625024342909455299e-03 2.347905421629548073e-03 7.238341495394706726e-03 4.572062194347381592e-02 1.442358791828155518e-01 1.930342018604278564e-01 1.617139875888824463e-01 8.967092633247375488e-02 4.976725950837135315e-02 4.980623722076416016e-02 4.989028722047805786e-02 2.650676667690277100e-02 1.371311489492654800e-02 1.122805103659629822e-02 9.096292778849601746e-03 1.163212023675441742e-02 2.145398221909999847e-02 5.530816316604614258e-02 8.089921623468399048e-02 6.782335788011550903e-02 1.771415956318378448e-02 6.984108593314886093e-03 7.024872116744518280e-03 1.510184630751609802e-02 6.478188559412956238e-03 9.177305735647678375e-03 1.211358793079853058e-02 1.380323711782693863e-02 1.374378241598606110e-02 1.251127105206251144e-02 1.100800465792417526e-02 1.278693825006484985e-01 9.274078607559204102e-01 4.278908729553222656e+00 1.403927516937255859e+01 2.002301788330078125e+01 2.587110900878906250e+01
1.082471339032053947e-03 1.369562582112848759e-03 1.659638131968677044e-03 1.165030058473348618e-02 7.217706739902496338e-02 1.631950139999389648e-01 1.842592209577560425e-01 1.466031521558761597e-01 8.278347551822662354e-02 4.856073111295700073e-02 3.218127414584159851e-02 2.338325604796409607e-02 1.849434711039066315e-02 1.535165961831808090e-02 1.310625579208135605e-02 1.219899579882621765e-02 2.428618259727954865e-02 7.022566348314285278e-02 8.700792491436004639e-02 6.654483079910278320e-02 1.302231755107641220e-02 9.060123935341835022e-03 8.773298934102058411e-03 1.266841311007738113e-02 1.003798842430114746e-02 1.227241847664117813e-02 1.363487169146537781e-02 1.415929384529590607e-02 1.344085950404405594e-02 1.143391523510217667e-02 4.711828380823135376e-02 4.053494036197662354e-01 2.376184463500976562e+00 8.108347892761230469e+00 1.918887329101562500e+01 2.348553657531738281e+01 2.891901588439941406e+01
1.224466715939342976e-03 1.478507532738149166e-03 2.377863740548491478e-03 3.945214673876762390e-03 2.608291804790496826e-02 9.536201506853103638e-02 1.701625287532806396e-01 1.758049726486206055e-01 1.361059695482254028e-01 7.910455018281936646e-02 5.008045211434364319e-02 3.449872881174087524e-02 2.616548724472522736e-02 2.133140340447425842e-02 1.871554926037788391e-02 1.358116324990987778e-02 2.625724300742149353e-02 8.608710020780563354e-02 9.342677146196365356e-02 6.316684186458587646e-02 1.176633592694997787e-02 1.150863897055387497e-02 1.054318808019161224e-02 1.096796616911888123e-02 1.760009862482547760e-02 1.430611591786146164e-02 1.406202092766761780e-02 1.393195055425167084e-02 1.267095562070608139e-02 1.622394844889640808e-02 1.793545782566070557e-01 1.160527944564819336e+00 5.351063251495361328e+00 1.330134391784667969e+01 2.440599632263183594e+01 2.805908966064453125e+01 3.309368896484375000e+01
