examples/postprocessing/shaltop_frankslide/delta_10p00/processed/h_max.asc
ncols 201
nrows 201
xllcorner 1010.00000
yllcorner 2010.00000
cellsize 20.0000
nodata_value -99999
[rows 136 to 152 of 201, columns 37 to 73 of 201]
9.736862945556640625e+01 8.757463836669921875e+01 7.939112854003906250e+01 7.396184539794921875e+01 7.155868530273437500e+01 6.842457580566406250e+01 6.566764831542968750e+01 6.390068817138671875e+01 6.333987426757812500e+01 6.179810714721679688e+01 5.887863159179687500e+01 5.443904113769531250e+01 5.132152175903320312e+01 4.785552597045898438e+01 4.491304779052734375e+01 4.238932418823242188e+01 4.034882736206054688e+01 3.836608505249023438e+01 3.651296997070312500e+01 3.495767974853515625e+01 3.355707550048828125e+01 3.226059341430664062e+01 3.088523101806640625e+01 2.896337890625000000e+01 2.693892860412597656e+01 2.495693588256835938e+01 2.302085113525390625e+01 2.106826400756835938e+01 1.915309333801269531e+01 1.734775352478027344e+01 1.577869987487792969e+01 1.434494686126708984e+01 1.335476779937744141e+01 1.223828792572021484e+01 1.123392581939697266e+01 1.032571125030517578e+01 9.509368896484375000e+00
9.136939239501953125e+01 8.305285644531250000e+01 7.486178588867187500e+01 6.914890289306640625e+01 6.671858215332031250e+01 6.258815383911132812e+01 6.120893096923828125e+01 5.970896911621093750e+01 5.868943786621093750e+01 5.795074081420898438e+01 5.605883407592773438e+01 5.203158950805664062e+01 4.648738861083984375e+01 4.302951812744140625e+01 4.058147811889648438e+01 3.826399230957031250e+01 3.620269775390625000e+01 3.428715133666992188e+01 3.255195999145507812e+01 3.086793136596679688e+01 2.921517753601074219e+01 2.759840583801269531e+01 2.585701370239257812e+01 2.394330596923828125e+01 2.181801033020019531e+01 1.991360282897949219e+01 1.813983345031738281e+01 1.651353836059570312e+01 1.499361801147460938e+01 1.361959743499755859e+01 1.246836280822753906e+01 1.146557044982910156e+01 1.100573062896728516e+01 1.008061981201171875e+01 9.231054306030273438e+00 8.415986061096191406e+00 7.614205837249755859e+00
8.522705078125000000e+01 8.051785278320312500e+01 7.488236999511718750e+01 6.937754058837890625e+01 6.633203125000000000e+01 6.380636978149414062e+01 6.185283660888671875e+01 5.959228897094726562e+01 5.776499938964843750e+01 5.647666168212890625e+01 5.450966644287109375e+01 5.091905593872070312e+01 4.619742584228515625e+01 4.117318344116210938e+01 3.823386001586914062e+01 3.605810165405273438e+01 3.383104705810546875e+01 3.172659683227539062e+01 2.989618873596191406e+01 2.796967315673828125e+01 2.590705299377441406e+01 2.393569564819335938e+01 2.192372512817382812e+01 1.991771697998046875e+01 1.791191291809082031e+01 1.610336685180664062e+01 1.445041751861572266e+01 1.310776233673095703e+01 1.190832138061523438e+01 1.090240764617919922e+01 1.007062244415283203e+01 9.337119102478027344e+00 8.750345230102539062e+00 7.982009887695312500e+00 7.235113143920898438e+00 6.406237125396728516e+00 5.521981716156005859e+00
7.948339080810546875e+01 7.747775268554687500e+01 7.453266143798828125e+01 7.100388336181640625e+01 6.806721496582031250e+01 6.531437683105468750e+01 6.197606658935546875e+01 5.831043243408203125e+01 5.507180786132812500e+01 5.258592987060546875e+01 5.009537887573242188e+01 4.708580398559570312e+01 4.365021896362304688e+01 3.991157531738281250e+01 3.724014282226562500e+01 3.476720046997070312e+01 3.224022293090820312e+01 2.983022880554199219e+01 2.778712081909179688e+01 2.535092735290527344e+01 2.294687080383300781e+01 2.071028137207031250e+01 1.847142219543457031e+01 1.655415534973144531e+01 1.467263793945312500e+01 1.304230880737304688e+01 1.162156867980957031e+01 1.047777462005615234e+01 9.500237464904785156e+00 8.658129692077636719e+00 7.940767288208007812e+00 7.345883846282958984e+00 6.769249916076660156e+00 6.089559078216552734e+00 5.291005611419677734e+00 4.437145233154296875e+00 3.603412628173828125e+00
7.196298217773437500e+01 7.176916503906250000e+01 7.128660583496093750e+01 7.015188598632812500e+01 6.794927978515625000e+01 6.413115692138671875e+01 5.900001907348632812e+01 5.369375991821289062e+01 5.086976623535156250e+01 4.894936752319335938e+01 4.679367446899414062e+01 4.403496551513671875e+01 4.120048904418945312e+01 3.865515136718750000e+01 3.629947280883789062e+01 3.390552139282226562e+01 3.128476142883300781e+01 2.883428001403808594e+01 2.653236198425292969e+01 2.389992523193359375e+01 2.087875747680664062e+01 1.822537803649902344e+01 1.583870506286621094e+01 1.393421363830566406e+01 1.211481285095214844e+01 1.052637767791748047e+01 9.179243087768554688e+00 8.100316047668457031e+00 7.319090366363525391e+00 6.731600284576416016e+00 6.254281044006347656e+00 5.708405017852783203e+00 5.071938037872314453e+00 4.315428733825683594e+00 3.455619335174560547e+00 2.665165901184082031e+00 2.025307655334472656e+00
6.176804351806640625e+01 6.264211273193359375e+01 6.401959228515625000e+01 6.418384552001953125e+01 6.224019622802734375e+01 5.761407852172851562e+01 5.326213455200195312e+01 5.001627731323242188e+01 4.643439483642578125e+01 4.337419891357421875e+01 4.172726058959960938e+01 3.999332046508789062e+01 3.829638290405273438e+01 3.634729003906250000e+01 3.366836547851562500e+01 3.069551086425781250e+01 2.738147163391113281e+01 2.452754402160644531e+01 2.176857185363769531e+01 1.873314285278320312e+01 1.620540618896484375e+01 1.395188617706298828e+01 1.205228519439697266e+01 1.042995071411132812e+01 9.021718978881835938e+00 7.956209182739257812e+00 7.153306961059570312e+00 6.539701938629150391e+00 6.008201122283935547e+00 5.471450805664062500e+00 4.887984275817871094e+00 4.172883987426757812e+00 3.321421384811401367e+00 2.509401321411132812e+00 1.769904732704162598e+00 1.266791820526123047e+00 9.822802543640136719e-01
4.939654159545898438e+01 5.159141159057617188e+01 5.439384841918945312e+01 5.544257354736328125e+01 5.380439376831054688e+01 5.031337738037109375e+01 4.592131042480468750e+01 4.128411483764648438e+01 3.662952804565429688e+01 3.196254730224609375e+01 3.137507820129394531e+01 3.144117355346679688e+01 3.182598686218261719e+01 3.118195152282714844e+01 2.930231857299804688e+01 2.701220893859863281e+01 2.442764091491699219e+01 2.203850936889648438e+01 1.971044158935546875e+01 1.740574455261230469e+01 1.541720867156982422e+01 1.350580501556396484e+01 1.192711544036865234e+01 1.077365493774414062e+01 9.406222343444824219e+00 8.193816184997558594e+00 7.200575351715087891e+00 6.194540500640869141e+00 5.139215946197509766e+00 4.059606075286865234e+00 3.003473997116088867e+00 2.109959840774536133e+00 1.450189709663391113e+00 1.031320333480834961e+00 6.809423565864562988e-01 8.776968121528625488e-01 5.418678522109985352e-01
3.613666152954101562e+01 3.828261947631835938e+01 4.114509582519531250e+01 4.227556228637695312e+01 4.048508071899414062e+01 3.637311172485351562e+01 3.120544433593750000e+01 2.577832984924316406e+01 2.097574615478515625e+01 1.719668006896972656e+01 1.730516052246093750e+01 1.904234313964843750e+01 2.049660301208496094e+01 1.977923583984375000e+01 1.752695846557617188e+01 1.545893096923828125e+01 1.321667480468750000e+01 1.112520694732666016e+01 9.151717185974121094e+00 7.384543418884277344e+00 5.864449024200439453e+00 4.633695602416992188e+00 3.719547510147094727e+00 3.002301216125488281e+00 2.421253681182861328e+00 1.956596374511718750e+00 1.588759779930114746e+00 1.292159080505371094e+00 1.048810839653015137e+00 8.523094058036804199e-01 7.048742175102233887e-01 5.869080424308776855e-01 4.978446364402770996e-01 4.349611401557922363e-01 3.761343061923980713e-01 1.017553329467773438e+00 5.173494219779968262e-01
2.440861701965332031e+01 2.664775276184082031e+01 2.890223312377929688e+01 2.954053878784179688e+01 2.782042312622070312e+01 2.394702911376953125e+01 1.864917755126953125e+01 1.339644145965576172e+01 9.937051773071289062e+00 9.122662544250488281e+00 1.049078273773193359e+01 1.265371799468994141e+01 1.383877468109130859e+01 1.296640396118164062e+01 1.045201396942138672e+01 7.582007408142089844e+00 5.371443271636962891e+00 3.952536582946777344e+00 3.150690078735351562e+00 2.479023218154907227e+00 1.961904764175415039e+00 1.563161611557006836e+00 1.271510124206542969e+00 1.054653167724609375e+00 8.892624378204345703e-01 7.622032165527343750e-01 6.704176068305969238e-01 6.003062725067138672e-01 5.509307384490966797e-01 5.116848945617675781e-01 4.759091436862945557e-01 4.425230026245117188e-01 4.169734120368957520e-01 3.995500504970550537e-01 3.924211263656616211e-01 1.107006430625915527e+00 3.972230851650238037e-01
1.443066978454589844e+01 1.655611038208007812e+01 1.861023902893066406e+01 1.931996726989746094e+01 1.811947631835937500e+01 1.506541824340820312e+01 1.076792621612548828e+01 6.705023765563964844e+00 4.468014240264892578e+00 4.359236717224121094e+00 5.621258258819580078e+00 7.153334617614746094e+00 7.764887332916259766e+00 6.940455913543701172e+00 5.174145221710205078e+00 3.702821969985961914e+00 2.867793083190917969e+00 2.351861476898193359e+00 1.872847318649291992e+00 1.547984719276428223e+00 1.304509878158569336e+00 1.116399168968200684e+00 9.681596755981445312e-01 8.466643691062927246e-01 7.470371723175048828e-01 6.676754355430603027e-01 6.109750866889953613e-01 5.744627714157104492e-01 5.569505095481872559e-01 5.487658977508544922e-01 5.383890271186828613e-01 5.250950455665588379e-01 5.147896409034729004e-01 5.049980878829956055e-01 4.995600283145904541e-01 1.020905137062072754e+00 5.015883445739746094e-01
6.753784656524658203e+00 8.323760986328125000e+00 9.871239662170410156e+00 1.051263141632080078e+01 9.795813560485839844e+00 7.745243072509765625e+00 4.948825359344482422e+00 3.097346305847167969e+00 2.171329975128173828e+00 1.668771266937255859e+00 2.325909852981567383e+00 3.040710210800170898e+00 3.220632314682006836e+00 2.743477106094360352e+00 2.206288814544677734e+00 1.833633780479431152e+00 1.569690465927124023e+00 1.383656263351440430e+00 1.230653047561645508e+00 1.108060717582702637e+00 1.005333542823791504e+00 9.264593720436096191e-01 8.715205788612365723e-01 8.295627832412719727e-01 7.962375283241271973e-01 7.695178985595703125e-01 7.480129003524780273e-01 7.281751632690429688e-01 7.094712257385253906e-01 6.865798830986022949e-01 6.577726006507873535e-01 6.307983994483947754e-01 6.060992479324340820e-01 5.825411677360534668e-01 5.622269511222839355e-01 5.468848943710327148e-01 9.272860288619995117e-01
2.185556650161743164e+00 2.958659887313842773e+00 3.773566007614135742e+00 4.146129608154296875e+00 3.804853200912475586e+00 2.814325571060180664e+00 1.755187392234802246e+00 1.247453451156616211e+00 1.038225650787353516e+00 1.001980185508728027e+00 9.754965305328369141e-01 9.561971426010131836e-01 9.289984107017517090e-01 8.842219114303588867e-01 8.921784758567810059e-01 8.056236505508422852e-01 8.143038153648376465e-01 7.479583621025085449e-01 7.132343649864196777e-01 6.833286881446838379e-01 6.570085883140563965e-01 6.142640709877014160e-01 8.000088930130004883e-01 7.503538727760314941e-01 5.664383769035339355e-01 5.211021900177001953e-01 5.086018443107604980e-01 4.899297952651977539e-01 4.683349430561065674e-01 4.507239460945129395e-01 4.367689490318298340e-01 4.332109689712524414e-01 4.358252286911010742e-01 4.355495572090148926e-01 4.325782358646392822e-01 4.249842464923858643e-01 1.191794991493225098e+00
8.693190217018127441e-01 7.797690033912658691e-01 9.065766930580139160e-01 1.169133663177490234e+00 1.227623224258422852e+00 1.154195427894592285e+00 1.029368877410888672e+00 9.053753614425659180e-01 7.817931771278381348e-01 6.781058907508850098e-01 6.016463041305541992e-01 5.717434287071228027e-01 5.449120402336120605e-01 5.241193175315856934e-01 5.130880475044250488e-01 5.056949853897094727e-01 5.155622363090515137e-01 5.045385360717773438e-01 4.969738423824310303e-01 4.939676523208618164e-01 4.994567334651947021e-01 4.949700236320495605e-01 1.063366055488586426e+00 6.364304423332214355e-01 4.882094562053680420e-01 4.804760813713073730e-01 4.737450182437896729e-01 4.683171808719635010e-01 4.625717401504516602e-01 4.564321041107177734e-01 4.505752921104431152e-01 4.472328126430511475e-01 4.445285201072692871e-01 4.366876184940338135e-01 4.276016950607299805e-01 4.163934588432312012e-01 3.995234966278076172e-01
2.594818174839019775e-01 2.578511834144592285e-01 2.517055571079254150e-01 4.129909276962280273e-01 3.326757848262786865e-01 3.974539935588836670e-01 4.033104777336120605e-01 3.698769807815551758e-01 3.118045032024383545e-01 2.587834298610687256e-01 2.205512821674346924e-01 1.977366507053375244e-01 1.827597916126251221e-01 1.716851592063903809e-01 1.632003784179687500e-01 1.570242494344711304e-01 1.654848456382751465e-01 1.786878854036331177e-01 1.971449106931686401e-01 2.048261761665344238e-01 2.011298686265945435e-01 4.755963385105133057e-01 9.413072466850280762e-01 4.423182010650634766e-01 2.756473124027252197e-01 2.438740283250808716e-01 2.245637476444244385e-01 2.112902104854583740e-01 2.011397927999496460e-01 1.927835941314697266e-01 1.868980973958969116e-01 1.862469613552093506e-01 1.921450197696685791e-01 1.971774548292160034e-01 2.003539204597473145e-01 2.030956000089645386e-01 2.051058262586593628e-01
7.607942819595336914e-02 7.650199532508850098e-02 7.787729054689407349e-02 9.150646626949310303e-02 9.429827332496643066e-02 1.288886517286300659e-01 1.864309310913085938e-01 2.163902968168258667e-01 2.161846458911895752e-01 2.044114917516708374e-01 1.861819773912429810e-01 1.681508272886276245e-01 1.516415923833847046e-01 1.600101143121719360e-01 1.739893406629562378e-01 1.855048686265945435e-01 1.811445206403732300e-01 1.757223755121231079e-01 1.709523499011993408e-01 1.666777133941650391e-01 1.632217913866043091e-01 3.925536572933197021e-01 6.402338147163391113e-01 3.182181715965270996e-01 2.721535861492156982e-01 2.475446015596389771e-01 2.320142090320587158e-01 2.221147119998931885e-01 2.164344638586044312e-01 2.138288170099258423e-01 2.142846733331680298e-01 2.174919694662094116e-01 2.202500849962234497e-01 2.196295261383056641e-01 2.166298478841781616e-01 2.121943086385726929e-01 2.056940943002700806e-01
1.776710525155067444e-02 2.179797925055027008e-02 2.583137527108192444e-02 2.906348370015621185e-02 4.829275235533714294e-02 4.218370094895362854e-02 4.706407338380813599e-02 8.293744921684265137e-02 1.220019757747650146e-01 1.397575587034225464e-01 1.446180343627929688e-01 1.429553627967834473e-01 1.394117176532745361e-01 1.343995481729507446e-01 1.304540485143661499e-01 1.264591962099075317e-01 1.224783062934875488e-01 1.215897202491760254e-01 1.173139959573745728e-01 1.151256114244461060e-01 1.139096990227699280e-01 2.553934454917907715e-01 3.001334667205810547e-01 1.825288832187652588e-01 1.593554019927978516e-01 1.539043933153152466e-01 1.505110710859298706e-01 1.492432504892349243e-01 1.494769006967544556e-01 1.495040953159332275e-01 1.490623503923416138e-01 1.479569673538208008e-01 1.437772512435913086e-01 1.354328840970993042e-01 1.249419301748275757e-01 1.130082234740257263e-01 1.001639664173126221e-01
2.134995302185416222e-03 3.504907945170998573e-03 5.674480926245450974e-03 7.360097486525774002e-03 3.533849865198135376e-02 2.029552310705184937e-02 1.510061509907245636e-02 1.736067980527877808e-02 3.276971355080604553e-02 5.665144324302673340e-02 8.181093633174896240e-02 9.937165677547454834e-02 1.193750798702239990e-01 1.141963005065917969e-01 1.092778518795967102e-01 2.402475178241729736e-01 9.838727861642837524e-02 8.247435092926025391e-02 8.242054283618927002e-02 8.374545723199844360e-02 8.634131401777267456e-02 2.540441155433654785e-01 1.759874373674392700e-01 1.091382354497909546e-01 8.560537546873092651e-02 7.813765108585357666e-02 7.321369647979736328e-02 6.861642748117446899e-02 6.373921781778335571e-02 5.821707844734191895e-02 5.223232135176658630e-02 4.572121053934097290e-02 3.838640823960304260e-02 3.079344891011714935e-02 2.389627136290073395e-02 1.805613934993743896e-02 1.351871993392705917e-02
